1.000000000 0.000000000 0.000000000 0.000000000 0.000000000 1.000000000 0.000000000 0.000000000 0.000000000 0.000000000 1.000000000 0.000000000
0.999999940 -0.000354687 -0.000203697 0.005710044 0.000354728 0.999999940 0.000202683 -0.002788282 0.000203625 -0.000202756 0.999999940 0.043107294
0.999999940 0.000097287 0.000267359 -0.001862601 -0.000097279 1.000000000 -0.000032238 0.000546856 -0.000267363 0.000032212 0.999999940 0.093758836
0.999999940 0.000166678 0.000300212 0.000705371 -0.000166652 1.000000000 -0.000088447 0.002424663 -0.000300227 0.000088397 0.999999940 0.147284448
0.999999821 0.000265092 0.000489347 -0.002349453 -0.000265015 0.999999940 -0.000158644 0.001318478 -0.000489389 0.000158514 0.999999881 0.203353807
0.999999762 0.000105945 0.000706133 -0.001993445 -0.000105939 1.000000000 -0.000008570 0.001980340 -0.000706133 0.000008495 0.999999762 0.263252348
0.999999464 0.000366863 0.000971278 -0.002066182 -0.000367115 0.999999881 0.000259779 0.000894316 -0.000971183 -0.000260135 0.999999523 0.322803199
0.999999642 0.000356173 0.000802550 0.002439209 -0.000356584 0.999999821 0.000511868 0.001812465 -0.000802367 -0.000512154 0.999999523 0.397583842
0.999999404 0.000289486 0.001057808 0.001043639 -0.000290125 0.999999762 0.000603753 0.001429722 -0.001057633 -0.000604060 0.999999285 0.463229299
0.999999285 0.000129232 0.001171432 0.001470961 -0.000130023 0.999999762 0.000675168 0.004038006 -0.001171344 -0.000675320 0.999999106 0.536702275
0.999999642 -0.000067908 0.000847083 0.003342971 0.000067263 0.999999702 0.000761197 0.004000985 -0.000847135 -0.000761140 0.999999344 0.615453362
0.999999821 -0.000341327 0.000429516 0.000303729 0.000341140 0.999999821 0.000433938 0.003913044 -0.000429664 -0.000433791 0.999999821 0.695582628
0.999999523 -0.000047545 -0.000990444 0.001326871 0.000047185 0.999999940 -0.000363371 0.004546867 0.000990461 0.000363324 0.999999464 0.788004518
0.999993443 -0.000306943 -0.003614116 -0.000878783 0.000303607 0.999999523 -0.000923553 0.000657311 0.003614397 0.000922450 0.999993026 0.883269966
0.999971032 -0.000617427 -0.007582996 -0.005920144 0.000606661 0.999998808 -0.001421960 0.003034895 0.007583864 0.001417318 0.999970257 0.996063530
0.999909818 -0.000694978 -0.013411409 -0.015344125 0.000672019 0.999998331 -0.001716311 0.004612101 0.013412580 0.001707143 0.999908566 1.111413956
0.999759912 -0.000806691 -0.021895370 -0.022990560 0.000765201 0.999997914 -0.001903249 0.007267202 0.021896858 0.001886038 0.999758482 1.247572541
0.999467611 -0.001404685 -0.032596968 -0.040875845 0.001354557 0.999997854 -0.001559859 0.004612880 0.032599088 0.001514874 0.999467373 1.388870120
0.998910069 -0.001436894 -0.046653930 -0.060845040 0.001373121 0.999998093 -0.001398939 0.001459603 0.046655852 0.001333353 0.998910129 1.533742666
0.997899771 -0.002434198 -0.064731449 -0.077649914 0.002374635 0.999996662 -0.000997083 0.003231557 0.064733662 0.000841275 0.997902215 1.700379968
0.996346414 -0.002259721 -0.085374191 -0.112459026 0.002237159 0.999997437 -0.000359946 -0.002818603 0.085374780 0.000167635 0.996348917 1.871651649
0.993975759 -0.001428340 -0.109590761 -0.163037196 0.001432237 0.999998987 -0.000043159 0.000633962 0.109590709 -0.000114061 0.993976772 2.066272974
0.990710855 -0.001361955 -0.135978594 -0.218240052 0.001392101 0.999999046 0.000126609 -0.003104370 0.135978296 -0.000314729 0.990711749 2.218498707
0.986171782 -0.001666370 -0.165718019 -0.277530670 0.001659048 0.999998629 -0.000182604 0.000583770 0.165718094 -0.000094855 0.986173153 2.426237583
0.980277956 -0.002454718 -0.197608590 -0.348158211 0.002427628 0.999996960 -0.000379335 0.001190851 0.197608933 -0.000107866 0.980280936 2.635189056
0.972650945 -0.003103994 -0.232251033 -0.428584039 0.003028302 0.999995172 -0.000682443 0.006330054 0.232252032 -0.000039547 0.972655654 2.862334490
0.963146746 -0.003199706 -0.268957347 -0.524950206 0.003157693 0.999994814 -0.000588818 0.006124939 0.268957853 -0.000282167 0.963151932 3.098990202
0.951464534 -0.001441528 -0.307754964 -0.639872253 0.001569777 0.999998748 0.000169166 0.012548828 0.307754338 -0.000644062 0.951465607 3.335779428
0.937536836 0.001107125 -0.347884297 -0.762865663 -0.000466596 0.999998033 0.001924987 0.015743423 0.347885728 -0.001642425 0.937535524 3.556637764
0.920884907 0.003426771 -0.389819533 -0.903420031 -0.002006614 0.999989808 0.004050273 0.024920993 0.389829427 -0.002947618 0.920882344 3.811415672
0.901679754 0.005642737 -0.432367742 -1.070858836 -0.003369146 0.999976158 0.006024299 0.028619913 0.432391435 -0.003975279 0.901677251 4.069303989
0.879264235 0.006621927 -0.476288289 -1.227158070 -0.003106111 0.999961793 0.008168546 0.028623240 0.476324201 -0.005702906 0.879251242 4.315020561
0.854446173 0.007761551 -0.519482017 -1.424158692 -0.002159378 0.999932826 0.011388186 0.032015741 0.519535482 -0.008608835 0.854405522 4.574906349
0.827200949 0.010187597 -0.561813891 -1.634830117 -0.000651394 0.999852359 0.017171629 0.038015734 0.561905861 -0.013838424 0.827085435 4.819737911
0.796988130 0.015414530 -0.603798211 -1.875242949 -0.002519169 0.999750435 0.022197707 0.043007687 0.603989720 -0.016170239 0.796828032 5.067472935
0.763682008 0.019952962 -0.645284235 -2.134868622 -0.004741509 0.999668658 0.025299467 0.065919541 0.645575225 -0.016261127 0.763523579 5.307209015
0.727157533 0.026792912 -0.685947597 -2.406354904 -0.007470860 0.999487758 0.031120010 0.069452688 0.686429977 -0.017504532 0.726985216 5.552342415
0.688983738 0.030941620 -0.724116027 -2.710854292 -0.007234119 0.999332130 0.035818521 0.088536926 0.724740684 -0.019440036 0.688747406 5.783241749
0.649860442 0.034838405 -0.759254754 -3.042286634 -0.005465232 0.999137282 0.041167624 0.103494689 0.760033965 -0.022603709 0.649490237 5.973599434
0.605407059 0.036831643 -0.795063376 -3.383741379 -0.002637153 0.999016047 0.044271760 0.125959769 0.795911670 -0.024705736 0.604908466 6.210828781
0.559585452 0.038522523 -0.827876925 -3.751558781 -0.000311074 0.998928845 0.046271600 0.149009973 0.828772664 -0.025635384 0.558997989 6.406855583
0.512293875 0.039560221 -0.857898593 -4.136597633 0.000957855 0.998911560 0.046634723 0.171483651 0.858809650 -0.024712423 0.511698365 6.584665298
0.464460969 0.039919265 -0.884693444 -4.536001205 0.001647403 0.998942852 0.045939326 0.196446419 0.885592103 -0.022794470 0.463904202 6.744637489
0.416655660 0.040326055 -0.908169508 -4.961483955 0.000239471 0.999010682 0.044469602 0.234786645 0.909064353 -0.018745992 0.416233778 6.897584438
0.367846906 0.039436232 -0.929049850 -5.405706406 0.003580838 0.999032795 0.043824662 0.254778236 0.929879546 -0.019447546 0.367349923 7.057729244
0.321516991 0.039881144 -0.946063697 -5.861338615 0.006546326 0.998995185 0.044337217 0.279690057 0.946881294 -0.020448415 0.320932865 7.170205116
0.275677383 0.039804477 -0.960425735 -6.334459305 0.009193005 0.998987436 0.044041377 0.314665198 0.961206257 -0.020970410 0.275032341 7.261266708
0.229782045 0.041666061 -0.972349823 -6.819632530 0.014196510 0.998833358 0.046155773 0.339005589 0.973138571 -0.024409745 0.228922486 7.352326393
0.186377466 0.046637293 -0.981370747 -7.324887753 0.014570537 0.998631656 0.050224751 0.363523066 0.982370198 -0.023659861 0.185442924 7.409726143
0.146098554 0.049881727 -0.988011777 -7.842857361 0.014208800 0.998519123 0.052513298 0.392097443 0.989168108 -0.021710584 0.145173430 7.448457241
0.109879613 0.050879750 -0.992641807 -8.365996361 0.014478725 0.998501062 0.052782789 0.422001570 0.993839443 -0.020171942 0.108978271 7.479925156
0.078995347 0.050588761 -0.995590568 -8.914401054 0.013616482 0.998563588 0.051820237 0.456048846 0.996782064 -0.017650001 0.078193009 7.486167908
0.051102102 0.050211471 -0.997430503 -9.469664574 0.013771971 0.998604894 0.050976183 0.489556938 0.998598576 -0.016341576 0.050339282 7.494099617
0.026611269 0.049444597 -0.998422384 -10.024744034 0.015928756 0.998628199 0.049879353 0.521995127 0.999519050 -0.017230982 0.025787175 7.496727943
0.005200624 0.049788792 -0.998746336 -10.597397804 0.019823788 0.998558342 0.049882650 0.555654347 0.999790072 -0.020058358 0.004206121 7.489408493
-0.013320804 0.050272699 -0.998646796 -11.183516502 0.021431109 0.998520255 0.049980465 0.586913288 0.999681711 -0.020736324 -0.014378548 7.460184097
-0.029370070 0.049704771 -0.998332024 -11.781470299 0.020591054 0.998581052 0.049111396 0.618010879 0.999356508 -0.019114304 -0.030351877 7.429829597
-0.042646527 0.049512360 -0.997862637 -12.383118629 0.018761517 0.998634875 0.048748851 0.652907968 0.998914063 -0.016642448 -0.043517232 7.386343956
-0.053310513 0.049786590 -0.997336209 -12.984235764 0.017756902 0.998645663 0.048902806 0.683406651 0.998420238 -0.015102568 -0.054122448 7.343288422
-0.060768962 0.050495137 -0.996873796 -13.645207405 0.017622512 0.998618186 0.049509235 0.725999236 0.997996271 -0.014558798 -0.061574817 7.298986435
-0.065197825 0.052386105 -0.996496379 -14.282823563 0.018730631 0.998509347 0.051266443 0.763344765 0.997696579 -0.015322546 -0.066081882 7.249682426
-0.068131089 0.055343259 -0.996140301 -14.955234528 0.020359110 0.998329461 0.054072428 0.804882824 0.997468770 -0.016596517 -0.069144011 7.213418961
-0.070362926 0.056748677 -0.995905936 -15.624229431 0.018619943 0.998281240 0.055568486 0.840079784 0.997347653 -0.014633747 -0.071298718 7.161670685
-0.072123170 0.055997632 -0.995822608 -16.285221100 0.017969079 0.998333573 0.054837417 0.879959345 0.997233927 -0.013938973 -0.073009253 7.107393265
-0.074545145 0.055133797 -0.995692432 -16.968967438 0.018465271 0.998375595 0.053899925 0.924762249 0.997046709 -0.014367755 -0.075442076 7.055805206
-0.076789021 0.053596523 -0.995605946 -17.650585175 0.018858802 0.998453557 0.052295294 0.965107083 0.996869147 -0.014760236 -0.077681065 7.003662109
-0.077327847 0.053038906 -0.995593965 -18.334312439 0.017821472 0.998497963 0.051809423 0.999898434 0.996846437 -0.013736642 -0.078156829 6.932607651
-0.077609301 0.054638736 -0.995485663 -19.037723541 0.016332546 0.998432815 0.053527199 1.044050932 0.996850193 -0.012104613 -0.078380108 6.878673553
-0.077324629 0.057289384 -0.995358765 -19.754550934 0.015972309 0.998290777 0.056217339 1.085956573 0.996878088 -0.011551193 -0.078107595 6.819261551
-0.077489734 0.058273304 -0.995288670 -20.493495941 0.014869544 0.998246908 0.057288814 1.131674647 0.996882200 -0.010360187 -0.078220487 6.763626099
-0.076771736 0.055416144 -0.995507538 -21.229511261 0.013553157 0.998420000 0.054533079 1.175671101 0.996956587 -0.009305676 -0.077401519 6.689085007
-0.077021956 0.051642321 -0.995691180 -21.964534760 0.013933027 0.998615921 0.050716229 1.219825506 0.996932149 -0.009966734 -0.077634931 6.636100769
-0.076775193 0.048640724 -0.995861292 -22.719776154 0.016090972 0.998739660 0.047540788 1.266165018 0.996918619 -0.012374422 -0.077461123 6.580001831
-0.076044202 0.048667442 -0.995916009 -23.493923187 0.015578504 0.998744190 0.047616139 1.314233303 0.996982753 -0.011893952 -0.076706886 6.506837845
-0.075950027 0.052564524 -0.995725214 -24.275287628 0.015798891 0.998547554 0.051508442 1.360858798 0.996986508 -0.011819284 -0.076670170 6.449245453
-0.076146126 0.056401927 -0.995500326 -25.049804688 0.017620403 0.998319089 0.055213850 1.402565002 0.996941149 -0.013336807 -0.077011943 6.387821198
-0.076895475 0.058254626 -0.995335817 -25.861743927 0.019310948 0.998191416 0.056929871 1.447129726 0.996852100 -0.014843234 -0.077881336 6.327173233
-0.077386260 0.058391944 -0.995289862 -26.653015137 0.023806967 0.998107016 0.056706175 1.496352196 0.996716976 -0.019306550 -0.078629971 6.269849777
-0.078048110 0.056728933 -0.995334387 -27.444816589 0.026725102 0.998139977 0.054793227 1.542191267 0.996591449 -0.022323905 -0.079419017 6.209972382
-0.078579664 0.053266756 -0.995483875 -28.278152466 0.027637526 0.998304069 0.051236067 1.592216611 0.996524811 -0.023486594 -0.079918623 6.133338928
-0.079871297 0.049304817 -0.995585203 -29.090435028 0.027784694 0.998498023 0.047220036 1.639193296 0.996418059 -0.023890505 -0.081121206 6.066520691
-0.080727100 0.046383269 -0.995656550 -29.903530121 0.029844709 0.998581231 0.044099741 1.682924032 0.996289432 -0.026155038 -0.081996799 5.999385834
-0.081197381 0.045280978 -0.995669067 -30.741172791 0.032411218 0.998559117 0.042769272 1.724380016 0.996171057 -0.028798101 -0.082547903 5.929534912
-0.081821442 0.046411823 -0.995565772 -31.574531555 0.032121774 0.998519003 0.043909542 1.766667843 0.996129215 -0.028386598 -0.083191156 5.859645844
-0.082541466 0.048656948 -0.995399177 -32.425125122 0.031995095 0.998421907 0.046151582 1.807452679 0.996073902 -0.028038472 -0.083967924 5.785228729
-0.082644582 0.049793437 -0.995334506 -33.280380249 0.033274747 0.998332024 0.047180537 1.851031899 0.996023536 -0.029220294 -0.084163547 5.700119019
-0.083111405 0.051490098 -0.995209157 -34.136150360 0.033713840 0.998237908 0.048831303 1.896115541 0.995969832 -0.029493881 -0.084700942 5.629913330
-0.082497358 0.052157074 -0.995225608 -34.989082336 0.035376325 0.998153448 0.049378071 1.939857006 0.995963275 -0.031133870 -0.084190130 5.551063538
-0.083169341 0.051115874 -0.995223701 -35.846885681 0.034664225 0.998227656 0.048373327 1.983326197 0.995932400 -0.030475477 -0.084793806 5.477848053
-0.083742619 0.050606605 -0.995201707 -36.700649261 0.035382632 0.998230875 0.047783326 2.028099060 0.995859206 -0.031211356 -0.085385084 5.404777527
-0.084196568 0.050383560 -0.995174706 -37.564155579 0.035471253 0.998239458 0.047537688 2.073606491 0.995817721 -0.031297579 -0.085835576 5.327198029
-0.084377408 0.049771860 -0.995190024 -38.439037323 0.036495849 0.998235941 0.046829883 2.121088028 0.995765269 -0.032368921 -0.086045027 5.246776581
-0.085114598 0.049458377 -0.995142937 -39.305171967 0.039300188 0.998156667 0.046246815 2.164579868 0.995595872 -0.035173025 -0.086901426 5.173324585
-0.085685968 0.046427272 -0.995240033 -40.176876068 0.042504348 0.998174608 0.042904738 2.205546618 0.995415330 -0.038625695 -0.087502956 5.093936920
-0.086675048 0.045084909 -0.995216131 -41.050247192 0.046102412 0.998086751 0.041199829 2.249488592 0.995169520 -0.042310864 -0.088587761 5.018676758
-0.087718487 0.046444878 -0.995062113 -41.947109222 0.046250574 0.998025119 0.042506028 2.295012474 0.995071173 -0.042293631 -0.089693308 4.932723999
-0.089049101 0.051338915 -0.994703352 -42.839511871 0.046656240 0.997789502 0.047321394 2.338454962 0.994934022 -0.042195193 -0.091247439 4.846317291
-0.090010762 0.054493025 -0.994449019 -43.749477386 0.047826335 0.997586548 0.050336048 2.383745193 0.994791985 -0.043030068 -0.092399716 4.765254974
-0.091308236 0.054817174 -0.994313002 -44.637802124 0.047245096 0.997597873 0.050659753 2.430403471 0.994701505 -0.042350762 -0.093678713 4.676048279
-0.092340708 0.053399395 -0.994294584 -45.572986603 0.046081197 0.997720242 0.049303785 2.477257729 0.994660616 -0.041265532 -0.094590902 4.583572388
-0.093860865 0.051956374 -0.994228661 -46.491317749 0.043674041 0.997890890 0.048024673 2.531173706 0.994626880 -0.038914341 -0.095932007 4.491691589
-0.095163465 0.052835800 -0.994058669 -47.413585663 0.042645477 0.997890055 0.048956912 2.575862408 0.994547963 -0.037733193 -0.097215891 4.391979218
-0.096709132 0.054464284 -0.993821502 -48.341979980 0.043115411 0.997793674 0.050486401 2.624546528 0.994378507 -0.037966527 -0.098843932 4.307922363
-0.098439455 0.055646788 -0.993586004 -49.265525818 0.040182237 0.997843325 0.051904179 2.676653624 0.994331479 -0.034815092 -0.100463152 4.210575104
-0.099348307 0.055780441 -0.993488073 -50.185970306 0.038261779 0.997903287 0.052202184 2.727790833 0.994316876 -0.032826424 -0.101274252 4.104511261
-0.101419687 0.054799587 -0.993333519 -51.130058289 0.038522288 0.997949243 0.051121105 2.773100138 0.994097829 -0.033080801 -0.103322625 4.008293152
-0.102406144 0.054318827 -0.993258655 -52.055889130 0.039336752 0.997948110 0.050519627 2.827603817 0.993964791 -0.033898056 -0.104332685 3.910087585
-0.103563428 0.054483391 -0.993129492 -52.981010437 0.039819397 0.997925162 0.050594125 2.875015736 0.993825436 -0.034306116 -0.105518103 3.806510925
-0.105127096 0.055707809 -0.992897391 -53.908283234 0.040896658 0.997827291 0.051654320 2.913394451 0.993617654 -0.035175920 -0.107177019 3.712051392
-0.106504798 0.055979535 -0.992735207 -54.836486816 0.040270053 0.997837603 0.051946923 2.966614246 0.993496478 -0.034444910 -0.108528733 3.611968994
-0.107429266 0.056114689 -0.992627919 -55.759941101 0.039334528 0.997864127 0.052153639 3.020176411 0.993434370 -0.033441722 -0.109407067 3.509208679
-0.107861638 0.056894798 -0.992536604 -56.688438416 0.037691917 0.997877359 0.053104859 3.057179928 0.993451178 -0.031682629 -0.109777093 3.398178101
-0.108664870 0.058029238 -0.992383361 -57.618316650 0.033843528 0.997931957 0.054647870 3.112276554 0.993502259 -0.027647451 -0.110404134 3.298583984
-0.108238816 0.059628952 -0.992335021 -58.537120819 0.029775525 0.997946143 0.056718364 3.166493654 0.993678927 -0.023408169 -0.109791994 3.189132690
-0.106520176 0.061512124 -0.992406070 -59.474521637 0.025937388 0.997916818 0.059069704 3.217848301 0.993972242 -0.019448303 -0.107893825 3.062820435
-0.104658365 0.062988155 -0.992511630 -60.401000977 0.026258849 0.997819364 0.060556065 3.275891304 0.994161606 -0.019724514 -0.106084108 2.966415405
-0.103139520 0.063942835 -0.992609441 -61.326332092 0.026636997 0.997751176 0.061506275 3.331633568 0.994310141 -0.020096406 -0.104610801 2.875076294
-0.101468921 0.062983952 -0.992843032 -62.259494781 0.028454643 0.997769296 0.060388397 3.388347626 0.994431794 -0.022123456 -0.103034735 2.783256531
-0.099751711 0.060389712 -0.993178010 -63.177619934 0.028271986 0.997925520 0.057838831 3.439429760 0.994610608 -0.022309599 -0.101252079 2.663841248
-0.098760009 0.057682451 -0.993438125 -64.100402832 0.028620703 0.998070240 0.055106159 3.500323534 0.994699657 -0.022990618 -0.100220323 2.570190430
-0.098164797 0.056372683 -0.993572354 -65.026802063 0.028301084 0.998148620 0.053836200 3.559222460 0.994767785 -0.022834361 -0.099578500 2.483444214
-0.097310185 0.056215625 -0.993665218 -65.970108032 0.025809433 0.998210311 0.053945228 3.610619307 0.994919419 -0.020396518 -0.098586917 2.383987427
-0.096622944 0.056400470 -0.993721783 -66.914115906 0.024542347 0.998224676 0.054269705 3.650802135 0.995018423 -0.019144565 -0.097835660 2.280197144
-0.096580982 0.055273198 -0.993789196 -67.854591370 0.023557536 0.998304129 0.053234883 3.708061934 0.995046318 -0.018269751 -0.097719312 2.195793152
-0.096685290 0.054130100 -0.993842065 -68.796630859 0.022625007 0.998381555 0.052176293 3.765793800 0.995057881 -0.017441006 -0.097753525 2.110778809
-0.095298648 0.054042570 -0.993980706 -69.753646851 0.023271298 0.998373270 0.052050244 3.812946320 0.995176733 -0.018170901 -0.096401334 1.997337341
-0.095013261 0.053342167 -0.994045913 -70.694480896 0.024673453 0.998382747 0.051216546 3.866271973 0.995170295 -0.019660298 -0.096175671 1.916709900
-0.093796730 0.052809544 -0.994189918 -71.654304504 0.027046753 0.998358786 0.050479274 3.916728020 0.995224059 -0.022154817 -0.095071197 1.815567017
-0.093451858 0.051679190 -0.994281650 -72.604171753 0.028945763 0.998370826 0.049171142 3.971910000 0.995202899 -0.024185112 -0.094795465 1.725448608
-0.093382835 0.051265184 -0.994309723 -73.567230225 0.031099217 0.998336375 0.048552051 4.021387577 0.995144606 -0.026388329 -0.094821811 1.641662598
-0.092311263 0.050610617 -0.994443178 -74.526077271 0.033490479 0.998300195 0.047698088 4.073029995 0.995166838 -0.028901303 -0.093849421 1.553886414
-0.091339111 0.051474586 -0.994488716 -75.496879578 0.033601902 0.998253763 0.048583299 4.127206802 0.995252907 -0.028979160 -0.092909217 1.467712402
-0.089689374 0.053529937 -0.994530320 -76.456237793 0.033097658 0.998163283 0.050740652 4.179952145 0.995419800 -0.028365735 -0.091296315 1.380737305
-0.088304996 0.054857742 -0.994581819 -77.476852417 0.031392615 0.998139620 0.052266758 4.237236977 0.995598733 -0.026607109 -0.089862823 1.279075623
-0.086953759 0.054716621 -0.994708717 -78.453819275 0.031544950 0.998141050 0.052147891 4.290712357 0.995712936 -0.026843583 -0.088518143 1.184181213
-0.086044908 0.054685496 -0.994789302 -79.444946289 0.031454027 0.998143852 0.052149262 4.342765331 0.995794594 -0.026802951 -0.087605238 1.096076965
-0.085409641 0.054876313 -0.994833589 -80.436424255 0.032695107 0.998098731 0.052249439 4.399747849 0.995809376 -0.028063580 -0.087041497 1.014419556
-0.084994316 0.055147339 -0.994854093 -81.420425415 0.032661084 0.998084784 0.052536059 4.453865528 0.995845973 -0.028027743 -0.086632729 0.929817200
-0.084704161 0.054073773 -0.994937897 -82.403045654 0.032840379 0.998135388 0.051451687 4.507779598 0.995864928 -0.028315965 -0.086322069 0.846015930
-0.084984183 0.054002445 -0.994917810 -83.403884888 0.032635789 0.998145282 0.051389929 4.562413692 0.995847702 -0.028102590 -0.086588979 0.749397278
-0.085432291 0.054136567 -0.994872153 -84.395393372 0.032379054 0.998146176 0.051534254 4.616115093 0.995817721 -0.027810335 -0.087026715 0.665733337
-0.085416079 0.055344433 -0.994807065 -85.375221252 0.030357420 0.998137057 0.052923143 4.675223351 0.995882809 -0.025679287 -0.086937070 0.566352844
-0.086255550 0.056212503 -0.994686067 -86.348564148 0.028691558 0.998133004 0.053919278 4.731689453 0.995859921 -0.023888251 -0.087707400 0.479255676
-0.086650968 0.056758925 -0.994620562 -87.338951111 0.026809134 0.998147011 0.054624565 4.784868717 0.995877922 -0.021931639 -0.088012099 0.389572144
-0.087046742 0.055992089 -0.994629622 -88.313606262 0.026935497 0.998186469 0.053835027 4.837479115 0.995840192 -0.022104690 -0.088397026 0.297912598
-0.086996198 0.055837315 -0.994642556 -89.297843933 0.024854865 0.998238862 0.053865280 4.896130562 0.995898485 -0.020035634 -0.088230729 0.199371338
-0.086994529 0.056028295 -0.994632065 -90.266822815 0.024021467 0.998244882 0.054130800 4.952359200 0.995919228 -0.019183446 -0.088187695 0.101959229
-0.087226629 0.057779331 -0.994511604 -91.243469238 0.023693731 0.998154461 0.055912856 5.001353741 0.995906830 -0.018686606 -0.088434696 0.019294739
-0.086489916 0.057958487 -0.994565487 -92.206352234 0.021027939 0.998190105 0.056341078 5.055685043 0.996030867 -0.016040731 -0.087552071 -0.078651428
-0.084727407 0.058720771 -0.994672477 -93.182769775 0.019093247 0.998174369 0.057301130 5.113381386 0.996221304 -0.014136559 -0.085693836 -0.168228149
-0.083686471 0.058296595 -0.994785488 -94.126808167 0.016908843 0.998226643 0.057075795 5.167933464 0.996348739 -0.012044201 -0.084523797 -0.255729675
-0.082765818 0.057731234 -0.994895637 -95.082778931 0.015745169 0.998271763 0.056617308 5.224287987 0.996444821 -0.010978829 -0.083531737 -0.337974548
-0.081759095 0.056364529 -0.995057046 -96.018836975 0.015824763 0.998347104 0.055250648 5.277703762 0.996526539 -0.011229294 -0.082515955 -0.419433594
-0.081392527 0.053530142 -0.995243609 -97.008010864 0.013843777 0.998521030 0.052574258 5.332178116 0.996586025 -0.009498779 -0.082013130 -0.509483337
-0.081255198 0.051892303 -0.995341599 -97.970436096 0.013723074 0.998607337 0.050942276 5.387381554 0.996598959 -0.009519824 -0.081854224 -0.591606140
-0.081379533 0.053006180 -0.995272696 -98.904037476 0.015328175 0.998533249 0.051926509 5.441233635 0.996565282 -0.011029964 -0.082072616 -0.678878784
-0.082440138 0.056279570 -0.995005608 -99.847030640 0.015806034 0.998352468 0.055159278 5.488909245 0.996470630 -0.011179754 -0.083193898 -0.760581970
-0.083865285 0.058567297 -0.994754553 -100.784156799 0.016610716 0.998214781 0.057370618 5.543933868 0.996338725 -0.011712181 -0.084688425 -0.838188171
-0.086186767 0.059059128 -0.994527042 -101.712951660 0.016825257 0.998185337 0.057818282 5.593754768 0.996137023 -0.011750003 -0.087024093 -0.919647217
-0.087923408 0.057681285 -0.994455874 -102.643058777 0.018451409 0.998245120 0.056269716 5.645688057 0.995956421 -0.013401688 -0.088833332 -1.008239746
-0.089715242 0.054939076 -0.994451046 -103.587501526 0.018894151 0.998391628 0.053452227 5.704650879 0.995788276 -0.013993829 -0.090609074 -1.092422485
-0.091898918 0.053201750 -0.994346201 -104.507461548 0.021259135 0.998448908 0.051456474 5.754109859 0.995541453 -0.016410153 -0.092887402 -1.173011780
-0.093641400 0.053560145 -0.994164288 -105.446594238 0.025198914 0.998359561 0.051412653 5.803951263 0.995287061 -0.020237509 -0.094837427 -1.273185730
-0.095733047 0.056317791 -0.993812680 -106.379280090 0.028695991 0.998139381 0.053798728 5.856224060 0.994993448 -0.023368130 -0.097170949 -1.361999512
-0.098426223 0.060782641 -0.993286431 -107.304290771 0.028071672 0.997905314 0.058283627 5.910983086 0.994748414 -0.022146571 -0.099926353 -1.462547302
-0.101329684 0.064384364 -0.992767513 -108.231483459 0.029735452 0.997653782 0.061666239 5.957722664 0.994408607 -0.023271779 -0.103006482 -1.560409546
-0.103769064 0.064391710 -0.992515028 -109.140457153 0.028490189 0.997685015 0.061748449 6.012032986 0.994193435 -0.021869365 -0.105363369 -1.660209656
-0.105938196 0.060806964 -0.992511988 -110.064758301 0.022714507 0.998016059 0.058719702 6.078330994 0.994113445 -0.016323771 -0.107109189 -1.766479492
-0.108412743 0.058287889 -0.992395699 -111.001457214 0.019438624 0.998212993 0.056506023 6.136958599 0.993915915 -0.013164833 -0.109352112 -1.879859924
-0.111142397 0.058298372 -0.992093146 -111.918296814 0.018909737 0.998221219 0.056540057 6.192315578 0.993624628 -0.012476226 -0.112047076 -1.983627319
-0.113789439 0.060015030 -0.991690695 -112.829582214 0.018916933 0.998123705 0.058233771 6.250558853 0.993324935 -0.012133360 -0.114711285 -2.095146179
-0.115955949 0.061363373 -0.991356969 -113.761413574 0.020201476 0.998029053 0.059413455 6.298216343 0.993048847 -0.013137527 -0.116967082 -2.207313538
-0.119063497 0.060142808 -0.991063535 -114.681884766 0.022569479 0.998069763 0.057856556 6.356827736 0.992630184 -0.015479187 -0.120190978 -2.305068970
-0.121343493 0.058376528 -0.990892589 -115.600639343 0.024260029 0.998145342 0.055832967 6.410071850 0.992314160 -0.017264124 -0.122534633 -2.414222717
-0.122334599 0.056908499 -0.990856171 -116.506263733 0.024345275 0.998226404 0.054326057 6.463748932 0.992190421 -0.017476713 -0.123503089 -2.542953491
-0.123312950 0.056442488 -0.990761518 -117.415222168 0.024367647 0.998252392 0.053836379 6.519186020 0.992068708 -0.017503807 -0.124472857 -2.660293579
-0.124140620 0.055516772 -0.990710378 -118.335006714 0.023557568 0.998317063 0.052991163 6.570473671 0.991985023 -0.016760377 -0.125239491 -2.781921387
-0.124538779 0.056169748 -0.990623772 -119.273971558 0.024536222 0.998265386 0.053518422 6.619798660 0.991911530 -0.017641054 -0.125700951 -2.895889282
-0.124889374 0.056358226 -0.990568757 -120.190895081 0.024136296 0.998262525 0.053752895 6.671105385 0.991877079 -0.017195491 -0.126032710 -3.013641357
-0.124436021 0.057016436 -0.990588248 -121.104118347 0.022697110 0.998249948 0.054606270 6.720769882 0.991968155 -0.015688512 -0.125512362 -3.136459351
-0.123800874 0.054612905 -0.990803123 -122.037345886 0.020824723 0.998407423 0.052430004 6.774384499 0.992088556 -0.014142320 -0.124741077 -3.259750366
-0.122741938 0.051905714 -0.991080523 -122.952377319 0.020100066 0.998556554 0.049807940 6.824025154 0.992235243 -0.013807264 -0.123608112 -3.376434326
-0.121803045 0.050227191 -0.991282761 -123.888069153 0.020187777 0.998637557 0.048119303 6.877548218 0.992349088 -0.014150723 -0.122650981 -3.494338989
-0.120778561 0.052198306 -0.991306305 -124.817642212 0.020189667 0.998539150 0.050119307 6.924375534 0.992474318 -0.013960814 -0.121655941 -3.605667114
-0.119713664 0.053952828 -0.991341412 -125.764091492 0.020528419 0.998443305 0.051860347 6.976842880 0.992596209 -0.014142279 -0.120634913 -3.718124390
-0.118592143 0.053513590 -0.991499960 -126.699211121 0.022229860 0.998439491 0.051229250 7.030949593 0.992694199 -0.015965523 -0.119596720 -3.824737549
-0.117161632 0.051854499 -0.991758168 -127.643302917 0.021799276 0.998529613 0.049633279 7.081371307 0.992873549 -0.015804498 -0.118119717 -3.945297241
-0.116243601 0.051599167 -0.991879642 -128.576049805 0.021834278 0.998541057 0.049386840 7.136539459 0.992980838 -0.015916077 -0.117200613 -4.052886963
-0.114961982 0.051507626 -0.992033780 -129.534317017 0.022116272 0.998539984 0.049282495 7.181625366 0.993123829 -0.016274478 -0.115933299 -4.163024902
-0.113947868 0.050896946 -0.992182314 -130.472518921 0.023172958 0.998551309 0.048562359 7.237156868 0.993216634 -0.017458227 -0.114962220 -4.260208130
-0.112461805 0.051476277 -0.992321789 -131.421600342 0.023143306 0.998521984 0.049175031 7.282002449 0.993386507 -0.017435296 -0.113486886 -4.378173828
-0.111642957 0.054377563 -0.992259622 -132.369705200 0.023564249 0.998365879 0.052060898 7.337260246 0.993469059 -0.017569626 -0.112741828 -4.476699829
-0.109804392 0.057986576 -0.992260337 -133.308990479 0.024177292 0.998157263 0.055655707 7.386536598 0.993659139 -0.017878924 -0.111004114 -4.599487305
-0.108805299 0.057592191 -0.992393494 -134.259811401 0.024381585 0.998174548 0.055254523 7.440545082 0.993764222 -0.018184150 -0.110010862 -4.702575684
-0.107473373 0.054881852 -0.992691994 -135.162658691 0.025050502 0.998307705 0.052480236 7.486509323 0.993892252 -0.019227201 -0.108666420 -4.802169800
-0.106665373 0.050892018 -0.992991805 -136.101715088 0.028168961 0.998443067 0.048145548 7.534653664 0.993896008 -0.022836089 -0.107932925 -4.894287109
-0.105713129 0.049282838 -0.993174851 -137.013809204 0.029462548 0.998487890 0.046410512 7.583255768 0.993960261 -0.024355264 -0.107005239 -4.993637085
-0.105306149 0.048737843 -0.993244827 -137.941482544 0.029784251 0.998504758 0.045838147 7.628386021 0.993993759 -0.024756011 -0.106600404 -5.081634521
-0.104614735 0.050709419 -0.993219137 -138.847824097 0.032108262 0.998350799 0.047589485 7.671791553 0.993994355 -0.026911978 -0.106070399 -5.186248779
-0.104040384 0.052110221 -0.993206978 -139.754028320 0.034382772 0.998218000 0.048771471 7.713263988 0.993978560 -0.029075006 -0.105646729 -5.275650024
-0.103366971 0.054377925 -0.993155718 -140.669296265 0.033716973 0.998122156 0.051140606 7.762588501 0.994071662 -0.028199954 -0.105006337 -5.374191284
-0.103079319 0.057406921 -0.993015409 -141.569366455 0.033448745 0.997968554 0.054221164 7.808088303 0.994110823 -0.027626043 -0.104790092 -5.463958740
-0.102369547 0.061692502 -0.992831647 -142.470748901 0.032403018 0.997752190 0.058657233 7.857787609 0.994218647 -0.026166037 -0.104138374 -5.564712524
-0.101940393 0.063319325 -0.992773235 -143.382247925 0.032498129 0.997651517 0.060293470 7.921701431 0.994259477 -0.026116930 -0.103758812 -5.661270142
-0.101829648 0.064215206 -0.992727220 -144.273544312 0.030384399 0.997649610 0.061416924 7.977471352 0.994337797 -0.023909355 -0.103541493 -5.751861572
-0.101692319 0.063138753 -0.992810249 -145.157318115 0.027503438 0.997780859 0.060637724 8.034267426 0.994435668 -0.021139309 -0.103203177 -5.843948364
-0.101111174 0.063336730 -0.992857099 -146.029098511 0.025129151 0.997815669 0.061093938 8.077251434 0.994557858 -0.018772382 -0.102481842 -5.950393677
-0.100578666 0.063182756 -0.992920935 -146.906661987 0.023158869 0.997859836 0.061151143 8.131662369 0.994659603 -0.016844431 -0.101826668 -6.058441162
-0.100587845 0.064058848 -0.992863894 -147.755859375 0.021601539 0.997830510 0.062190827 8.186314583 0.994693756 -0.015191750 -0.101753354 -6.142578125
-0.100984216 0.065760434 -0.992712438 -148.600311279 0.020244002 0.997742355 0.064034313 8.240711212 0.994682193 -0.013630026 -0.102087498 -6.224441528
-0.100626349 0.067297317 -0.992645741 -149.416717529 0.019286063 0.997654200 0.065681815 8.282327652 0.994737446 -0.012534912 -0.101688266 -6.306610107
-0.100231171 0.067335896 -0.992683172 -150.235549927 0.019729827 0.997645617 0.065680407 8.330051422 0.994768679 -0.013002245 -0.101323724 -6.392883301
-0.099265099 0.066452444 -0.992839634 -150.992706299 0.020447865 0.997693121 0.064732894 8.374980927 0.994850874 -0.013875733 -0.100394964 -6.496780396
-0.099851370 0.065358706 -0.992853463 -151.769256592 0.020209789 0.997767627 0.063649707 8.425140381 0.994797111 -0.013709853 -0.100949287 -6.569534302
-0.100997806 0.064362414 -0.992802680 -152.531661987 0.019756440 0.997838199 0.062679052 8.468752861 0.994690597 -0.013283812 -0.102051020 -6.647613525
-0.102043986 0.064064220 -0.992715001 -153.275207520 0.020340726 0.997849882 0.062304724 8.509448051 0.994572043 -0.013834727 -0.103127718 -6.734436035
-0.103774309 0.063050531 -0.992600381 -154.039199829 0.020554276 0.997911453 0.061238986 8.568660736 0.994388461 -0.014047144 -0.104853630 -6.807113647
-0.105013847 0.063282497 -0.992455184 -154.775146484 0.021166218 0.997889459 0.061389361 8.613260269 0.994245470 -0.014559793 -0.106131673 -6.886001587
-0.105989933 0.062855847 -0.992378652 -155.527099609 0.019301759 0.997942150 0.061146729 8.662303925 0.994179904 -0.012673712 -0.106985092 -6.972122192
-0.106375456 0.062251311 -0.992375493 -156.255371094 0.019665783 0.997974813 0.060494523 8.707356453 0.994131565 -0.013080711 -0.107384324 -7.055313110
-0.106661439 0.062417679 -0.992334306 -156.977706909 0.021254251 0.997942746 0.060485926 8.746145248 0.994068205 -0.014639810 -0.107768655 -7.132369995
-0.106314778 0.061750248 -0.992413282 -157.736236572 0.021780236 0.997974932 0.059763048 8.801820755 0.994094014 -0.015261304 -0.107444406 -7.227294922
-0.106309533 0.062212918 -0.992385089 -158.442871094 0.022644561 0.997933388 0.060134947 8.846703529 0.994075358 -0.016079210 -0.107498527 -7.302886963
-0.104916334 0.063751943 -0.992435515 -159.130325317 0.022502804 0.997839808 0.061720196 8.887619019 0.994226456 -0.015857128 -0.106124282 -7.388549805
-0.103437662 0.064776011 -0.992524445 -159.850494385 0.022080151 0.997780740 0.062817939 8.924412727 0.994390845 -0.015417351 -0.104638338 -7.455734253
-0.101165771 0.064566225 -0.992772222 -160.520065308 0.021817356 0.997795820 0.062669702 8.970065117 0.994630337 -0.015319636 -0.102351427 -7.528686523
-0.098245502 0.064996056 -0.993037522 -161.170562744 0.021593401 0.997769177 0.063169427 9.003520966 0.994928002 -0.015236945 -0.099429846 -7.596893311
-0.095839024 0.063638836 -0.993360460 -161.866394043 0.021517856 0.997853458 0.061850645 9.044894218 0.995164275 -0.015447283 -0.097002625 -7.650177002
-0.092048645 0.061824884 -0.993833423 -162.502365112 0.018937418 0.997998834 0.060330033 9.086653709 0.995574474 -0.013267339 -0.093035340 -7.714599609
-0.086670876 0.060534451 -0.994396329 -163.139343262 0.017052989 0.998096108 0.059273362 9.125872612 0.996091187 -0.011820164 -0.087538123 -7.773117065
-0.079882145 0.058926854 -0.995061159 -163.778167725 0.015171300 0.998207390 0.057895251 9.160045624 0.996688962 -0.010471579 -0.080632925 -7.822402954
-0.071215034 0.056133367 -0.995880365 -164.423690796 0.013451702 0.998378515 0.055312257 9.199163437 0.997370422 -0.009457228 -0.071854711 -7.870956421
-0.061635494 0.053094879 -0.996685505 -165.034149170 0.011963299 0.998551667 0.052454479 9.230644226 0.998027027 -0.008690587 -0.062181473 -7.902908325
-0.050603986 0.050123770 -0.997460186 -165.640655518 0.011457052 0.998703182 0.049604982 9.266680717 0.998653054 -0.008917742 -0.051112652 -7.934082031
-0.040086865 0.048565000 -0.998015404 -166.260391235 0.010877571 0.998780131 0.048165306 9.297316551 0.999137104 -0.008925194 -0.040566206 -7.946975708
-0.028801560 0.048854809 -0.998390734 -166.859115601 0.009867470 0.998770118 0.048588730 9.329187393 0.999536633 -0.008452164 -0.029248238 -7.955520630
-0.015907288 0.050023653 -0.998621523 -167.457702637 0.009490554 0.998710275 0.049876932 9.355491638 0.999828577 -0.008684067 -0.016361594 -7.964752197
-0.002635360 0.050715134 -0.998709738 -168.064987183 0.007961240 0.998682559 0.050692748 9.386659622 0.999964833 -0.007817377 -0.003035665 -7.961898804
0.012133658 0.050380290 -0.998656392 -168.654190063 0.006215464 0.998706818 0.050458353 9.419369698 0.999907076 -0.006819359 0.011804879 -7.952758789
0.028007209 0.050469890 -0.998332798 -169.265594482 0.003326159 0.998714328 0.050582491 9.446676254 0.999602199 -0.004737289 0.027803361 -7.940567017
0.044861615 0.050638102 -0.997709095 -169.851776123 0.000539073 0.998713136 0.050713304 9.483360291 0.998993158 -0.002812924 0.044776559 -7.916946411
0.062962830 0.051859893 -0.996667624 -170.437240601 -0.001296629 0.998652399 0.051881261 9.516413689 0.998015106 -0.001974290 0.062945247 -7.875961304
0.083191335 0.052317187 -0.995159328 -171.013534546 -0.002701990 0.998629153 0.052273724 9.552629471 0.996529937 -0.001659810 0.083218694 -7.824249268
0.104251325 0.054828290 -0.993038535 -171.586181641 -0.005238303 0.998495698 0.054579668 9.578487396 0.994537234 -0.000488169 0.104381740 -7.758117676
0.125272095 0.056664146 -0.990502894 -172.168045044 -0.009585226 0.998390198 0.055903077 9.613216400 0.992076099 0.002491097 0.125613570 -7.666137695
0.147869706 0.056476232 -0.987393081 -172.732559204 -0.013397361 0.998391032 0.055098929 9.648549080 0.988916159 0.005080997 0.148388386 -7.578170776
0.170819163 0.055221278 -0.983753800 -173.287200928 -0.017275088 0.998442650 0.053046163 9.674768448 0.985151052 0.007933126 0.171507120 -7.477813721
0.194681346 0.054089155 -0.979374170 -173.855880737 -0.020370517 0.998485982 0.051095393 9.703709602 0.980655074 0.010003029 0.195488453 -7.374252319
0.219159961 0.052946910 -0.974251449 -174.414520264 -0.022674834 0.998533189 0.049165785 9.741881371 0.975425601 0.011315808 0.220039070 -7.260688782
0.243232846 0.052113350 -0.968567073 -174.964706421 -0.023733446 0.998576462 0.047767904 9.771432877 0.969677627 0.011368705 0.244123399 -7.113250732
0.265569866 0.050320692 -0.962777495 -175.594924927 -0.025715388 0.998651326 0.045102421 9.832137108 0.963748634 0.012780350 0.266505718 -6.930641174
0.294126630 0.052155621 -0.954342425 -176.030364990 -0.029395331 0.998531282 0.045510992 9.830057144 0.955314398 0.014667207 0.295227766 -6.787788391
0.321760356 0.052445553 -0.945367575 -176.567443848 -0.031636931 0.998502731 0.044625521 9.867230415 0.946292520 0.015549798 0.322937787 -6.609001160
0.350409210 0.054695971 -0.934998274 -177.063369751 -0.033251919 0.998390496 0.045942504 9.858303070 0.936006248 0.014991811 0.351663947 -6.430633545
0.378243983 0.054811727 -0.924081802 -177.554687500 -0.033976417 0.998394907 0.045312412 9.887872696 0.925082207 0.014257840 0.379499197 -6.205558777
0.406767964 0.056252394 -0.911798000 -178.060317993 -0.035393465 0.998323381 0.045800883 9.907427788 0.912845671 0.013641357 0.408076942 -5.978401184
0.434957266 0.058474686 -0.898550510 -178.535766602 -0.036651041 0.998211920 0.047218822 9.921599388 0.899704933 0.012394638 0.436322689 -5.725456238
0.464786589 0.060950361 -0.883322418 -179.008392334 -0.038185600 0.998079538 0.048776247 9.929662704 0.884598911 0.011059650 0.466221392 -5.483596802
0.493761420 0.061109874 -0.867447615 -179.462722778 -0.039661564 0.998072267 0.047736280 9.958146095 0.868692517 0.010833990 0.495233297 -5.205757141
0.523251414 0.060641184 -0.850018084 -179.912857056 -0.041476667 0.998095036 0.045673080 9.989996910 0.851168454 0.011357412 0.524769783 -4.906845093
0.553396463 0.060577586 -0.830712199 -180.361206055 -0.043793637 0.998088360 0.043609016 10.020281792 0.831765950 0.012246829 0.554991484 -4.597759247
0.583536148 0.063658327 -0.809588253 -180.814270020 -0.048575323 0.997873962 0.043451134 10.024624825 0.810633063 0.013970708 0.585387707 -4.289134979
0.611686766 0.064826883 -0.788439512 -181.232116699 -0.051222503 0.997790992 0.042300716 10.048141479 0.789440095 0.014511052 0.613656163 -3.941829681
0.639575005 0.064987324 -0.765976787 -181.647811890 -0.053559836 0.997765899 0.039931506 10.072402954 0.766860604 0.015486402 0.641626835 -3.575458527
0.666932344 0.065041199 -0.742274106 -182.055267334 -0.056059740 0.997739494 0.037056554 10.100346565 0.743006408 0.016897477 0.669070959 -3.200839996
0.692950428 0.065980054 -0.717959881 -182.430725098 -0.057844628 0.997681439 0.035856619 10.106906891 0.718661070 0.016683254 0.695160389 -2.816963196
