1.000000000 0.000000000 0.000000000 0.000000000 0.000000000 1.000000000 0.000000000 0.000000000 0.000000000 0.000000000 1.000000000 0.000000000
0.999997079 0.002391299 0.000386931 -0.008205908 -0.002390741 0.999996126 -0.001437771 0.002903365 -0.000390368 0.001436841 0.999998868 1.502769828
0.999993682 0.003208946 0.001528569 -0.022389758 -0.003204323 0.999990284 -0.003017317 0.005149899 -0.001538236 0.003012400 0.999994278 3.013804197
0.999992311 0.003213323 0.002243882 -0.030555386 -0.003204250 0.999986708 -0.004035171 0.005050281 -0.002256819 0.004027950 0.999989331 4.506728649
0.999994457 0.002169720 0.002530036 -0.030277530 -0.002158600 0.999988019 -0.004389435 0.004417848 -0.002539530 0.004383949 0.999987185 6.005270481
0.999993443 -0.001097748 0.003447920 -0.032919779 0.001111459 0.999991477 -0.003977180 -0.000809109 -0.003443525 0.003980986 0.999986172 7.504051685
0.999987304 -0.003933702 0.003153604 -0.024114056 0.003942649 0.999988198 -0.002835806 -0.000862183 -0.003142411 0.002848204 0.999991000 9.017354965
0.999983072 -0.005269868 0.002455719 -0.019418562 0.005273465 0.999985039 -0.001460547 -0.002279525 -0.002447986 0.001473472 0.999995947 10.552360535
0.999980807 -0.005969988 0.001641372 -0.012375035 0.005977036 0.999972820 -0.004322858 -0.003500957 -0.001615520 0.004332586 0.999989331 12.058673859
0.999983668 -0.005526565 0.001449082 -0.020545062 0.005534817 0.999968112 -0.005753571 -0.013103470 -0.001417239 0.005761498 0.999982417 13.556779861
0.999973118 -0.007146800 0.001644584 -0.026685296 0.007160722 0.999937177 -0.008621461 -0.016289055 -0.001582865 0.008633005 0.999961495 15.052845955
0.999977469 -0.006451902 0.001861267 -0.028043568 0.006464411 0.999956012 -0.006794479 -0.021334164 -0.001817347 0.006806358 0.999975204 16.547975540
0.999982655 -0.005137612 0.002882445 -0.035900399 0.005148630 0.999979436 -0.003828042 -0.025639482 -0.002862719 0.003842817 0.999988496 18.038290024
0.999982715 -0.004118198 0.004193820 -0.035657950 0.004124635 0.999990344 -0.001527289 -0.032030996 -0.004187490 0.001544560 0.999990046 19.545949936
0.999981940 -0.001883632 0.005708470 -0.033926673 0.001885965 0.999998152 -0.000403373 -0.028710134 -0.005707699 0.000414132 0.999983609 21.034570694
0.999975443 -0.000257054 0.007003160 -0.028872317 0.000263679 0.999999523 -0.000945113 -0.021180395 -0.007002913 0.000946936 0.999975026 22.532897949
0.999957263 -0.000456531 0.009233094 -0.021175822 0.000468458 0.999999046 -0.001289633 -0.023617186 -0.009232496 0.001293904 0.999956548 24.040044785
0.999942899 0.000250150 0.010682214 -0.013884412 -0.000216844 0.999995112 -0.003118900 -0.025795713 -0.010682942 0.003116406 0.999938071 25.524749756
0.999925256 -0.000878360 0.012194485 0.001486835 0.000930350 0.999990523 -0.004258358 -0.024491753 -0.012190629 0.004269385 0.999916553 27.021343231
0.999908388 -0.000603722 0.013524128 0.007859034 0.000676773 0.999985218 -0.005397655 -0.030165093 -0.013520669 0.005406313 0.999893963 28.510856628
0.999897480 0.001347203 0.014256742 0.027693484 -0.001261983 0.999981284 -0.005984779 -0.038601153 -0.014264537 0.005966173 0.999880433 30.007919312
0.999866128 0.004810745 0.015638109 0.034334414 -0.004699806 0.999963582 -0.007123135 -0.038642898 -0.015671806 0.007048685 0.999852359 31.512943268
0.999824882 0.008216188 0.016814282 0.059468165 -0.008099978 0.999942899 -0.006967851 -0.040086962 -0.016870571 0.006830436 0.999834359 33.022121429
0.999775827 0.010273056 0.018513318 0.071715526 -0.010181250 0.999935448 -0.005046376 -0.049639355 -0.018563965 0.004856755 0.999815881 34.544826508
0.999758363 0.009770018 0.019690493 0.091127083 -0.009660067 0.999937236 -0.005671375 -0.054823034 -0.019744666 0.005479793 0.999790013 36.033721924
0.999759555 0.006807395 0.020845022 0.104265377 -0.006640607 0.999945462 -0.008060140 -0.062286045 -0.020898754 0.007919778 0.999750257 37.539443970
0.999769270 0.005209283 0.020840494 0.128996149 -0.004995279 0.999934375 -0.010307619 -0.072682329 -0.020892821 0.010201137 0.999729693 39.028751373
0.999778211 0.004321798 0.020612188 0.152162835 -0.004139327 0.999951959 -0.008887063 -0.083159342 -0.020649604 0.008799771 0.999748051 40.548122406
0.999794424 0.005771121 0.019438408 0.182884932 -0.005652804 0.999965191 -0.006136172 -0.092144981 -0.019473145 0.006025029 0.999792218 42.052692413
0.999785841 0.007191975 0.019404940 0.186451495 -0.007128600 0.999969065 -0.003333099 -0.094292924 -0.019428311 0.003194056 0.999806166 43.564796448
0.999811471 0.007646787 0.017848896 0.210266501 -0.007590970 0.999966085 -0.003192873 -0.101333521 -0.017872706 0.003056781 0.999835610 45.056243896
0.999861956 0.005921015 0.015526317 0.235198125 -0.005872461 0.999977708 -0.003170933 -0.100008965 -0.015544747 0.003079318 0.999874413 46.557220459
0.999890924 0.004510592 0.014062567 0.238679931 -0.004484809 0.999988198 -0.001864391 -0.099886246 -0.014070811 0.001801120 0.999899387 48.064525604
0.999936163 0.003347765 0.010792114 0.270302534 -0.003347621 0.999994397 -0.000031377 -0.095548905 -0.010792159 -0.000004753 0.999941766 49.568199158
0.999954939 0.001567941 0.009363610 0.255517930 -0.001571942 0.999998689 0.000419894 -0.096134663 -0.009362940 -0.000434594 0.999956071 51.046646118
0.999979377 0.000318939 0.006413965 0.258790582 -0.000307022 0.999998212 -0.001858931 -0.102145113 -0.006414546 0.001856923 0.999977708 52.536289215
0.999993563 0.000441104 0.003559270 0.262699723 -0.000424380 0.999988854 -0.004698104 -0.100787848 -0.003561303 0.004696563 0.999982655 54.011978149
0.999995649 0.002949230 0.000026543 0.265658200 -0.002949002 0.999975443 -0.006354444 -0.105809510 -0.000045283 0.006354338 0.999979794 55.490364075
0.999985933 0.004022235 -0.003449492 0.254877567 -0.004046107 0.999967694 -0.006941672 -0.114679970 0.003421459 0.006955531 0.999969959 56.976318359
0.999963701 0.004535583 -0.007213709 0.242038265 -0.004568873 0.999978960 -0.004605081 -0.123864099 0.007192670 0.004637872 0.999963403 58.450538635
0.999929547 0.004489526 -0.010990510 0.219121709 -0.004521830 0.999985516 -0.002916215 -0.130011648 0.010977259 0.002965707 0.999935329 59.926445007
0.999875367 0.005717528 -0.014715947 0.193256170 -0.005760137 0.999979317 -0.002854663 -0.121247113 0.014699322 0.002939073 0.999887645 61.393127441
0.999800265 0.007079232 -0.018690579 0.163710311 -0.007137123 0.999969959 -0.003032489 -0.132113904 0.018668549 0.003165280 0.999820709 62.870143890
0.999667883 0.009087541 -0.024115559 0.136125982 -0.009160422 0.999953806 -0.002913393 -0.131301701 0.024087969 0.003133334 0.999704957 64.336418152
0.999555767 0.010091832 -0.028043194 0.076876365 -0.010158209 0.999945939 -0.002225504 -0.135287434 0.028019218 0.002509384 0.999604225 65.806167603
0.999373674 0.011764406 -0.033375058 0.035655174 -0.011811443 0.999929488 -0.001212510 -0.128707662 0.033358444 0.001605958 0.999442160 67.275192261
0.999188185 0.012332234 -0.038351994 -0.027954895 -0.012354460 0.999923646 -0.000342576 -0.130214274 0.038344838 0.000816116 0.999264240 68.744735718
0.999021709 0.012651970 -0.042373739 -0.110227071 -0.012654116 0.999919891 0.000217572 -0.128483519 0.042373098 0.000318843 0.999101818 70.233306885
0.998821139 0.011927169 -0.047054049 -0.186440215 -0.011995082 0.999927402 -0.001161186 -0.132841080 0.047036782 0.001724234 0.998891652 71.699386597
0.998516917 0.012312668 -0.053031553 -0.265788049 -0.012486682 0.999917686 -0.002951253 -0.121957712 0.052990850 0.003609064 0.998588502 73.171401978
0.998197436 0.012184192 -0.058766086 -0.346974492 -0.012393104 0.999918103 -0.003191803 -0.118811652 0.058722384 0.003914343 0.998266697 74.631332397
0.997945666 0.012789762 -0.062776275 -0.454482228 -0.012907701 0.999915600 -0.001473506 -0.121622600 0.062752135 0.002280776 0.998026550 76.095054626
0.997743428 0.012312835 -0.066003665 -0.573884666 -0.012441482 0.999921441 -0.001538395 -0.129905775 0.065979540 0.002356107 0.997818172 77.572433472
0.997528970 0.012353523 -0.069161892 -0.680818498 -0.012540995 0.999918759 -0.002277065 -0.124204352 0.069128148 0.003138797 0.997602880 79.036895752
0.997322023 0.011373783 -0.072245650 -0.797586381 -0.011544239 0.999931455 -0.001942265 -0.126632050 0.072218612 0.002771084 0.997384965 80.510437012
0.997033775 0.010312352 -0.076271117 -0.915963590 -0.010390099 0.999945819 -0.000622603 -0.125153780 0.076260567 0.001413221 0.997086942 82.001686096
0.996741593 0.009925855 -0.080048107 -1.030602217 -0.009883530 0.999950707 0.000924953 -0.116033271 0.080053344 -0.000130781 0.996790588 83.469894409
0.996542454 0.007745639 -0.082723238 -1.169478059 -0.007720547 0.999970019 0.000623202 -0.114884347 0.082725585 0.000017621 0.996572375 84.946891785
0.996246994 0.006614224 -0.086303033 -1.292798519 -0.006666799 0.999977708 -0.000320987 -0.100645840 0.086298987 0.000895147 0.996268868 86.426422119
0.995971501 0.005048614 -0.089527912 -1.431404591 -0.004943373 0.999986827 0.001397196 -0.103723481 0.089533791 -0.000948997 0.995983362 87.905052185
0.995726347 0.004127257 -0.092260733 -1.571023583 -0.003886599 0.999988556 0.002787983 -0.094526127 0.092271179 -0.002417488 0.995730996 89.380722046
0.995399833 0.003562434 -0.095741645 -1.714987397 -0.003262515 0.999989271 0.003288948 -0.090591080 0.095752336 -0.002961460 0.995400786 90.871124268
0.995166481 0.004323672 -0.098107234 -1.865883350 -0.004037639 0.999987006 0.003113867 -0.074975029 0.098119423 -0.002702694 0.995170951 92.360481262
0.994996071 0.005098277 -0.099783801 -2.030771255 -0.004773949 0.999982536 0.003488817 -0.067027546 0.099799842 -0.002994996 0.995003045 93.844802856
0.994805217 0.005583960 -0.101643212 -2.193515778 -0.005143148 0.999976218 0.004598401 -0.053612284 0.101666473 -0.004051747 0.994810283 95.352844238
0.994596362 0.005768967 -0.103657253 -2.345992565 -0.005183592 0.999969065 0.005915724 -0.037958141 0.103688173 -0.005346441 0.994595468 96.861145020
0.994441569 0.005363075 -0.105153248 -2.517670870 -0.004580833 0.999960005 0.007679177 -0.030541485 0.105190225 -0.007154803 0.994426370 98.347679138
0.994239867 0.006658837 -0.106970862 -2.699426889 -0.005808182 0.999948978 0.008261799 -0.016805973 0.107020423 -0.007592904 0.994227827 99.852859497
0.993928552 0.006793607 -0.109817222 -2.858690977 -0.006170350 0.999962866 0.006014241 0.007411715 0.109854005 -0.005300115 0.993933618 101.365318298
0.993734956 0.007971095 -0.111477874 -3.037722349 -0.007478829 0.999960363 0.004833295 0.010637768 0.111511983 -0.003969290 0.993755162 102.871635437
0.993501842 0.009431413 -0.113424443 -3.231365919 -0.009058824 0.999951720 0.003799883 0.022560064 0.113454804 -0.002747698 0.993539333 104.413299561
0.993214965 0.011112279 -0.115760759 -3.406364679 -0.010709407 0.999934256 0.004101608 0.045652851 0.115798727 -0.002834050 0.993268669 105.935424805
0.993093967 0.010838770 -0.116820164 -3.606935501 -0.010031126 0.999921560 0.007499307 0.049746953 0.116892286 -0.006275679 0.993124783 107.441978455
0.992815673 0.010991760 -0.119148053 -3.791928053 -0.009943187 0.999906480 0.009391508 0.074377082 0.119240142 -0.008139324 0.992832065 108.959434509
0.992527425 0.006761362 -0.121834487 -3.969313145 -0.005388976 0.999918282 0.011590342 0.086964026 0.121902898 -0.010847169 0.992482781 110.507400513
0.992195070 0.005955513 -0.124553107 -4.154402733 -0.004379161 0.999906838 0.012926023 0.109494925 0.124618486 -0.012279699 0.992128730 112.032485962
0.991975367 0.004890525 -0.126336709 -4.362509727 -0.003561407 0.999935925 0.010744179 0.137970001 0.126381159 -0.010208025 0.991929233 113.556938171
0.991734087 0.002268984 -0.128289983 -4.571744442 -0.001166286 0.999961734 0.008669829 0.138861269 0.128304735 -0.008448542 0.991698802 115.047019958
0.991377532 0.001230557 -0.131030858 -4.763945580 -0.000335403 0.999976456 0.006853480 0.162528351 0.131036207 -0.006750438 0.991354585 116.581024170
0.991186261 -0.002017769 -0.132460475 -4.984376907 0.002934511 0.999973059 0.006726021 0.171120301 0.132443339 -0.007055446 0.991165459 118.106925964
0.990930676 -0.003891691 -0.134317875 -5.189592361 0.004552328 0.999979019 0.004611682 0.183364928 0.134297103 -0.005181316 0.990927577 119.616294861
0.990763068 -0.005345222 -0.135498896 -5.398625851 0.006051683 0.999970138 0.004802416 0.186672062 0.135469183 -0.005578053 0.990765870 121.146240234
0.990543485 -0.005557270 -0.137086406 -5.605100632 0.006381633 0.999964118 0.005574698 0.197047561 0.137050495 -0.006396816 0.990543425 122.652984619
0.990478039 -0.004353570 -0.137602136 -5.829946995 0.005193290 0.999970019 0.005744098 0.211651742 0.137572989 -0.006404010 0.990470946 124.180076599
0.990254521 -0.003926882 -0.139213979 -6.037243843 0.004734744 0.999973834 0.005472314 0.228807315 0.139188841 -0.006078126 0.990247190 125.697174072
0.990123987 -0.004787059 -0.140112638 -6.264491081 0.005749275 0.999962568 0.006463482 0.229068905 0.140076444 -0.007205195 0.990114450 127.220787048
0.989927173 -0.005873511 -0.141455695 -6.481112957 0.006807384 0.999958098 0.006118874 0.241966277 0.141413838 -0.007020182 0.989925683 128.731262207
0.989733040 -0.007175756 -0.142747968 -6.704357147 0.008142411 0.999947727 0.006188763 0.243690908 0.142696083 -0.007287536 0.989739716 130.250320435
0.989455163 -0.008770706 -0.144573718 -6.920953751 0.009621791 0.999940276 0.005188690 0.256585956 0.144519567 -0.006525035 0.989480436 131.758148193
0.989197552 -0.009288946 -0.146293893 -7.146508694 0.010100354 0.999937475 0.004804582 0.268737793 0.146240115 -0.006230301 0.989229500 133.296020508
0.988823950 -0.008419012 -0.148849994 -7.368330002 0.009410994 0.999937952 0.005961215 0.278589815 0.148790568 -0.007295418 0.988841832 134.814865112
0.988555729 -0.008559126 -0.150613219 -7.608134270 0.009471503 0.999940872 0.005341417 0.278332442 0.150558591 -0.006706822 0.988578320 136.352142334
0.988265991 -0.005592256 -0.152640179 -7.845066547 0.006346763 0.999969959 0.004456251 0.291646212 0.152610660 -0.005372733 0.988271773 137.877487183
0.988039136 -0.006080630 -0.154083416 -8.099281311 0.006836337 0.999967039 0.004375153 0.301421285 0.154051736 -0.005376189 0.988048136 139.390640259
0.987631500 -0.005614764 -0.156692445 -8.339206696 0.006478885 0.999966502 0.005004552 0.317119420 0.156659082 -0.005957845 0.987634778 140.910461426
0.987394273 -0.007708456 -0.158092007 -8.595233917 0.008392223 0.999958098 0.003658001 0.320503175 0.158057183 -0.004938632 0.987417638 142.458435059
0.987138033 -0.008015640 -0.159669071 -8.847517014 0.008619420 0.999958098 0.003089223 0.331580609 0.159637630 -0.004425744 0.987165749 143.980331421
0.986908615 -0.008803832 -0.161039829 -9.103254318 0.009980111 0.999929070 0.006496840 0.349459440 0.160971209 -0.008018983 0.986926496 145.515151978
0.986660302 -0.007916446 -0.162600100 -9.353260040 0.009376755 0.999922276 0.008215505 0.375055671 0.162522420 -0.009630573 0.986657858 147.057067871
0.986498713 -0.009578942 -0.163488463 -9.612397194 0.010744419 0.999922752 0.006246021 0.371701986 0.163416013 -0.007918280 0.986525476 148.594497681
0.986298323 -0.008658074 -0.164744064 -9.872730255 0.009306702 0.999951661 0.003165696 0.389790475 0.164708689 -0.004655544 0.986331284 150.119140625
0.986197412 -0.008580714 -0.165351301 -10.137148857 0.009160945 0.999954283 0.002746745 0.392164737 0.165320158 -0.004223607 0.986230910 151.685470581
0.986106634 -0.006193768 -0.165997922 -10.400991440 0.006859610 0.999970555 0.003438126 0.405810148 0.165971741 -0.004529040 0.986120105 153.234481812
0.986175478 -0.003577154 -0.165665895 -10.682052612 0.004485252 0.999976873 0.005107710 0.411542386 0.165643796 -0.005780152 0.986168683 154.800949097
0.986083925 -0.002097060 -0.166234925 -10.944634438 0.003052522 0.999980271 0.005492380 0.426417917 0.166220129 -0.005923383 0.986070871 156.352539062
0.986081839 -0.000958092 -0.166257843 -11.216230392 0.001759407 0.999987543 0.004672496 0.439748257 0.166251287 -0.004899979 0.986071229 157.944564819
0.986094534 0.000656477 -0.166184142 -11.488033295 -0.000019076 0.999992609 0.003837078 0.457518369 0.166185439 -0.003780551 0.986087263 159.503479004
0.986166954 0.000991525 -0.165752262 -11.763637543 -0.000248658 0.999989808 0.004502482 0.460881025 0.165755048 -0.004398983 0.986157119 161.081314087
0.986146629 -0.000260342 -0.165875718 -12.029128075 0.001090538 0.999987304 0.004913867 0.474607676 0.165872335 -0.005026687 0.986134410 162.653381348
0.986130953 -0.000476000 -0.165968448 -12.290569305 0.001281629 0.999987900 0.004747044 0.494232655 0.165964186 -0.004893917 0.986119628 164.230987549
0.986310780 -0.003232329 -0.164865479 -12.566121101 0.004375059 0.999968827 0.006568623 0.495015532 0.164839119 -0.007200000 0.986294210 165.809829712
0.986371994 -0.005304860 -0.164445132 -12.849905968 0.006524205 0.999955058 0.006875673 0.504387021 0.164401278 -0.007854844 0.986362278 167.389526367
0.986374319 -0.007945972 -0.164324611 -13.109525681 0.009257902 0.999931097 0.007219444 0.515112758 0.164255917 -0.008642375 0.986379921 168.955230713
0.986472785 -0.009821448 -0.163630530 -13.378719330 0.011187811 0.999909818 0.007430817 0.527128756 0.163542792 -0.009160966 0.986493707 170.523330688
0.986388087 -0.012401951 -0.163965568 -13.624917030 0.013892085 0.999871910 0.007944497 0.544768512 0.163846046 -0.010114181 0.986434102 172.098419189
0.986567438 -0.012496280 -0.162875667 -13.898356438 0.014263819 0.999851346 0.009687131 0.565131962 0.162730396 -0.011880238 0.986599028 173.643081665
0.986549258 -0.014048793 -0.162859350 -14.151943207 0.016090572 0.999807537 0.011224731 0.573243678 0.162670314 -0.013694251 0.986585438 175.241806030
0.986680210 -0.013569412 -0.162104994 -14.413189888 0.015772235 0.999799848 0.012309659 0.584662795 0.161905512 -0.014702455 0.986696720 176.799194336
0.986802578 -0.013206844 -0.161388546 -14.674723625 0.015398957 0.999805272 0.012339522 0.601205349 0.161194161 -0.014661888 0.986813784 178.375640869
0.986937046 -0.012872483 -0.160591289 -14.934273720 0.015138458 0.999802232 0.012894650 0.616220117 0.160393551 -0.015157312 0.986936748 179.924560547
0.987106204 -0.012475554 -0.159579784 -15.198454857 0.014716016 0.999808967 0.012865669 0.631569922 0.159388781 -0.015048160 0.987101197 181.453475952
0.987220883 -0.012036406 -0.158902705 -15.452130318 0.014221861 0.999819160 0.012623376 0.658314645 0.158722028 -0.014721952 0.987213552 182.979003906
0.987324536 -0.012617935 -0.158212200 -15.705361366 0.014792451 0.999811530 0.012574204 0.684370637 0.158023715 -0.014755166 0.987325072 184.530364990
0.987435699 -0.013641579 -0.157431364 -15.962883949 0.015849015 0.999792814 0.012774651 0.706468463 0.157224476 -0.015109278 0.987447321 186.088806152
0.987550259 -0.014906210 -0.156595767 -16.207271576 0.017286632 0.999754667 0.013850093 0.720836461 0.156350896 -0.016384676 0.987565637 187.625183105
0.987616897 -0.016692661 -0.155994400 -16.451354980 0.018997828 0.999731064 0.013297935 0.739375949 0.155730471 -0.016096819 0.987668395 189.171890259
0.987776101 -0.017785445 -0.154861227 -16.695327759 0.019954458 0.999723196 0.012462865 0.764262438 0.154596716 -0.015400692 0.987857640 190.684600830
0.987861872 -0.018741941 -0.154200211 -16.936510086 0.020946711 0.999700129 0.012685693 0.779859364 0.153916210 -0.015761700 0.987958193 192.202331543
0.987860978 -0.019691035 -0.154087648 -17.163915634 0.021849709 0.999685228 0.012328285 0.800639391 0.153796390 -0.015545402 0.987980247 193.723724365
0.988061786 -0.019884629 -0.152769357 -17.410625458 0.022028150 0.999681056 0.012351206 0.814286351 0.152475029 -0.015568981 0.988184690 195.247177124
0.988164902 -0.021360781 -0.151900634 -17.643705368 0.023389356 0.999659359 0.011580182 0.831728697 0.151601538 -0.014995988 0.988327920 196.749557495
0.988295078 -0.021275286 -0.151063427 -17.885448456 0.023200443 0.999670386 0.010992809 0.851240158 0.150779754 -0.014368878 0.988462925 198.268951416
0.988468766 -0.020359822 -0.150049999 -18.117998123 0.022182258 0.999698997 0.010481667 0.869684458 0.149791434 -0.013689248 0.988622844 199.759841919
0.988664865 -0.018077247 -0.149046853 -18.366594315 0.019903077 0.999743938 0.010767455 0.876714766 0.148814037 -0.013611896 0.988771498 201.266036987
0.988783121 -0.015279526 -0.148574919 -18.595724106 0.016962282 0.999805450 0.010065394 0.892037809 0.148392230 -0.012472661 0.988849938 202.751205444
0.988948703 -0.011660844 -0.147798792 -18.825834274 0.013192803 0.999868870 0.009389047 0.898797750 0.147669926 -0.011235165 0.988972902 204.240478516
0.989182532 -0.008490690 -0.146443844 -19.073013306 0.009920883 0.999909937 0.009038544 0.921135962 0.146353915 -0.010393622 0.989177704 205.759674072
0.989326656 -0.005441729 -0.145613119 -19.298686981 0.006924250 0.999929190 0.009676336 0.936131716 0.145550147 -0.010581319 0.989294291 207.249435425
0.989554584 -0.003420277 -0.144118071 -19.541118622 0.005018715 0.999929845 0.010729088 0.948767781 0.144071266 -0.011340306 0.989502311 208.731185913
0.989624143 -0.002350795 -0.143661201 -19.761083603 0.003947624 0.999933541 0.010831213 0.962046623 0.143626183 -0.011285949 0.989567637 210.200515747
0.989738822 -0.002454332 -0.142867252 -19.982700348 0.003914383 0.999942958 0.009939468 0.975120068 0.142834708 -0.010396715 0.989691973 211.680267334
0.989776969 -0.002178170 -0.142607361 -20.195543289 0.003609251 0.999945700 0.009777213 0.993161738 0.142578319 -0.010191967 0.989731073 213.139984131
0.989787042 -0.003977658 -0.142498448 -20.417118073 0.005523369 0.999930084 0.010453301 1.003865957 0.142446905 -0.011133613 0.989739835 214.620498657
0.989671111 -0.005010416 -0.143268958 -20.623495102 0.006634392 0.999918997 0.010859687 1.015321016 0.143202931 -0.011698021 0.989624202 216.072952271
0.989692569 -0.006115969 -0.143077642 -20.847082138 0.007753983 0.999910593 0.010893643 1.033285975 0.142998219 -0.011890779 0.989651501 217.520736694
0.989612818 -0.006353545 -0.143617868 -21.063991547 0.008154352 0.999895275 0.011953747 1.045434952 0.143526897 -0.013000692 0.989561021 218.955169678
0.989504218 -0.005374518 -0.144403800 -21.277400970 0.007107800 0.999908745 0.011489797 1.066795468 0.144328877 -0.012395597 0.989452124 220.414199829
0.989371300 -0.004631887 -0.145337403 -21.486173630 0.006172179 0.999929428 0.010148912 1.089643002 0.145280138 -0.010938091 0.989330113 221.862274170
0.989333153 -0.003929534 -0.145617425 -21.710990906 0.005402956 0.999938130 0.009724336 1.095232725 0.145570204 -0.010407372 0.989293158 223.292098999
0.989272416 -0.003741935 -0.146034449 -21.938879013 0.005131350 0.999945104 0.009138762 1.103987455 0.145992234 -0.009790080 0.989237309 224.752868652
0.989139676 -0.003703688 -0.146931961 -22.150045395 0.004926461 0.999956191 0.007959009 1.118415117 0.146896034 -0.008596426 0.989114583 226.178375244
0.988996387 -0.005299426 -0.147844627 -22.363422394 0.006526854 0.999948144 0.007818241 1.126266956 0.147795528 -0.008697172 0.988979697 227.609573364
0.988955319 -0.005845139 -0.148098558 -22.592454910 0.007914036 0.999879122 0.013384297 1.139219403 0.148002416 -0.014408529 0.988882005 229.052978516
0.988874137 -0.006955004 -0.148592085 -22.809066772 0.009629143 0.999804258 0.017284689 1.159423470 0.148442790 -0.018523196 0.988747478 230.469390869
0.988705099 -0.009761913 -0.149555922 -23.021034241 0.012193994 0.999807775 0.015353635 1.180834055 0.149377286 -0.017003901 0.988634050 231.891265869
0.988532960 -0.012615329 -0.150477499 -23.224048615 0.014710314 0.999809623 0.012817214 1.202663302 0.150287166 -0.014883810 0.988530338 233.296813965
0.988522589 -0.014175459 -0.150406733 -23.446640015 0.015940735 0.999817431 0.010537471 1.222810149 0.150229901 -0.012814121 0.988568068 234.705749512
0.988455951 -0.014124194 -0.150848746 -23.659986496 0.015906841 0.999817133 0.010617265 1.239764333 0.150671199 -0.012894226 0.988499820 236.096405029
0.988384664 -0.014028084 -0.151324227 -23.874340057 0.016008036 0.999801338 0.011873838 1.249706268 0.151127607 -0.014158323 0.988412857 237.492874146
0.988313317 -0.014222581 -0.151771039 -24.079175949 0.016291048 0.999790490 0.012394064 1.268024683 0.151562974 -0.014721729 0.988337994 238.890289307
0.988391876 -0.013049581 -0.151364341 -24.312084198 0.015076142 0.999811351 0.012248711 1.287191629 0.151175946 -0.014388517 0.988402128 240.287765503
0.988331139 -0.013519023 -0.151719421 -24.522678375 0.015479069 0.999811232 0.011745207 1.307580948 0.151531994 -0.013956630 0.988353789 241.666732788
0.988213956 -0.014600943 -0.152381182 -24.728899002 0.016632909 0.999788821 0.012068503 1.315619946 0.152172789 -0.014460805 0.988248110 243.028289795
0.988274455 -0.013381575 -0.152100369 -24.948911667 0.015554802 0.999793112 0.013107180 1.334135056 0.151893497 -0.015319382 0.988278151 244.415466309
0.988261759 -0.012447952 -0.152262062 -25.161447525 0.014445039 0.999823451 0.012016942 1.352429390 0.152085587 -0.014075316 0.988267124 245.765136719
0.988214433 -0.010766487 -0.152696967 -25.367719650 0.012820942 0.999839962 0.012476186 1.361062527 0.152538195 -0.014286865 0.988194287 247.109970093
0.988330901 -0.007333453 -0.152145654 -25.597751617 0.009302372 0.999881923 0.012233242 1.377812743 0.152037978 -0.013505806 0.988282382 248.454406738
0.988268077 -0.004246913 -0.152670085 -25.801454544 0.006381172 0.999888599 0.013492288 1.391454101 0.152595773 -0.014308211 0.988185108 249.779083252
0.988327265 -0.002858932 -0.152319074 -26.020671844 0.005013321 0.999892712 0.013761744 1.404579520 0.152263388 -0.014364731 0.988235533 251.090103149
0.988270283 -0.001582013 -0.152706727 -26.221466064 0.003805988 0.999890924 0.014272490 1.422797918 0.152667493 -0.014686278 0.988168478 252.391204834
0.988161504 -0.002220499 -0.153401107 -26.429496765 0.004432927 0.999891043 0.014081973 1.433244348 0.153353125 -0.014595279 0.988063633 253.682723999
0.987949133 -0.003727256 -0.154733956 -26.624656677 0.005929310 0.999887586 0.013772154 1.447834015 0.154665232 -0.014523653 0.987860203 254.974639893
0.987733066 -0.004717099 -0.156080693 -26.827384949 0.007027199 0.999873757 0.014252202 1.466670036 0.155993760 -0.015174180 0.987641454 256.256347656
0.987459362 -0.005115840 -0.157790482 -27.030136108 0.007632942 0.999853015 0.015350306 1.478441238 0.157688767 -0.016362209 0.987353325 257.535858154
0.987330973 -0.007504730 -0.158496693 -27.240951538 0.009997864 0.999838412 0.014938382 1.493354082 0.158358976 -0.016333755 0.987246513 258.783996582
0.987002969 -0.009963695 -0.160392985 -27.436365128 0.012381036 0.999824226 0.014079016 1.512570620 0.160224512 -0.015881861 0.986952841 260.024017334
0.986828864 -0.012694556 -0.161268711 -27.648544312 0.014999439 0.999801934 0.013082747 1.522104502 0.161070690 -0.015329373 0.986823797 261.271453857
0.986377418 -0.014704682 -0.163839400 -27.835510254 0.017073100 0.999768972 0.013056903 1.537830353 0.163609564 -0.015676280 0.986400604 262.506011963
0.986228943 -0.015368938 -0.164670140 -28.056211472 0.017848257 0.999748409 0.013587146 1.547243476 0.164419889 -0.016339112 0.986255109 263.711944580
0.985886455 -0.014604896 -0.166777074 -28.257537842 0.017200422 0.999752223 0.014128949 1.560213566 0.166529402 -0.016798176 0.985893369 264.917724609
0.985504687 -0.012951828 -0.169153079 -28.460975647 0.015665814 0.999768913 0.014719794 1.568965316 0.168923348 -0.017156346 0.985479891 266.111602783
0.985152185 -0.011001760 -0.171330333 -28.679504395 0.013711186 0.999798834 0.014638730 1.595481873 0.171134815 -0.016770519 0.985104859 267.327484131
0.984718263 -0.009542737 -0.173893392 -28.886777878 0.012415392 0.999803722 0.015439343 1.611175656 0.173711926 -0.017362356 0.984643459 268.483001709
0.984284699 -0.008054114 -0.176405132 -29.089342117 0.011015535 0.999814272 0.015814761 1.624696493 0.176244989 -0.017509425 0.984190583 269.640411377
0.983890951 -0.008081434 -0.178586930 -29.314849854 0.011042712 0.999817431 0.015593898 1.633277178 0.178428307 -0.017314781 0.983800530 270.794769287
0.983365357 -0.007651483 -0.181477442 -29.516021729 0.010877960 0.999799848 0.016790280 1.645531416 0.181312650 -0.018485084 0.983251750 271.899261475
0.982911944 -0.007615040 -0.183918715 -29.725744247 0.011031634 0.999784946 0.017560601 1.662794352 0.183745429 -0.019289449 0.982784569 272.986480713
0.982519388 -0.007766135 -0.185998216 -29.936576843 0.011521344 0.999750853 0.019117089 1.669554353 0.185803413 -0.020925859 0.982364118 274.035797119
0.982109785 -0.007983122 -0.188139960 -30.145074844 0.011844307 0.999741495 0.019407637 1.686355591 0.187936395 -0.021288818 0.981950462 275.072662354
0.981604218 -0.009360675 -0.190697536 -30.340589523 0.013327066 0.999720514 0.019527499 1.703711271 0.190461457 -0.021709712 0.981454611 276.087982178
0.981014311 -0.010133740 -0.193670526 -30.529693604 0.014207320 0.999705851 0.019656193 1.721674562 0.193414360 -0.022034544 0.980869710 277.081420898
0.980630934 -0.011656261 -0.195517436 -30.727970123 0.015968071 0.999662519 0.020491567 1.726789713 0.195212588 -0.023216700 0.980486095 278.063018799
0.980099201 -0.012784069 -0.198096231 -30.911846161 0.017082445 0.999653935 0.020004651 1.743634105 0.197771937 -0.022990510 0.979978442 278.996429443
0.979761720 -0.012520410 -0.199775547 -31.097572327 0.016701423 0.999675035 0.019256976 1.753815889 0.199469522 -0.022203783 0.979652464 279.908416748
0.979625404 -0.011721731 -0.200491160 -31.292463303 0.015780849 0.999701321 0.018659631 1.765174031 0.200212568 -0.021443369 0.979517817 280.809814453
0.979327798 -0.011454212 -0.201955184 -31.465085983 0.015431693 0.999716520 0.018131357 1.779469490 0.201690242 -0.020873051 0.979226947 281.659515381
0.979152143 -0.011096384 -0.202825055 -31.645267487 0.015070944 0.999723256 0.018062035 1.790702820 0.202568516 -0.020742245 0.979048371 282.497161865
0.979033172 -0.009327960 -0.203487188 -31.815866470 0.013305414 0.999746084 0.018187145 1.799078584 0.203265861 -0.020513300 0.978908658 283.306915283
0.979186296 -0.007602122 -0.202821225 -31.992765427 0.011358311 0.999784768 0.017362172 1.813420653 0.202645585 -0.019304508 0.979061842 284.104522705
0.979365408 -0.006929906 -0.201978758 -32.148864746 0.010431102 0.999813139 0.016275227 1.828115582 0.201828226 -0.018046256 0.979254663 284.867095947
0.979746938 -0.002971959 -0.200217560 -32.306732178 0.006088875 0.999869645 0.014953659 1.836136818 0.200147018 -0.015869902 0.979637325 285.586700439
0.980350018 -0.002533633 -0.197249547 -32.455974579 0.005476968 0.999881625 0.014377792 1.843752623 0.197189763 -0.015175599 0.980247855 286.298492432
0.980845332 -0.001957007 -0.194778234 -32.603218079 0.005191827 0.999856949 0.016098581 1.844782114 0.194718853 -0.016801473 0.980715215 286.990722656
0.981342793 -0.002592438 -0.192248687 -32.724929810 0.005976512 0.999837220 0.017024774 1.856494308 0.192173257 -0.017856115 0.981198549 287.676727295
0.981954575 -0.001293448 -0.189112380 -32.852458954 0.004727730 0.999831975 0.017710032 1.865527391 0.189057693 -0.018284518 0.981795728 288.320739746
0.982484639 0.000695190 -0.186342314 -32.979648590 0.002787219 0.999826372 0.018425601 1.874675393 0.186322778 -0.018622248 0.982312083 288.939819336
0.982843995 0.001148768 -0.184435323 -33.087028503 0.002016252 0.999853909 0.016972141 1.886172056 0.184427872 -0.017052835 0.982698083 289.534606934
0.983382821 0.001236430 -0.181539670 -33.203781128 0.001608074 0.999878228 0.015520753 1.897288322 0.181536764 -0.015554772 0.983261108 290.116729736
0.983868659 0.001873668 -0.178882614 -33.307926178 0.000838751 0.999885857 0.015086289 1.900204659 0.178890452 -0.014992964 0.983754754 290.662841797
0.984376609 0.002735722 -0.176054597 -33.419132233 0.000067241 0.999873400 0.015913052 1.895497918 0.176075831 -0.015676275 0.984251797 291.195037842
0.984819651 0.002999692 -0.173554912 -33.496547699 -0.000435980 0.999890268 0.014807999 1.902337909 0.173580274 -0.014507542 0.984712839 291.767028809
0.985408485 0.003543893 -0.170169249 -33.593540192 -0.001423365 0.999919832 0.012581664 1.910481691 0.170200199 -0.012155865 0.985334516 292.291412354
0.985819519 0.003550007 -0.167771637 -33.678737640 -0.001765823 0.999940336 0.010782586 1.914211273 0.167799905 -0.010333428 0.985766888 292.810577393
0.986299634 0.003805114 -0.164919958 -33.765350342 -0.002100234 0.999942541 0.010510772 1.912659883 0.164950475 -0.010020399 0.986250937 293.322326660
0.986766458 0.005538857 -0.162053406 -33.853706360 -0.004004950 0.999944031 0.009790580 1.922374249 0.162098572 -0.009012000 0.986733437 293.831878662
0.987155199 0.011501851 -0.159349695 -33.951847076 -0.009755265 0.999883533 0.011738657 1.932000637 0.159466147 -0.010033377 0.987152398 294.348175049
0.987449765 0.010569357 -0.157579198 -34.026813507 -0.010170126 0.999942720 0.003339674 1.921895385 0.157605454 -0.001695161 0.987500727 294.863494873
0.987732053 0.003470178 -0.156119660 -34.092090607 -0.005685089 0.999889374 -0.013742983 1.908455253 0.156054705 0.014461940 0.987642527 295.348419189
0.988101780 -0.002273089 -0.153784618 -34.161361694 -0.002894417 0.999438882 -0.033370003 1.894861341 0.153774172 0.033418078 0.987540722 295.826080322
0.988516510 -0.004150287 -0.151056007 -34.241279602 -0.002707860 0.998975754 -0.045167360 1.883669615 0.151088744 0.045057718 0.987492800 296.300659180
0.988772035 0.001264817 -0.149426520 -34.325111389 -0.008772384 0.998730958 -0.049594119 1.898725748 0.149174169 0.050348103 0.987528324 296.788757324
0.989093781 0.010223665 -0.146931648 -34.412502289 -0.016028162 0.999134839 -0.038375221 1.909536242 0.146412194 0.040311739 0.988401949 297.279418945
0.989390731 0.009804034 -0.144947857 -34.483787537 -0.012411408 0.999776840 -0.017095020 1.902020335 0.144747913 0.018712660 0.989291608 297.777526855
0.989573300 0.008040868 -0.143805370 -34.542167664 -0.007441011 0.999961257 0.004708659 1.883934855 0.143837646 -0.003589506 0.989594817 298.275329590
0.990004420 0.003939661 -0.140981257 -34.602745056 -0.001503940 0.999847829 0.017379293 1.856758952 0.141028285 -0.016993551 0.989859700 298.763183594
0.990289509 0.004103817 -0.138959825 -34.681713104 -0.001397186 0.999807537 0.019569745 1.847907066 0.139013395 -0.019185560 0.990104616 299.239746094
0.990555942 0.005933267 -0.136980727 -34.750324249 -0.004032677 0.999891758 0.014148216 1.857946992 0.137049839 -0.013462200 0.990472674 299.697296143
0.990745068 0.008436394 -0.135473326 -34.818946838 -0.006979688 0.999912620 0.011224101 1.873315930 0.135556176 -0.010174661 0.990717411 300.146881104
0.990901053 0.008086378 -0.134349063 -34.878860474 -0.006502121 0.999904096 0.012226686 1.892300487 0.134435058 -0.011241882 0.990858614 300.606597900
0.991150081 0.008776874 -0.132455498 -34.942058563 -0.006623865 0.999838829 0.016686471 1.895250916 0.132580608 -0.015661431 0.991048455 301.065643311
0.991448820 0.009419156 -0.130155876 -35.004768372 -0.006101959 0.999646902 0.025861686 1.913431644 0.130353510 -0.024846332 0.991156220 301.538848877
0.991575420 0.012109785 -0.128963560 -35.069293976 -0.006924432 0.999152243 0.040580638 1.926743627 0.129345655 -0.039345764 0.990818679 301.999389648
0.991705298 0.016104838 -0.127519503 -35.130474091 -0.009111209 0.998431623 0.055238176 1.944943547 0.128209114 -0.053618137 0.990296662 302.499237061
0.991981685 0.018858375 -0.124966659 -35.196456909 -0.010366202 0.997613668 0.068260536 1.969688892 0.125955731 -0.066417776 0.989809990 302.965240479
0.992285907 0.011131319 -0.123469591 -35.237873077 -0.002342375 0.997466385 0.071101002 1.984628797 0.123948209 -0.070263311 0.989797890 303.412933350
0.992402256 0.006885968 -0.122842982 -35.285957336 0.000464778 0.998215675 0.059709784 1.987997055 0.123034954 -0.059313215 0.990628242 303.850555420
0.992614150 0.004586223 -0.121227689 -35.334739685 0.000672604 0.999061763 0.043303274 1.995070219 0.121312544 -0.043064978 0.991679728 304.282165527
0.992771626 0.007213362 -0.119801976 -35.399883270 -0.004076261 0.999642909 0.026410168 2.017254829 0.119949698 -0.025730921 0.992446482 304.696563721
0.992990673 0.009276259 -0.117827930 -35.467445374 -0.007667936 0.999871254 0.014095767 2.041976213 0.117943518 -0.013093469 0.992933989 305.128906250
0.993022740 0.010041564 -0.117494904 -35.522907257 -0.009769453 0.999948084 0.002891651 2.073107719 0.117517844 -0.001723614 0.993069291 305.550689697
0.993063211 0.000839669 -0.117578812 -35.555721283 -0.000916214 0.999999404 -0.000596958 2.092045546 0.117578238 0.000700545 0.993063390 306.005615234
0.993270218 -0.005003069 -0.115712047 -35.594299316 0.005581168 0.999973536 0.004672564 2.091439009 0.115685605 -0.005286927 0.993271828 306.452484131
0.993521810 -0.007304901 -0.113406762 -35.639484406 0.008441789 0.999918759 0.009547874 2.085884094 0.113327809 -0.010443377 0.993502736 306.900726318
0.993672192 -0.005280287 -0.112195030 -35.693447113 0.006338067 0.999938726 0.009073466 2.084887981 0.112140246 -0.009727150 0.993644774 307.344177246
0.993927836 -0.003781046 -0.109968901 -35.753776550 0.004240340 0.999983251 0.003943016 2.089180231 0.109952152 -0.004385379 0.993927181 307.788299561
0.994108737 -0.003327154 -0.108336478 -35.808082581 0.003252317 0.999994338 -0.000867468 2.094571590 0.108338751 0.000510013 0.994113922 308.256744385
0.994257808 -0.005404477 -0.106874906 -35.855224609 0.005078469 0.999981582 -0.003322303 2.106440544 0.106890894 0.002760465 0.994266927 308.754241943
0.994477093 -0.007365241 -0.104694881 -35.911525726 0.007170944 0.999971807 -0.002232146 2.115263939 0.104708374 0.001469057 0.994501889 309.272033691
0.994648457 -0.009860455 -0.102845378 -35.956241608 0.009820888 0.999951363 -0.000891092 2.122422934 0.102849163 -0.000123710 0.994696975 309.825988770
0.994875371 -0.009421061 -0.100668974 -36.016529083 0.009527062 0.999954462 0.000572243 2.121169329 0.100658998 -0.001528390 0.994919837 310.391082764
0.995056033 -0.010228499 -0.098787293 -36.082088470 0.010517051 0.999941826 0.002400625 2.124277115 0.098756984 -0.003427707 0.995105684 310.997680664
0.995222926 -0.010841325 -0.097024947 -36.137378693 0.011222581 0.999931276 0.003384588 2.138303518 0.096981585 -0.004457290 0.995276213 311.611053467
0.995357215 -0.012888404 -0.095383085 -36.192310333 0.013391891 0.999899566 0.004640300 2.144068003 0.095313698 -0.005896116 0.995429814 312.232269287
0.995485067 -0.013860902 -0.093900934 -36.251232147 0.014482391 0.999877453 0.005940303 2.152747393 0.093807094 -0.007273392 0.995563805 312.871612549
0.995610178 -0.015141936 -0.092363715 -36.320377350 0.015936842 0.999841988 0.007874733 2.155046940 0.092229888 -0.009312150 0.995694220 313.528808594
0.995677650 -0.015633166 -0.091550902 -36.369922638 0.016598241 0.999814332 0.009789469 2.165148735 0.091380864 -0.011266739 0.995752275 314.200988770
0.995852649 -0.014001523 -0.089897044 -36.451629639 0.015042489 0.999827325 0.010912457 2.183896303 0.089728728 -0.012219475 0.995891273 314.837280273
0.995888829 -0.015079268 -0.089320198 -36.502510071 0.016190788 0.999800086 0.011732739 2.196249247 0.089125417 -0.013130669 0.995933831 315.521118164
0.995952129 -0.015242599 -0.088583268 -36.568149567 0.016408317 0.999787927 0.012446291 2.198393822 0.088374771 -0.013849412 0.995990992 316.196380615
0.995967567 -0.014637288 -0.088512108 -36.632308960 0.015776943 0.999801219 0.012189799 2.212548733 0.088316083 -0.013537095 0.996000528 316.903991699
0.995985329 -0.014498839 -0.088334315 -36.695610046 0.015651271 0.999801040 0.012367585 2.220153332 0.088137418 -0.013700477 0.996014118 317.602142334
0.995966077 -0.013755749 -0.088669643 -36.764789581 0.014826524 0.999824762 0.011428677 2.237726927 0.088496894 -0.012697237 0.995995522 318.302917480
0.995858967 -0.013386922 -0.089920238 -36.826461792 0.014449200 0.999833167 0.011172975 2.250173569 0.089755669 -0.012425983 0.995886326 319.013854980
0.995715737 -0.012726977 -0.091586888 -36.895008087 0.013719278 0.999853730 0.010213099 2.270471811 0.091443509 -0.011425850 0.995744705 319.759368896
0.995607078 -0.010681010 -0.093018398 -36.964759827 0.011635819 0.999884963 0.009728422 2.289147377 0.092903785 -0.010768032 0.995616853 320.496704102
