1.000000000 0.000000000 0.000000000 0.000000000 0.000000000 1.000000000 0.000000000 0.000000000 0.000000000 0.000000000 1.000000000 0.000000000
0.999998391 0.001261933 -0.001270642 -0.023758810 -0.001260656 0.999998689 0.001005332 0.003857017 0.001271909 -0.001003728 0.999998689 1.904474139
0.999994814 0.002467674 -0.002081319 -0.048604619 -0.002465096 0.999996185 0.001240356 0.003725889 0.002084372 -0.001235219 0.999997079 3.801786661
0.999988019 0.003854522 -0.003021922 -0.071730286 -0.003847568 0.999989927 0.002303912 0.003184688 0.003030773 -0.002292258 0.999992788 5.702571392
0.999979079 0.005198000 -0.003848916 -0.095502473 -0.005184052 0.999979973 0.003625030 0.007733476 0.003867682 -0.003605001 0.999985993 7.595953465
0.999967873 0.006466521 -0.004732857 -0.118699640 -0.006448038 0.999971569 0.003910183 0.018594250 0.004758008 -0.003879540 0.999981165 9.456106186
0.999955595 0.007490142 -0.005721357 -0.142703027 -0.007470473 0.999966145 0.003451352 0.023472810 0.005747014 -0.003408457 0.999977648 11.330800056
0.999943376 0.008154004 -0.006838128 -0.163485467 -0.008138490 0.999964237 0.002293553 0.029000850 0.006856586 -0.002237771 0.999974012 13.190671921
0.999934733 0.008566592 -0.007562137 -0.188831046 -0.008564913 0.999963284 0.000254357 0.036650818 0.007564038 -0.000189571 0.999971390 15.029429436
0.999925673 0.008703693 -0.008536484 -0.213654965 -0.008710835 0.999961734 -0.000799808 0.038931344 0.008529196 0.000874108 0.999963224 16.862230301
0.999916971 0.008651932 -0.009548948 -0.240515828 -0.008677190 0.999958932 -0.002606854 0.044766705 0.009526001 0.002689496 0.999951005 18.688581467
0.999906540 0.008517406 -0.010693078 -0.269391149 -0.008550596 0.999958754 -0.003062011 0.042504873 0.010666557 0.003153157 0.999938130 20.487545013
0.999907613 0.007144765 -0.011561953 -0.292387038 -0.007182085 0.999969125 -0.003189508 0.039299142 0.011538807 0.003272252 0.999928057 22.309661865
0.999888122 0.008346285 -0.012411935 -0.329887599 -0.008372683 0.999962807 -0.002076401 0.031587586 0.012394143 0.002180090 0.999920785 24.121728897
0.999882758 0.008546172 -0.012703751 -0.366377085 -0.008564049 0.999962389 -0.001353584 0.031965204 0.012691705 0.001462221 0.999918401 25.930215836
0.999866188 0.009754336 -0.013134640 -0.399091214 -0.009754925 0.999952435 0.000019221 0.028241886 0.013134203 0.000108909 0.999913752 27.745075226
0.999866366 0.009429643 -0.013352376 -0.426076323 -0.009418973 0.999955297 0.000861741 0.032096736 0.013359904 -0.000735860 0.999910474 29.549171448
0.999858260 0.009715317 -0.013751083 -0.459512681 -0.009698103 0.999952078 0.001317928 0.033134777 0.013763228 -0.001184382 0.999904573 31.355855942
0.999867558 0.008503513 -0.013877210 -0.491439074 -0.008481234 0.999962628 0.001663541 0.043896895 0.013890838 -0.001545625 0.999902308 33.176517487
0.999864459 0.007875999 -0.014458698 -0.517600477 -0.007847250 0.999967098 0.002044048 0.047734819 0.014474322 -0.001930310 0.999893367 34.977470398
0.999868929 0.006271251 -0.014925142 -0.539957881 -0.006275555 0.999980271 -0.000241549 0.055680394 0.014923332 0.000335181 0.999888599 36.767921448
0.999864757 0.006151348 -0.015250622 -0.564452767 -0.006144982 0.999980986 0.000464219 0.061633427 0.015253188 -0.000370442 0.999883592 38.553749084
0.999869704 0.005406278 -0.015212043 -0.600401223 -0.005374329 0.999983251 0.002140323 0.059659529 0.015223360 -0.002058290 0.999881983 40.334239960
0.999868035 0.004738375 -0.015538446 -0.633976519 -0.004680493 0.999981999 0.003759287 0.066562951 0.015555979 -0.003686063 0.999872208 42.096340179
0.999877632 0.003248968 -0.015300536 -0.680424452 -0.003182333 0.999985337 0.004377435 0.069658369 0.015314533 -0.004328208 0.999873340 43.851573944
0.999876022 0.002834980 -0.015489926 -0.715952575 -0.002767061 0.999986470 0.004404385 0.078647286 0.015502202 -0.004360978 0.999870300 45.580577850
0.999868155 0.002139286 -0.016094690 -0.752889335 -0.002073674 0.999989450 0.004092270 0.084863082 0.016103275 -0.004058355 0.999862075 47.320156097
0.999856591 0.002084445 -0.016806273 -0.782705307 -0.002021932 0.999991000 0.003735783 0.091391325 0.016813910 -0.003701266 0.999851763 49.034690857
0.999842107 0.001928651 -0.017665762 -0.815857530 -0.001869369 0.999992549 0.003371686 0.095606148 0.017672133 -0.003338130 0.999838293 50.729419708
0.999828458 0.002551640 -0.018346261 -0.858699501 -0.002472256 0.999987483 0.004348367 0.098789543 0.018357128 -0.004302264 0.999822259 52.417446136
0.999814272 0.003107262 -0.019020209 -0.902998269 -0.002996755 0.999978483 0.005835731 0.097770318 0.019037932 -0.005777648 0.999802053 54.082256317
0.999791443 0.003035071 -0.020196833 -0.931582749 -0.002901152 0.999973655 0.006656659 0.108669475 0.020216504 -0.006596676 0.999773860 55.712467194
0.999772608 0.003297829 -0.021066882 -0.970406055 -0.003162294 0.999974132 0.006463663 0.106893212 0.021087652 -0.006395574 0.999757171 57.325523376
0.999748230 0.003398122 -0.022179648 -1.012549520 -0.003295979 0.999983788 0.004640197 0.109119371 0.022195056 -0.004565925 0.999743223 58.930667877
0.999715567 0.002437834 -0.023724426 -1.052970171 -0.002346567 0.999989748 0.003874056 0.108635098 0.023733625 -0.003817283 0.999711037 60.522495270
0.999688864 0.001648097 -0.024887972 -1.103253484 -0.001555860 0.999991834 0.003725009 0.112719722 0.024893908 -0.003685128 0.999683321 62.111961365
0.999659300 0.001495195 -0.026057564 -1.153982997 -0.001384765 0.999989986 0.004255478 0.112542897 0.026063666 -0.004217945 0.999651372 63.663814545
0.999631464 0.002062563 -0.027067337 -1.208800197 -0.001916327 0.999983430 0.005427528 0.114053607 0.027078083 -0.005373659 0.999618888 65.179626465
0.999601185 0.002527194 -0.028126098 -1.260976791 -0.002372009 0.999981761 0.005549464 0.119135410 0.028139610 -0.005480535 0.999588966 66.692657471
0.999564052 0.003428539 -0.029325273 -1.311004877 -0.003295022 0.999983966 0.004600111 0.122240201 0.029340575 -0.004501478 0.999559343 68.194618225
0.999543786 0.003949268 -0.029944098 -1.372691512 -0.003841862 0.999985993 0.003643557 0.128574282 0.029958067 -0.003526854 0.999544919 69.669075012
0.999506235 0.003271886 -0.031249963 -1.428580403 -0.003189396 0.999991298 0.002689155 0.132568195 0.031258490 -0.002588159 0.999507964 71.151115417
0.999479651 0.002999672 -0.032115627 -1.486434460 -0.002944076 0.999994099 0.001778251 0.132077113 0.032120768 -0.001682775 0.999482572 72.627349854
0.999440610 0.002722609 -0.033332944 -1.538801908 -0.002663450 0.999994814 0.001819059 0.132180616 0.033337723 -0.001729261 0.999442637 74.092483521
0.999402106 0.002782061 -0.034462035 -1.595055342 -0.002723396 0.999994755 0.001749140 0.135865077 0.034466721 -0.001654240 0.999404490 75.561569214
0.999350846 0.001959922 -0.035973437 -1.648511648 -0.001910294 0.999997199 0.001413911 0.136332273 0.035976104 -0.001344273 0.999351740 77.015129089
0.999300182 0.001771354 -0.037363026 -1.700103998 -0.001763826 0.999998391 0.000234444 0.138481185 0.037363384 -0.000168378 0.999301732 78.459205627
0.999253452 0.000896028 -0.038623162 -1.758071423 -0.000939351 0.999998927 -0.001103547 0.138160735 0.038622133 0.001139004 0.999253213 79.882942200
0.999185503 0.000534967 -0.040349275 -1.812493324 -0.000585519 0.999999046 -0.001241061 0.136283889 0.040348571 0.001263676 0.999184847 81.320693970
0.999140799 0.000874945 -0.041435953 -1.881046653 -0.000854224 0.999999523 0.000517772 0.135381594 0.041436385 -0.000481931 0.999141037 82.750633240
0.999105990 0.001573451 -0.042246103 -1.958010435 -0.001518042 0.999997973 0.001343624 0.138047338 0.042248134 -0.001278291 0.999106348 84.182060242
0.999047279 0.002126033 -0.043589577 -2.013505936 -0.002075494 0.999997139 0.001204653 0.132726133 0.043592013 -0.001113035 0.999048769 85.580337524
0.998989880 0.002105490 -0.044886727 -2.082800150 -0.002058371 0.999997258 0.001095921 0.133801475 0.044888914 -0.001002420 0.998991489 86.977310181
0.998928785 0.001489722 -0.046250004 -2.144543648 -0.001427265 0.999998033 0.001383421 0.134833664 0.046251975 -0.001315928 0.998928964 88.359634399
0.998873532 0.001052752 -0.047439490 -2.219440222 -0.000984383 0.999998450 0.001464522 0.134216860 0.047440957 -0.001416173 0.998873055 89.748085022
0.998824120 0.000038130 -0.048480764 -2.295684338 0.000049422 0.999998391 0.001804708 0.135343209 0.048480753 -0.001804982 0.998822510 91.120079041
0.998769522 -0.000586836 -0.049588896 -2.366442680 0.000733871 0.999995410 0.002946916 0.135394260 0.049586937 -0.002979682 0.998765349 92.466789246
0.998707235 -0.000819268 -0.050825305 -2.438134432 0.000998544 0.999993384 0.003502015 0.137437731 0.050822098 -0.003548238 0.998701394 93.812911987
0.998664737 -0.001448465 -0.051640026 -2.518417120 0.001600514 0.999994516 0.002903164 0.147795975 0.051635541 -0.002981938 0.998661518 95.132835388
0.998592675 -0.002210968 -0.052988436 -2.590546608 0.002445403 0.999987483 0.004359836 0.138434410 0.052978136 -0.004483278 0.998585582 96.453399658
0.998549342 -0.002132682 -0.053802185 -2.667616844 0.002422692 0.999982893 0.005325665 0.140749604 0.053789906 -0.005448285 0.998537421 97.727455139
0.998494446 -0.001630516 -0.054829169 -2.742200613 0.001950687 0.999981344 0.005786419 0.141886771 0.054818712 -0.005884662 0.998479009 98.982269287
0.998435855 -0.000878902 -0.055902652 -2.812002897 0.001224224 0.999980390 0.006143259 0.144896314 0.055896156 -0.006202088 0.998417318 100.236976624
0.998392284 0.000110904 -0.056681756 -2.894672155 0.000211908 0.999983788 0.005689122 0.149788067 0.056681469 -0.005691987 0.998376071 101.476524353
0.998340428 0.000472083 -0.057586402 -2.969634056 -0.000235023 0.999991477 0.004123296 0.154804155 0.057587858 -0.004102918 0.998332024 102.689437866
0.998300970 0.000579113 -0.058265023 -3.057823896 -0.000399215 0.999995112 0.003099178 0.160495639 0.058266532 -0.003070652 0.998296320 103.890670776
0.998243809 0.001395690 -0.059222739 -3.138729811 -0.001212020 0.999994338 0.003137153 0.156581104 0.059226785 -0.003059864 0.998239875 105.084861755
0.998198509 0.001599521 -0.059976187 -3.217476130 -0.001411468 0.999993980 0.003177694 0.158654675 0.059980907 -0.003087315 0.998194754 106.245605469
0.998138011 0.001708372 -0.060971953 -3.299715281 -0.001497067 0.999992728 0.003511114 0.160845652 0.060977507 -0.003413297 0.998133302 107.427909851
0.998097837 0.002549381 -0.061597507 -3.384881496 -0.002359215 0.999992251 0.003159763 0.165653601 0.061605085 -0.003008431 0.998096049 108.577323914
0.998026073 0.002449636 -0.062753156 -3.460388899 -0.002243982 0.999991894 0.003347461 0.160892576 0.062760845 -0.003200036 0.998023450 109.711257935
0.997961640 0.003089533 -0.063742250 -3.540858984 -0.002881631 0.999990225 0.003353292 0.167458922 0.063751988 -0.003162775 0.997960746 110.827003479
0.997904122 0.002923131 -0.064644009 -3.617985010 -0.002701082 0.999990165 0.003522079 0.169069827 0.064653672 -0.003340089 0.997902155 111.932266235
0.997823954 0.002983523 -0.065866694 -3.693939924 -0.002788323 0.999991417 0.003055285 0.170627624 0.065875247 -0.002864979 0.997823775 113.052108765
0.997749031 0.002957015 -0.066993229 -3.776859045 -0.002763838 0.999991775 0.002976032 0.174457163 0.067001477 -0.002784175 0.997748971 114.138954163
0.997680664 0.002930306 -0.068005376 -3.857480764 -0.002690476 0.999989808 0.003617957 0.171268955 0.068015285 -0.003426599 0.997678399 115.225807190
0.997591913 0.002570370 -0.069309004 -3.935200214 -0.002319833 0.999990463 0.003695031 0.178659081 0.069317847 -0.003525348 0.997588396 116.294830322
0.997538745 0.002556576 -0.070070565 -4.023567200 -0.002305740 0.999990642 0.003660415 0.181674451 0.070079267 -0.003489841 0.997535348 117.348243713
0.997458279 0.002912849 -0.071193002 -4.103724957 -0.002698713 0.999991536 0.003103826 0.178382427 0.071201444 -0.002903808 0.997457743 118.392578125
0.997411728 0.002911740 -0.071842238 -4.188525677 -0.002757373 0.999993682 0.002247778 0.180492178 0.071848333 -0.002043864 0.997413456 119.438842773
0.997351468 0.002856509 -0.072676882 -4.264064312 -0.002738663 0.999994755 0.001721092 0.183961615 0.072681420 -0.001517497 0.997354031 120.474601746
0.997335672 0.003317823 -0.072873317 -4.350079536 -0.003199808 0.999993384 0.001736150 0.187734559 0.072878592 -0.001498343 0.997339666 121.498634338
0.997291327 0.003057645 -0.073489018 -4.430684090 -0.002904986 0.999993384 0.002184103 0.180789128 0.073495209 -0.001964703 0.997293651 122.520301819
0.997236431 0.003139542 -0.074227095 -4.510995388 -0.002999055 0.999993503 0.002004047 0.187625349 0.074232906 -0.001775897 0.997239351 123.537010193
0.997168064 0.003477819 -0.075124845 -4.586016178 -0.003326518 0.999992192 0.002139033 0.185232788 0.075131699 -0.001883071 0.997171819 124.547721863
0.997154415 0.003702528 -0.075295173 -4.676257610 -0.003515378 0.999990404 0.002617922 0.192430139 0.075304143 -0.002345781 0.997157872 125.544128418
0.997100532 0.004142961 -0.075982802 -4.752159119 -0.003915166 0.999987364 0.003146695 0.185057685 0.075994879 -0.002840086 0.997104168 126.553352356
0.997091651 0.004426229 -0.076083146 -4.848245621 -0.004172254 0.999985158 0.003496747 0.188813850 0.076097496 -0.003169139 0.997095346 127.566574097
0.997009099 0.003700701 -0.077195816 -4.913798332 -0.003436138 0.999987781 0.003559720 0.190404937 0.077208042 -0.003283818 0.997009575 128.544631958
0.996988654 0.003041370 -0.077488117 -4.994757652 -0.002731593 0.999987841 0.004103414 0.190466434 0.077499658 -0.003879391 0.996984839 129.518020630
0.996944010 0.003711670 -0.078031220 -5.076928139 -0.003405430 0.999985993 0.004057290 0.194613770 0.078045189 -0.003779161 0.996942639 130.508010864
0.996888161 0.003123769 -0.078767158 -5.149303913 -0.002757475 0.999984860 0.004758682 0.198219031 0.078780830 -0.004526675 0.996881664 131.451705933
0.996905982 0.003233491 -0.078536361 -5.236834049 -0.002876533 0.999985039 0.004657832 0.198504865 0.078550242 -0.004417508 0.996900380 132.436370850
0.996965826 0.003268480 -0.077772118 -5.316391468 -0.002958238 0.999987185 0.004103985 0.198869139 0.077784538 -0.003861464 0.996962726 133.379287720
0.997017026 0.002349890 -0.077146232 -5.392954350 -0.002063785 0.999990702 0.003788116 0.199096367 0.077154413 -0.003617603 0.997012615 134.303955078
0.997036099 0.002133376 -0.076905549 -5.467726231 -0.001843848 0.999990940 0.003835532 0.207476467 0.076913029 -0.003682362 0.997031033 135.239379883
0.997086406 0.001324838 -0.076269217 -5.543159008 -0.001013869 0.999991000 0.004115829 0.213342056 0.076273985 -0.004026510 0.997078776 136.139587402
0.997138679 -0.000207698 -0.075594053 -5.618702412 0.000550638 0.999989629 0.004515785 0.210848749 0.075592332 -0.004544489 0.997128427 137.027694702
0.997118711 -0.002233584 -0.075824186 -5.675586224 0.002594698 0.999985754 0.004664343 0.218929037 0.075812683 -0.004847644 0.997110307 137.845367432
0.997141957 -0.002770215 -0.075499885 -5.744835854 0.003178956 0.999980927 0.005294161 0.223694757 0.075483784 -0.005519041 0.997131765 138.709777832
0.997189164 -0.002571319 -0.074881151 -5.811686516 0.002922714 0.999985218 0.004583498 0.225132585 0.074868254 -0.004789471 0.997181952 139.558837891
0.997202277 -0.003482066 -0.074669339 -5.875407696 0.003766603 0.999986172 0.003670142 0.225817800 0.074655525 -0.003941123 0.997201622 140.403015137
0.997197509 -0.004025448 -0.074705414 -5.937614918 0.004238753 0.999987364 0.002696957 0.224324077 0.074693620 -0.003006057 0.997201979 141.238220215
0.997202277 -0.004767307 -0.074598253 -5.994804859 0.004857671 0.999987662 0.001029942 0.228283718 0.074592419 -0.001389434 0.997213125 142.063964844
0.997269750 -0.004294906 -0.073719919 -6.065932751 0.004320131 0.999990642 0.000182720 0.231620058 0.073718444 -0.000500701 0.997278988 142.874801636
0.997313321 -0.003371101 -0.073176637 -6.127839565 0.003418366 0.999994040 0.000520680 0.227858081 0.073174447 -0.000769426 0.997318864 143.679580688
0.997337759 -0.002962073 -0.072860003 -6.193497181 0.003073608 0.999994278 0.001418739 0.235866785 0.072855383 -0.001638905 0.997341156 144.496337891
0.997385442 -0.002158021 -0.072232790 -6.262996197 0.002309319 0.999995291 0.002011138 0.230214834 0.072228111 -0.002172689 0.997385800 145.304641724
0.997447789 -0.001384586 -0.071385935 -6.324048519 0.001476121 0.999998152 0.001229513 0.232975870 0.071384102 -0.001331749 0.997448027 146.096130371
0.997558534 -0.000775947 -0.069830880 -6.383250713 0.000788864 0.999999702 0.000157406 0.236776054 0.069830738 -0.000212109 0.997558832 146.876632690
0.997700214 0.000034360 -0.067781061 -6.449377537 -0.000027859 1.000000000 0.000096854 0.235234305 0.067781061 -0.000094743 0.997700214 147.641082764
0.997796714 0.000698513 -0.066341482 -6.503248692 -0.000644967 0.999999464 0.000828539 0.237223476 0.066342026 -0.000783926 0.997796655 148.395904541
0.997887254 0.001643239 -0.064948335 -6.557429314 -0.001597787 0.999998450 0.000751755 0.239221096 0.064949468 -0.000646393 0.997888327 149.161987305
0.997953117 0.001821069 -0.063924037 -6.602821350 -0.001779473 0.999998152 0.000707634 0.238209486 0.063925207 -0.000592435 0.997954488 149.902664185
0.998046815 0.001819798 -0.062443536 -6.661266804 -0.001780198 0.999998152 0.000689798 0.231899187 0.062444679 -0.000577289 0.998048246 150.633300781
0.998128653 0.002381866 -0.061102286 -6.709558010 -0.002368538 0.999997139 0.000290546 0.238595560 0.061102804 -0.000145279 0.998131454 151.355590820
0.998203397 0.002028337 -0.059881892 -6.749912262 -0.002025246 0.999997914 0.000112316 0.236688152 0.059882000 0.000009161 0.998205483 152.063613892
0.998252749 0.001566579 -0.059067879 -6.793626785 -0.001530173 0.999998629 0.000661562 0.233339280 0.059068836 -0.000570023 0.998253763 152.774765015
0.998306870 0.001239444 -0.058153849 -6.841824532 -0.001204073 0.999999046 0.000643277 0.232351542 0.058154594 -0.000572166 0.998307407 153.481826782
0.998285234 0.000455367 -0.058535188 -6.878376007 -0.000435226 0.999999821 0.000356824 0.237599969 0.058535341 -0.000330736 0.998285294 154.187469482
0.998247206 0.000474736 -0.059180215 -6.930840969 -0.000431304 0.999999642 0.000746672 0.236201018 0.059180547 -0.000719839 0.998247027 154.881958008
0.998118162 0.000005345 -0.061319835 -6.971063137 0.000080273 0.999999046 0.001393776 0.239109457 0.061319780 -0.001396075 0.998117208 155.588897705
0.997985244 -0.000483830 -0.063445084 -7.023491859 0.000596067 0.999998271 0.001750122 0.239089757 0.063444130 -0.001784413 0.997983813 156.269531250
0.997845650 -0.000196530 -0.065605305 -7.080634117 0.000322116 0.999998152 0.001903693 0.243036225 0.065604806 -0.001920724 0.997843862 156.964401245
0.997667611 -0.000473206 -0.068257488 -7.129611492 0.000564650 0.999998987 0.001320411 0.243422732 0.068256795 -0.001355873 0.997666836 157.662918091
0.997543991 -0.000556197 -0.070040919 -7.187812805 0.000607507 0.999999583 0.000711269 0.242576465 0.070040494 -0.000752073 0.997543871 158.351516724
0.997420073 -0.000504506 -0.071783721 -7.240876675 0.000474146 0.999999762 -0.000439979 0.247699842 0.071783930 0.000404808 0.997420132 159.040557861
0.997308731 -0.001030664 -0.073309451 -7.301443577 0.000938140 0.999998748 -0.001296517 0.251008481 0.073310696 0.001224253 0.997308373 159.722686768
0.997233629 -0.001630335 -0.074312896 -7.357486725 0.001465159 0.999996305 -0.002277164 0.249605671 0.074316338 0.002161985 0.997232378 160.418899536
0.997225642 -0.001504170 -0.074422769 -7.421381474 0.001278916 0.999994457 -0.003074238 0.252622008 0.074426979 0.002970528 0.997222066 161.110748291
0.997146904 -0.002308396 -0.075450048 -7.469383717 0.002102245 0.999993861 -0.002811593 0.253452122 0.075456075 0.002644957 0.997145593 161.805984497
0.997098684 -0.002511931 -0.076078214 -7.521040440 0.002377895 0.999995470 -0.001852354 0.253246129 0.076082520 0.001666074 0.997100115 162.496139526
0.997079551 -0.002542806 -0.076327413 -7.581043720 0.002379172 0.999994695 -0.002234697 0.256961912 0.076332688 0.002046574 0.997080326 163.200759888
0.997020304 -0.002904053 -0.077084593 -7.635123253 0.002731759 0.999993503 -0.002340483 0.259624571 0.077090897 0.002122933 0.997021794 163.900711060
0.997001052 -0.003183907 -0.077322476 -7.693118572 0.003007148 0.999992609 -0.002402324 0.260221452 0.077329546 0.002162600 0.997003257 164.608230591
0.996965408 -0.003424170 -0.077770405 -7.752073288 0.003215026 0.999990880 -0.002814301 0.267826110 0.077779330 0.002555727 0.996967316 165.321380615
0.996919751 -0.003906459 -0.078331195 -7.814317703 0.003710220 0.999989629 -0.002650633 0.266129911 0.078340739 0.002351842 0.996923864 166.049804688
0.996898651 -0.003929924 -0.078598253 -7.877768040 0.003723129 0.999989212 -0.002777414 0.273004085 0.078608327 0.002476169 0.996902525 166.778808594
0.996862888 -0.003370642 -0.079075985 -7.939245701 0.003159177 0.999991119 -0.002799150 0.277585655 0.079084709 0.002540554 0.996864676 167.506271362
0.996832669 -0.003250919 -0.079460904 -8.010714531 0.003083591 0.999992788 -0.002228416 0.277071446 0.079467580 0.001976333 0.996835470 168.252151489
0.996804416 -0.003591881 -0.079800107 -8.075042725 0.003415887 0.999991417 -0.002341837 0.280462712 0.079807840 0.002061766 0.996808112 168.999649048
0.996783793 -0.003863797 -0.080044538 -8.148674011 0.003620660 0.999988377 -0.003182435 0.284340322 0.080055900 0.002882386 0.996786237 169.747314453
0.996756732 -0.003689211 -0.080389343 -8.210073471 0.003469458 0.999989867 -0.002873117 0.283145338 0.080399126 0.002584892 0.996759415 170.494613647
0.996754646 -0.002975083 -0.080444694 -8.285046577 0.002757859 0.999992251 -0.002811266 0.285644054 0.080452435 0.002580288 0.996755123 171.254257202
0.996700466 -0.002668651 -0.081123926 -8.349613190 0.002474293 0.999993801 -0.002496255 0.287702143 0.081130087 0.002287294 0.996700883 172.011383057
0.996651113 -0.002998934 -0.081716478 -8.410290718 0.002851055 0.999994099 -0.001926278 0.288687915 0.081721768 0.001686849 0.996653736 172.757705688
0.996641040 -0.002557352 -0.081854247 -8.487234116 0.002405295 0.999995172 -0.001956209 0.292688787 0.081858851 0.001752755 0.996642411 173.520034790
0.996575534 -0.001663521 -0.082670696 -8.549782753 0.001504883 0.999996901 -0.001981184 0.288386524 0.082673736 0.001849990 0.996574938 174.279663086
0.996511817 -0.001792765 -0.083432272 -8.616838455 0.001595655 0.999995768 -0.002429132 0.289768219 0.083436273 0.002287529 0.996510506 175.049591064
0.996435523 -0.001883936 -0.084336847 -8.684794426 0.001652730 0.999994695 -0.002811200 0.295756996 0.084341690 0.002661793 0.996433318 175.816711426
0.996348500 -0.001498673 -0.085366301 -8.757453918 0.001276727 0.999995649 -0.002654455 0.293641120 0.085369907 0.002535773 0.996346116 176.588302612
0.996179581 -0.001186778 -0.087320343 -8.827011108 0.000951944 0.999995828 -0.002730937 0.291460216 0.087323219 0.002637380 0.996176541 177.352111816
0.996018648 -0.001196916 -0.089137234 -8.906947136 0.000914217 0.999994397 -0.003212265 0.297684997 0.089140579 0.003117985 0.996014178 178.112945557
0.995829761 -0.000569511 -0.091228932 -8.980405807 0.000212337 0.999992251 -0.003924803 0.299371153 0.091230467 0.003889065 0.995822191 178.876632690
0.995627820 0.000510120 -0.093407892 -9.063640594 -0.000958650 0.999988198 -0.004757029 0.304921240 0.093404368 0.004825776 0.995616555 179.635894775
0.995371640 0.000719369 -0.096097827 -9.138369560 -0.001192636 0.999987423 -0.004867503 0.304134935 0.096093118 0.004959584 0.995360017 180.402557373
0.995126605 0.000304976 -0.098605186 -9.214286804 -0.000775153 0.999988496 -0.004730000 0.303560913 0.098602608 0.004783383 0.995115399 181.178604126
0.994895220 -0.000280999 -0.100913100 -9.295656204 -0.000154870 0.999990702 -0.004311389 0.303774565 0.100913376 0.004305008 0.994885921 181.953201294
0.994674325 0.000294448 -0.103067473 -9.385573387 -0.000712667 0.999991655 -0.004020921 0.302569598 0.103065424 0.004072960 0.994666219 182.732849121
0.994423151 0.000358621 -0.105462901 -9.471835136 -0.000801881 0.999991000 -0.004160619 0.304611862 0.105460465 0.004221985 0.994414508 183.527801514
0.994257390 0.000234897 -0.107015125 -9.563170433 -0.000757568 0.999987960 -0.004843459 0.307137549 0.107012704 0.004896717 0.994245589 184.314559937
0.994107723 -0.000144629 -0.108396553 -9.655755997 -0.000430528 0.999985933 -0.005282622 0.305114865 0.108395793 0.005298164 0.994093716 185.116897583
0.993918300 -0.000129029 -0.110119678 -9.752308846 -0.000515768 0.999982893 -0.005826921 0.306632280 0.110118546 0.005848280 0.993901253 185.941741943
0.993745744 -0.000130392 -0.111666352 -9.845587730 -0.000624063 0.999977231 -0.006721354 0.309851497 0.111664683 0.006749004 0.993723035 186.771011353
0.993578970 -0.000641306 -0.113139041 -9.948647499 -0.000201202 0.999972343 -0.007435083 0.316851079 0.113140680 0.007410106 0.993551373 187.618072510
0.993436515 -0.000304912 -0.114384174 -10.050723076 -0.000619767 0.999967396 -0.008048330 0.311713129 0.114382900 0.008066397 0.993403971 188.467147827
0.993257821 -0.001500067 -0.115916602 -10.156499863 0.000492402 0.999961853 -0.008721171 0.317831397 0.115925260 0.008605294 0.993220687 189.347564697
0.993068516 -0.002233705 -0.117515504 -10.257961273 0.001235186 0.999962509 -0.008569061 0.316957146 0.117530242 0.008364511 0.993034065 190.224197388
0.992918849 -0.001549080 -0.118784666 -10.377524376 0.000438017 0.999955893 -0.009379125 0.326884001 0.118793957 0.009260681 0.992875755 191.135543823
0.992743671 -0.002190497 -0.120229810 -10.494552612 0.001037021 0.999952853 -0.009655662 0.331406921 0.120245293 0.009460916 0.992699146 192.077194214
0.992538512 -0.002160092 -0.121912211 -10.605536461 0.000967202 0.999951065 -0.009843164 0.335469991 0.121927515 0.009651806 0.992492080 193.011993408
0.992366314 -0.000911450 -0.123321697 -10.739887238 -0.000203641 0.999959230 -0.009029220 0.333508015 0.123324901 0.008985407 0.992325664 193.964874268
0.992148817 -0.000451381 -0.125062287 -10.870776176 -0.000559583 0.999967456 -0.008048434 0.333125472 0.125061855 0.008055227 0.992116272 194.936233521
0.991887033 0.000057654 -0.127122313 -10.995273590 -0.001022748 0.999971151 -0.007526598 0.332455784 0.127118215 0.007595549 0.991858482 195.902679443
0.991664708 0.000291858 -0.128844768 -11.122310638 -0.001309669 0.999968588 -0.007814857 0.325871646 0.128838450 0.007918462 0.991634011 196.882095337
0.991451144 0.000311886 -0.130478248 -11.259390831 -0.001355622 0.999967813 -0.007910567 0.329960406 0.130471587 0.008019820 0.991419613 197.880233765
0.991231382 0.000533225 -0.132136330 -11.396762848 -0.001614330 0.999966085 -0.008074749 0.332900345 0.132127553 0.008217257 0.991198659 198.891738892
0.991067827 0.000043904 -0.133358970 -11.540075302 -0.001238120 0.999959886 -0.008871982 0.334283173 0.133353233 0.008957851 0.991028070 199.919647217
0.990959346 -0.000160947 -0.134162530 -11.683491707 -0.001001184 0.999962568 -0.008594598 0.333235741 0.134158894 0.008651217 0.990922093 200.980606079
0.990810096 0.000598995 -0.135259032 -11.833328247 -0.001618554 0.999971092 -0.007427982 0.335136056 0.135250673 0.007578644 0.990782440 202.041687012
0.990611613 0.000512395 -0.136705577 -11.980619431 -0.001234821 0.999985695 -0.005199790 0.338589698 0.136700958 0.005319779 0.990598083 203.108001709
0.990497172 0.000298722 -0.137532830 -12.131413460 -0.000920484 0.999989629 -0.004457253 0.346005887 0.137530074 0.004541493 0.990487158 204.176956177
0.990283489 0.000727590 -0.139061436 -12.281727791 -0.001362940 0.999989092 -0.004473673 0.347670913 0.139056668 0.004619737 0.990273654 205.256942749
0.990125120 -0.000437983 -0.140185952 -12.435490608 -0.000421070 0.999981344 -0.006098235 0.355495006 0.140186012 0.006097043 0.990106404 206.334365845
0.989931107 -0.000475023 -0.141549334 -12.595430374 -0.000346884 0.999983251 -0.005781774 0.352011502 0.141549706 0.005772660 0.989914298 207.444290161
0.989764273 -0.001241523 -0.142706424 -12.750411987 0.000444785 0.999984145 -0.005614822 0.361347973 0.142711133 0.005493877 0.989749134 208.545303345
0.989631951 -0.000893318 -0.143623680 -12.911885262 0.000183650 0.999987721 -0.004954341 0.362521619 0.143626332 0.004876598 0.989619970 209.637222290
0.989504576 -0.002498204 -0.144479960 -13.070855141 0.001750997 0.999984443 -0.005298627 0.361013442 0.144490942 0.004990032 0.989493549 210.745483398
0.989354193 -0.003028274 -0.145496175 -13.235014915 0.002197061 0.999980330 -0.005873301 0.359631002 0.145511091 0.005491110 0.989341378 211.855697632
0.989211977 -0.003761388 -0.146442726 -13.401741982 0.002888617 0.999976754 -0.006172009 0.359435320 0.146462545 0.005682409 0.989199877 212.970489502
0.989115119 -0.005574362 -0.147038266 -13.573758125 0.004438956 0.999957740 -0.008048847 0.358931601 0.147076920 0.007308540 0.989098072 214.095901489
0.988965034 -0.006624408 -0.148001134 -13.745117188 0.005314409 0.999943137 -0.009244972 0.359408885 0.148053959 0.008356415 0.988943994 215.226013184
0.988865554 -0.006981357 -0.148647726 -13.929293633 0.005740442 0.999945045 -0.008775428 0.354375511 0.148700818 0.007824414 0.988851249 216.362258911
0.988717973 -0.006940615 -0.149628356 -14.110910416 0.005803719 0.999950886 -0.008033456 0.354766250 0.149676770 0.007074422 0.988709688 217.515670776
0.988600254 -0.006109526 -0.150440127 -14.292984962 0.004889959 0.999952137 -0.008475264 0.352781564 0.150484711 0.007643002 0.988582790 218.683807373
0.988508523 -0.004337973 -0.151102826 -14.483144760 0.003027298 0.999955773 -0.008903018 0.352085024 0.151134759 0.008343277 0.988477945 219.860946655
0.988429844 -0.001660990 -0.151669636 -14.673736572 0.000499634 0.999970257 -0.007694933 0.349621832 0.151677907 0.007530122 0.988401294 221.049621582
0.988352001 -0.000112840 -0.152185261 -14.862361908 -0.001000807 0.999973297 -0.007241088 0.350146562 0.152182013 0.007309052 0.988325477 222.239486694
0.988323331 0.001403153 -0.152364865 -15.059903145 -0.002501031 0.999972284 -0.007014170 0.348883659 0.152350798 0.007313337 0.988299429 223.440155029
0.988331258 0.002324374 -0.152302161 -15.255876541 -0.003609066 0.999960184 -0.008159252 0.350301385 0.152277142 0.008613712 0.988300323 224.659500122
0.988323689 0.001927387 -0.152356714 -15.449121475 -0.003297366 0.999956369 -0.008739767 0.344897360 0.152333215 0.009140094 0.988286912 225.891143799
0.988362670 0.001383337 -0.152109534 -15.647637367 -0.002701039 0.999960601 -0.008456560 0.359016329 0.152091846 0.008769002 0.988327444 227.140838623
0.988320410 0.000643411 -0.152388737 -15.845942497 -0.001677202 0.999976456 -0.006655455 0.359818220 0.152380854 0.006833309 0.988298237 228.401611328
0.988324642 -0.000666535 -0.152361095 -16.050983429 -0.000133492 0.999986231 -0.005240575 0.360315621 0.152362496 0.005199729 0.988310993 229.670578003
0.988221645 -0.002875255 -0.153002158 -16.251468658 0.002147635 0.999985576 -0.004920675 0.361823201 0.153014109 0.004534125 0.988213599 230.949661255
0.988208890 -0.005173866 -0.153024405 -16.452926636 0.004414720 0.999976218 -0.005300314 0.359538376 0.153048187 0.004562258 0.988208175 232.217376709
0.988115847 -0.006233449 -0.153584540 -16.660245895 0.005768766 0.999977350 -0.003471042 0.365991950 0.153602690 0.002543798 0.988129437 233.503997803
0.988047779 -0.006718762 -0.154001415 -16.863391876 0.006628481 0.999977410 -0.001099694 0.362624586 0.154005319 0.000065755 0.988070011 234.795166016
0.988024354 -0.006173691 -0.154174432 -17.075862885 0.005839678 0.999979496 -0.002619245 0.365815014 0.154187441 0.001687548 0.988040149 236.081970215
0.987997651 -0.005743137 -0.154361993 -17.284629822 0.004842184 0.999969006 -0.006211971 0.365850061 0.154392868 0.005389964 0.987994850 237.370056152
0.987939298 -0.004161744 -0.154785857 -17.493343353 0.002901506 0.999960780 -0.008366844 0.363765299 0.154814601 0.007816822 0.987912595 238.650466919
0.987968385 -0.003274768 -0.154621318 -17.707000732 0.002043113 0.999964893 -0.008123863 0.358332157 0.154642493 0.007710212 0.987940431 239.940063477
0.987911046 -0.000656030 -0.155020520 -17.918840408 -0.000281117 0.999981821 -0.006023309 0.357742578 0.155021653 0.005994072 0.987892866 241.238250732
0.987913668 0.000518455 -0.155004099 -18.147903442 -0.001178404 0.999990642 -0.004165772 0.356075883 0.155000493 0.004298081 0.987905025 242.556411743
0.987933993 0.000199263 -0.154875547 -18.364917755 -0.000818611 0.999991894 -0.003935235 0.361067384 0.154873520 0.004014535 0.987926126 243.869812012
0.987893164 0.000742048 -0.155133858 -18.581209183 -0.001404645 0.999990344 -0.004161562 0.363642126 0.155129269 0.004329087 0.987884700 245.179733276
0.987825930 0.000302616 -0.155562878 -18.792133331 -0.001056512 0.999988079 -0.004763590 0.364145845 0.155559584 0.004869952 0.987814486 246.493408203
0.987807512 0.000506109 -0.155679166 -19.015361786 -0.001352527 0.999984860 -0.005331062 0.366481155 0.155674115 0.005476624 0.987793267 247.824523926
0.987764359 0.000381988 -0.155953377 -19.232566833 -0.001401568 0.999978364 -0.006427816 0.370157003 0.155947551 0.006567746 0.987743497 249.171157837
0.987680912 -0.001039983 -0.156477854 -19.450597763 -0.000264552 0.999965370 -0.008315811 0.365455091 0.156481087 0.008254765 0.987646461 250.510269165
0.987646759 -0.002085703 -0.156682998 -19.673849106 0.000524324 0.999949813 -0.010005886 0.365628988 0.156696007 0.009800128 0.987598240 251.863327026
0.987592936 -0.002882929 -0.157009020 -19.903947830 0.001429558 0.999955118 -0.009368751 0.358437270 0.157028973 0.009028059 0.987552702 253.267791748
0.987640560 -0.003791898 -0.156689882 -20.129791260 0.002528975 0.999962687 -0.008258597 0.352573395 0.156715348 0.007760260 0.987613320 254.635513306
0.987634361 -0.003241054 -0.156741440 -20.354623795 0.002181626 0.999973595 -0.006930645 0.360758305 0.156759769 0.006502992 0.987615347 256.009338379
0.987633049 -0.004414745 -0.156720936 -20.584867477 0.003489439 0.999974847 -0.006178802 0.356208861 0.156744272 0.005555521 0.987623572 257.386169434
0.987600207 -0.003921586 -0.156940848 -20.821647644 0.003177976 0.999982476 -0.004988801 0.355626166 0.156957656 0.004428187 0.987595379 258.780578613
0.987507164 -0.003565166 -0.157533929 -21.046697617 0.002891913 0.999985695 -0.004502712 0.364778221 0.157547712 0.003990886 0.987503290 260.182281494
0.987595439 -0.003387991 -0.156983256 -21.284925461 0.002910088 0.999990404 -0.003274035 0.364124388 0.156992853 0.002776587 0.987595856 261.584930420
0.987656534 -0.002626307 -0.156613290 -21.510305405 0.001986347 0.999989033 -0.004242615 0.373904526 0.156622723 0.003879158 0.987650871 262.988403320
0.987849236 -0.001411777 -0.155408621 -21.742172241 0.000617171 0.999986470 -0.005161142 0.375027388 0.155413806 0.005002517 0.987836778 264.384094238
0.988012075 -0.001356465 -0.154370636 -21.969030380 0.000731761 0.999991298 -0.004103526 0.378035843 0.154374868 0.003941372 0.988004506 265.802093506
0.988225222 -0.000451683 -0.153005689 -22.198118210 -0.000194712 0.999991119 -0.004209637 0.379778951 0.153006226 0.004189861 0.988216341 267.222167969
0.988330245 -0.001056556 -0.152322665 -22.421070099 0.000128893 0.999981403 -0.006099869 0.383725345 0.152326271 0.006009052 0.988312006 268.636871338
0.988517344 -0.001235786 -0.151102379 -22.643329620 0.000262503 0.999979079 -0.006460991 0.385988325 0.151107207 0.006347137 0.988497019 270.076293945
0.988654792 -0.000575321 -0.150204524 -22.868579865 0.000022916 0.999993205 -0.003679390 0.386754870 0.150205627 0.003634204 0.988648117 271.516693115
0.988835156 0.000074162 -0.149013549 -23.100542068 -0.000498290 0.999995947 -0.002808905 0.388662010 0.149012730 0.002851796 0.988831162 272.978118896
0.989000261 -0.000426706 -0.147912979 -23.327873230 -0.000094644 0.999993801 -0.003517650 0.393656284 0.147913560 0.003492956 0.988994122 274.424499512
0.989076734 -0.000781349 -0.147399306 -23.555580139 0.000150412 0.999990761 -0.004291560 0.391995966 0.147401288 0.004222512 0.989067733 275.893615723
0.989122212 -0.001680280 -0.147086516 -23.785491943 0.001220740 0.999994099 -0.003214496 0.394373059 0.147091046 0.002999975 0.989118397 277.385925293
0.989177048 -0.002391270 -0.146707237 -24.016311646 0.001976484 0.999993622 -0.002973010 0.401227117 0.146713421 0.002650868 0.989175498 278.860809326
0.989130676 -0.003538828 -0.146996439 -24.232706070 0.003044823 0.999988914 -0.003585539 0.412230343 0.147007510 0.003098988 0.989130497 280.347778320
0.989087939 -0.003886392 -0.147274897 -24.459764481 0.003365366 0.999987185 -0.003786786 0.410284668 0.147287726 0.003249831 0.989088356 281.840270996
0.989113867 -0.004354466 -0.147087723 -24.691022873 0.003777232 0.999984026 -0.004203500 0.418299407 0.147103682 0.003602155 0.989114523 283.334136963
0.989132702 -0.005088124 -0.146937326 -24.928834915 0.004535228 0.999981344 -0.004097577 0.415504366 0.146955431 0.003386654 0.989137292 284.838012695
0.989221573 -0.005432377 -0.146325737 -25.170736313 0.004939522 0.999980867 -0.003731342 0.423823386 0.146343216 0.002968344 0.989229441 286.356201172
0.989233375 -0.005677166 -0.146236405 -25.407840729 0.005183523 0.999979496 -0.003756491 0.429977953 0.146254733 0.002958026 0.989242554 287.873535156
0.989292920 -0.005141505 -0.145852849 -25.646261215 0.004833767 0.999985278 -0.002464246 0.434281945 0.145863369 0.001732842 0.989303231 289.386810303
0.989341617 -0.004524296 -0.145542949 -25.883062363 0.004153757 0.999987304 -0.002849702 0.436134368 0.145553991 0.002214779 0.989347816 290.898529053
0.989379466 -0.005810038 -0.145239487 -26.113109589 0.005107911 0.999973416 -0.005206718 0.438370228 0.145265877 0.004409549 0.989382803 292.426361084
0.989354074 -0.006524779 -0.145382136 -26.343208313 0.005587334 0.999960899 -0.006855534 0.438387513 0.145421177 0.005970252 0.989351809 293.972442627
0.989346683 -0.008233392 -0.145345464 -26.578767776 0.007486915 0.999955833 -0.005682138 0.436905354 0.145385817 0.004533416 0.989364624 295.511810303
0.989330113 -0.009961728 -0.145350382 -26.808765411 0.009452635 0.999946535 -0.004192756 0.437416971 0.145384386 0.002774076 0.989371359 297.061431885
0.989256978 -0.011526015 -0.145732075 -27.039060593 0.011104299 0.999931455 -0.003706936 0.439360321 0.145764813 0.002048860 0.989317179 298.613159180
0.989326596 -0.011950148 -0.145224333 -27.281692505 0.011629239 0.999927700 -0.003058505 0.448759854 0.145250380 0.001337012 0.989394009 300.184997559
0.989240766 -0.011422114 -0.145849869 -27.519792557 0.011130859 0.999934077 -0.002812904 0.456314087 0.145872384 0.001159205 0.989302754 301.749877930
0.989189029 -0.011217643 -0.146216467 -27.767173767 0.010915538 0.999936283 -0.002868332 0.466589749 0.146239325 0.001241291 0.989248455 303.351715088
0.989128232 -0.011396503 -0.146613225 -27.995607376 0.010941815 0.999932528 -0.003907395 0.482581884 0.146647856 0.002260700 0.989186168 304.969665527
0.988948584 -0.015319470 -0.147465378 -28.222320557 0.014979493 0.999881983 -0.003415807 0.491812378 0.147500291 0.001169101 0.989061296 306.588958740
0.988898277 -0.017239112 -0.147590697 -28.468156815 0.017798077 0.999838531 0.002467359 0.491863668 0.147524342 -0.005066798 0.989045441 308.142608643
0.988765001 -0.016454516 -0.148569748 -28.703630447 0.017323684 0.999839544 0.004557968 0.498997241 0.148470908 -0.007080535 0.988891423 309.725830078
0.988822937 -0.014049658 -0.148431331 -28.957012177 0.014232576 0.999898672 0.000170196 0.512854099 0.148413911 -0.002280854 0.988922715 311.308807373
0.988875091 -0.009870469 -0.148420483 -29.214984894 0.009656558 0.999951065 -0.002161801 0.519129992 0.148434564 0.000704521 0.988922000 312.884368896
0.988857448 -0.007385395 -0.148682222 -29.465955734 0.007494626 0.999971926 0.000174392 0.519776404 0.148676753 -0.001286766 0.988884985 314.474212646
0.988734722 -0.006880920 -0.149520159 -29.701755524 0.007337310 0.999969959 0.002500935 0.525661111 0.149498463 -0.003569837 0.988755524 316.040832520
0.988768876 -0.005297927 -0.149358675 -29.942556381 0.005975803 0.999973774 0.004090155 0.541635752 0.149333090 -0.004936757 0.988774598 317.614807129
0.988919020 -0.005239380 -0.148363337 -30.180885315 0.005817580 0.999977052 0.003463499 0.547582507 0.148341790 -0.004288236 0.988926828 319.173065186
