1.000000000 0.000000000 0.000000000 0.000000000 0.000000000 1.000000000 0.000000000 0.000000000 0.000000000 0.000000000 1.000000000 0.000000000
0.999998629 -0.000671547 0.001518281 -0.001897755 0.000671618 0.999999762 -0.000046444 0.002750705 -0.001518249 0.000047464 0.999998868 0.404086888
0.999996483 -0.000826109 0.002511889 0.003810537 0.000825230 0.999999583 0.000351089 0.003590620 -0.002512178 -0.000349015 0.999996781 0.798401415
0.999991298 0.001337101 0.003955178 0.002537521 -0.001338627 0.999999046 0.000383195 0.002828897 -0.003954662 -0.000388486 0.999992132 1.198798895
0.999978423 0.003651449 0.005458238 -0.001176797 -0.003651926 0.999993324 0.000077460 0.003222296 -0.005457919 -0.000097391 0.999985099 1.594434023
0.999969304 0.004013269 0.006726881 0.003463478 -0.004020019 0.999991417 0.000990175 0.004618454 -0.006722849 -0.001017187 0.999976873 1.992316127
0.999965370 0.002136148 0.008041896 0.009297302 -0.002157035 0.999994338 0.002589473 0.006071606 -0.008036319 -0.002606730 0.999964297 2.388506413
0.999956369 0.000900095 0.009299191 0.014575033 -0.000932744 0.999993443 0.003507210 0.009114678 -0.009295973 -0.003515730 0.999950588 2.779889822
0.999950469 0.000131905 0.009950806 0.022693731 -0.000171271 0.999992192 0.003955314 0.010520122 -0.009950207 -0.003956823 0.999942660 3.166964293
0.999951065 0.000565828 0.009873759 0.020327577 -0.000611347 0.999989212 0.004607653 0.010836868 -0.009871045 -0.004613464 0.999940634 3.559249401
0.999952793 0.001574023 0.009586834 0.021471197 -0.001631339 0.999980807 0.005973691 0.011732322 -0.009577248 -0.005989049 0.999936223 3.941804886
0.999954164 0.001778291 0.009409349 0.025039129 -0.001842938 0.999974728 0.006866321 0.010977255 -0.009396901 -0.006883347 0.999932170 4.325336456
0.999964893 -0.000255061 0.008375001 0.030227952 0.000200063 0.999978423 0.006567186 0.013342259 -0.008376495 -0.006565280 0.999943376 4.719281197
0.999967635 -0.002482250 0.007653988 0.036747985 0.002437117 0.999979615 0.005900376 0.015412197 -0.007668478 -0.005881532 0.999953330 5.100971699
0.999974132 -0.001897724 0.006941118 0.039609317 0.001866178 0.999987900 0.004548372 0.019888615 -0.006949665 -0.004535301 0.999965549 5.468832016
0.999978364 0.001409382 0.006429156 0.028980013 -0.001427084 0.999995172 0.002749626 0.019319087 -0.006425250 -0.002758741 0.999975562 5.847196102
0.999977589 0.003627842 0.005627159 0.022925055 -0.003636871 0.999992132 0.001595106 0.017467033 -0.005621328 -0.001615535 0.999982893 6.214031219
0.999977708 0.005217551 0.004164368 0.025580497 -0.005219820 0.999986231 0.000534341 0.020554697 -0.004161523 -0.000556067 0.999991179 6.567943096
0.999983370 0.004391824 0.003730966 0.025049075 -0.004392141 0.999990344 0.000076881 0.019808244 -0.003730593 -0.000093267 0.999993026 6.921820164
0.999990165 0.003470199 0.002752610 0.026664464 -0.003469236 0.999993920 -0.000354563 0.021833992 -0.002753824 0.000345010 0.999996126 7.268636227
0.999993563 0.002768510 0.002294895 0.029847633 -0.002765185 0.999995112 -0.001450722 0.019970672 -0.002298900 0.001444367 0.999996305 7.602967262
0.999988794 0.004457989 0.001582317 0.025483230 -0.004454286 0.999987364 -0.002336069 0.022539288 -0.001592711 0.002328995 0.999996006 7.928362370
0.999984801 0.005415142 0.001029420 0.023063211 -0.005412315 0.999981642 -0.002729664 0.022951785 -0.001044182 0.002724051 0.999995768 8.254135132
0.999974847 0.007041167 0.000831170 0.014328579 -0.007039509 0.999973238 -0.001980599 0.019482473 -0.000845094 0.001974699 0.999997675 8.567218781
0.999976337 0.006875318 -0.000051391 0.017528743 -0.006875393 0.999975085 -0.001615381 0.019862413 0.000040284 0.001615696 0.999998689 8.878437996
0.999961793 0.008732757 -0.000369157 0.011178439 -0.008733260 0.999960899 -0.001384306 0.020316347 0.000357053 0.001387477 0.999998987 9.178279877
0.999956608 0.009298384 -0.000588317 0.009648629 -0.009299306 0.999955535 -0.001584182 0.018118108 0.000573560 0.001589584 0.999998569 9.460768700
0.999938846 0.010935326 -0.001668046 0.005052039 -0.010938765 0.999938011 -0.002066440 0.021322723 0.001645345 0.002084560 0.999996483 9.752588272
0.999937534 0.010953111 -0.002229545 0.001185811 -0.010957435 0.999938071 -0.001936721 0.020698080 0.002208194 0.001961030 0.999995649 10.032001495
0.999924600 0.012009170 -0.002572497 -0.001724519 -0.012012871 0.999926805 -0.001427952 0.022598935 0.002555161 0.001458747 0.999995649 10.306774139
0.999907613 0.013250634 -0.003037986 -0.006660261 -0.013253306 0.999911785 -0.000861055 0.020973839 0.003026309 0.000901239 0.999994993 10.574168205
0.999900043 0.013641768 -0.003715405 -0.008137979 -0.013643402 0.999906838 -0.000414821 0.021034187 0.003709400 0.000465470 0.999993026 10.832290649
0.999917388 0.012118161 -0.004280819 -0.004226521 -0.012119947 0.999926448 -0.000391590 0.020769428 0.004275759 0.000443441 0.999990761 11.100512505
0.999923170 0.011613653 -0.004338752 -0.008298579 -0.011616038 0.999932408 -0.000524995 0.023057163 0.004332362 0.000575354 0.999990463 11.348328590
0.999918401 0.011765035 -0.004973678 -0.005968865 -0.011765436 0.999930799 -0.000051457 0.020962052 0.004972728 0.000109970 0.999987602 11.593240738
0.999919176 0.011619042 -0.005163656 -0.006878139 -0.011616751 0.999932408 0.000473576 0.021059953 0.005168809 -0.000413553 0.999986529 11.828114510
0.999916673 0.011812082 -0.005206068 -0.013355368 -0.011807191 0.999929845 0.000969075 0.019015651 0.005217149 -0.000907525 0.999985993 12.054088593
0.999927342 0.010652817 -0.005642281 -0.011507143 -0.010644942 0.999942303 0.001423978 0.019700842 0.005657125 -0.001363813 0.999983072 12.277312279
0.999925256 0.010891616 -0.005552494 -0.013058782 -0.010882438 0.999939382 0.001680549 0.018031087 0.005570462 -0.001619999 0.999983191 12.483732224
0.999909222 0.012253234 -0.005603536 -0.027861478 -0.012246035 0.999924123 0.001317336 0.016609907 0.005619253 -0.001248595 0.999983430 12.692375183
0.999895334 0.013113935 -0.006114881 -0.029980233 -0.013108415 0.999913633 0.000941894 0.018078851 0.006126705 -0.000861639 0.999980867 12.886858940
0.999897897 0.012992287 -0.005947663 -0.033662040 -0.012988165 0.999915361 0.000731181 0.017557021 0.005956660 -0.000653857 0.999982059 13.081621170
0.999897897 0.012875181 -0.006201071 -0.030877789 -0.012873263 0.999917090 0.000349102 0.018316325 0.006205052 -0.000269239 0.999980688 13.260158539
0.999901533 0.012384459 -0.006600460 -0.028416092 -0.012381012 0.999923170 0.000562978 0.018557115 0.006606925 -0.000481202 0.999978065 13.439049721
0.999897540 0.012791131 -0.006425054 -0.038081389 -0.012787048 0.999917984 0.000676092 0.016275335 0.006433175 -0.000593866 0.999979138 13.610190392
0.999901056 0.012432506 -0.006585018 -0.039161030 -0.012427685 0.999922454 0.000772643 0.020408932 0.006594114 -0.000690730 0.999978006 13.768060684
0.999899268 0.012352979 -0.006987320 -0.041685831 -0.012346063 0.999923229 0.001032025 0.018319612 0.006999532 -0.000945655 0.999975085 13.936525345
0.999897718 0.012473983 -0.007000692 -0.046276379 -0.012466197 0.999921620 0.001154598 0.018549303 0.007014546 -0.001067208 0.999974847 14.086152077
0.999904156 0.012048531 -0.006823801 -0.051416460 -0.012037450 0.999926150 0.001662695 0.019005507 0.006843330 -0.001580395 0.999975324 14.221416473
0.999912739 0.011274009 -0.006886317 -0.046596613 -0.011259736 0.999934375 0.002107928 0.021308780 0.006909630 -0.002030206 0.999974072 14.341773033
0.999916077 0.010870303 -0.007049106 -0.052391332 -0.010856358 0.999939024 0.002013453 0.016659355 0.007070563 -0.001936756 0.999973118 14.466932297
0.999906898 0.011941121 -0.006606019 -0.057348538 -0.011931532 0.999927700 0.001488999 0.011769822 0.006623322 -0.001410040 0.999977052 14.571857452
0.999900997 0.012301349 -0.006834196 -0.049486391 -0.012292999 0.999923646 0.001262618 0.007090773 0.006849207 -0.001178480 0.999975860 14.665662766
0.999902189 0.012185262 -0.006867017 -0.047429968 -0.012177360 0.999925137 0.001191237 0.010571118 0.006881018 -0.001107499 0.999975741 14.764922142
0.999907851 0.011706861 -0.006872508 -0.046247534 -0.011697651 0.999930620 0.001378807 0.008095653 0.006888172 -0.001298288 0.999975443 14.857165337
0.999914169 0.011231177 -0.006743444 -0.049410399 -0.011219605 0.999935508 0.001751553 0.010865027 0.006762681 -0.001675743 0.999975741 14.945672989
0.999917984 0.010947905 -0.006648636 -0.051329125 -0.010934946 0.999938250 0.001982340 0.009567712 0.006669928 -0.001909475 0.999975920 15.024056435
0.999915481 0.011028626 -0.006882696 -0.046764620 -0.011017670 0.999937952 0.001627689 0.010117254 0.006900221 -0.001551720 0.999974966 15.097894669
0.999915540 0.011130526 -0.006709951 -0.051094431 -0.011122161 0.999937296 0.001282647 0.009839564 0.006723808 -0.001207910 0.999976695 15.165266991
0.999912441 0.011291114 -0.006903450 -0.047478791 -0.011284406 0.999935806 0.001009729 0.010864064 0.006914408 -0.000931739 0.999975681 15.241432190
0.999913216 0.011250808 -0.006858030 -0.047164354 -0.011243053 0.999936104 0.001168346 0.008928441 0.006870737 -0.001091139 0.999975801 15.307446480
0.999916017 0.010990501 -0.006864523 -0.048795462 -0.010983021 0.999939024 0.001126540 0.013466389 0.006876485 -0.001051053 0.999975801 15.376955986
0.999920368 0.010724462 -0.006650066 -0.050351147 -0.010714581 0.999941468 0.001519609 0.011876956 0.006665973 -0.001448235 0.999976754 15.435705185
0.999917924 0.010942250 -0.006661087 -0.049090680 -0.010931907 0.999938965 0.001587074 0.012536438 0.006678047 -0.001514126 0.999976575 15.498705864
0.999916553 0.011023083 -0.006733037 -0.049656522 -0.011013349 0.999938250 0.001481025 0.012012067 0.006748946 -0.001406748 0.999976218 15.559913635
0.999918818 0.010865475 -0.006653765 -0.052792404 -0.010855551 0.999939919 0.001525892 0.009803060 0.006669945 -0.001453538 0.999976695 15.618536949
0.999919593 0.010752420 -0.006724434 -0.051030308 -0.010744208 0.999941468 0.001256179 0.012952667 0.006737547 -0.001183830 0.999976575 15.675570488
0.999916077 0.011038700 -0.006782416 -0.055632252 -0.011030862 0.999938428 0.001192024 0.012315809 0.006795157 -0.001117108 0.999976277 15.736889839
0.999912977 0.011377901 -0.006680779 -0.055186618 -0.011371613 0.999934852 0.000978222 0.012389552 0.006691474 -0.000902166 0.999977231 15.798399925
0.999919415 0.010857960 -0.006580745 -0.057882309 -0.010853584 0.999940872 0.000700319 0.011636789 0.006587960 -0.000628838 0.999978125 15.862187386
0.999917448 0.011009295 -0.006627765 -0.060151577 -0.011003138 0.999939024 0.000964954 0.009618093 0.006637984 -0.000891948 0.999977589 15.935610771
0.999923408 0.010476927 -0.006587060 -0.057775136 -0.010471004 0.999944746 0.000932995 0.013896454 0.006596471 -0.000863951 0.999977887 15.986625671
0.999922752 0.010603127 -0.006482186 -0.061238863 -0.010596748 0.999943316 0.001017800 0.013720148 0.006492611 -0.000949031 0.999978483 16.066478729
0.999921858 0.010592621 -0.006634837 -0.056729946 -0.010583413 0.999942958 0.001421404 0.011257808 0.006649515 -0.001351074 0.999976993 16.132764816
0.999922752 0.010725952 -0.006278294 -0.063978240 -0.010716268 0.999941349 0.001574170 0.011906913 0.006294810 -0.001506768 0.999979079 16.198789597
0.999927878 0.010275489 -0.006212551 -0.062177707 -0.010264091 0.999945581 0.001863786 0.013952651 0.006231364 -0.001799886 0.999978960 16.265449524
0.999929667 0.010076232 -0.006258147 -0.053518940 -0.010062369 0.999946833 0.002242894 0.012585465 0.006280414 -0.002179764 0.999977887 16.333753586
0.999928832 0.010319202 -0.005990642 -0.055284046 -0.010306930 0.999944746 0.002075893 0.014106908 0.006011733 -0.002014000 0.999979913 16.395008087
0.999929249 0.010416816 -0.005746802 -0.060145881 -0.010403894 0.999943316 0.002273843 0.013755801 0.005770163 -0.002213893 0.999980927 16.459001541
0.999924600 0.010968838 -0.005519531 -0.061776139 -0.010956161 0.999937296 0.002321812 0.015181692 0.005544652 -0.002261164 0.999982059 16.520090103
0.999927282 0.010835574 -0.005293233 -0.062588759 -0.010823105 0.999938607 0.002378731 0.016210400 0.005318683 -0.002321269 0.999983132 16.577121735
0.999926686 0.010950309 -0.005173305 -0.061452940 -0.010938096 0.999937356 0.002383263 0.012775071 0.005199078 -0.002326502 0.999983788 16.630302429
0.999932766 0.010441844 -0.005044757 -0.060846265 -0.010431646 0.999943495 0.002043649 0.019008430 0.005065812 -0.001990886 0.999985158 16.696128845
0.999936998 0.010128063 -0.004838206 -0.058871709 -0.010117595 0.999946415 0.002183110 0.015256140 0.004860057 -0.002134021 0.999985933 16.754379272
0.999943078 0.009638477 -0.004573838 -0.059308186 -0.009629303 0.999951601 0.002023609 0.014683967 0.004593121 -0.001979451 0.999987483 16.814619064
0.999943554 0.009657354 -0.004432738 -0.058752403 -0.009647939 0.999951184 0.002140463 0.014303005 0.004453193 -0.002097575 0.999987900 16.877250671
