1.000000000 0.000000000 0.000000000 0.000000000 0.000000000 1.000000000 0.000000000 0.000000000 0.000000000 0.000000000 1.000000000 0.000000000
0.999988139 -0.000810455 0.004800896 -0.001233974 0.000836607 0.999984801 -0.005447935 0.006715436 -0.004796408 0.005451887 0.999973655 0.915290415
0.999965966 0.000540920 0.008231188 0.004767372 -0.000533119 0.999999404 -0.000949922 0.016182490 -0.008231697 0.000945502 0.999965668 1.853307724
0.999917924 0.005047535 0.011778216 -0.012560535 -0.005107404 0.999974191 0.005058457 0.009100582 -0.011752378 -0.005118197 0.999917865 2.756091833
0.999886334 0.003917099 0.014557924 -0.007347983 -0.004014874 0.999969542 0.006693083 0.017234776 -0.014531263 -0.006750770 0.999871612 3.675198555
0.999878466 0.003034964 0.015291986 0.005907287 -0.003053556 0.999994636 0.001192600 0.030262196 -0.015288285 -0.001239150 0.999882340 4.599286079
0.999845922 0.010086021 0.014368664 -0.003741571 -0.010046856 0.999945641 -0.002795365 0.040955734 -0.014396077 0.002650574 0.999892831 5.514370918
0.999894619 0.008462230 0.011795936 0.004567150 -0.008409702 0.999954522 -0.004495535 0.042807221 -0.011833442 0.004395861 0.999920309 6.440270901
0.999928772 0.006069201 0.010274284 0.010699430 -0.006008216 0.999964237 -0.005956137 0.041232157 -0.010310065 0.005893983 0.999929488 7.364248753
0.999932706 0.008913933 0.007422747 -0.001415386 -0.008865535 0.999939382 -0.006527848 0.037224717 -0.007480486 0.006461602 0.999951124 8.294390678
0.999948084 0.009764132 0.002915707 -0.014251908 -0.009746524 0.999934554 -0.005993410 0.043315969 -0.002974037 0.005964682 0.999977767 9.230477333
0.999938130 0.010341004 -0.004104842 -0.022751598 -0.010347255 0.999945343 -0.001504472 0.044142958 0.004089060 0.001546853 0.999990463 10.183053017
0.999918818 0.006505461 -0.010955134 -0.047696088 -0.006505535 0.999978840 0.000028895 0.042915236 0.010955091 0.000042376 0.999939978 11.115281105
0.999809861 0.002261425 -0.019368673 -0.065986738 -0.002203020 0.999992967 0.003036212 0.047222983 0.019375402 -0.002992965 0.999807775 12.069148064
0.999605834 -0.001197202 -0.028049238 -0.096532278 0.001268583 0.999996006 0.002527197 0.049842883 0.028046099 -0.002561783 0.999603331 13.024049759
0.999303281 -0.003083860 -0.037194479 -0.138243511 0.003143442 0.999993861 0.001543517 0.058925781 0.037189491 -0.001659360 0.999306858 13.979974747
0.998873115 -0.005797596 -0.047104552 -0.185017020 0.005718482 0.999981999 -0.001814113 0.052636698 0.047114220 0.001542702 0.998888314 14.914491653
0.998380899 -0.006946578 -0.056456465 -0.242584378 0.006882412 0.999975443 -0.001330913 0.058525376 0.056464326 0.000940201 0.998404145 15.877369881
0.997861266 -0.004497934 -0.065212660 -0.314854324 0.004494200 0.999989867 -0.000203950 0.059027500 0.065212920 -0.000089565 0.997871339 16.844989777
0.997301579 -0.002823156 -0.073359028 -0.397906840 0.002932671 0.999994755 0.001385192 0.060105164 0.073354729 -0.001596592 0.997304618 17.810312271
0.996704102 -0.002654543 -0.081079721 -0.482290566 0.002687141 0.999996364 0.000292939 0.068382464 0.081078649 -0.000509846 0.996707559 18.785589218
0.996094942 -0.000376497 -0.088287681 -0.579400301 0.000324116 0.999999762 -0.000607638 0.070820034 0.088287883 0.000576650 0.996094823 19.759225845
0.995487154 0.000262759 -0.094896138 -0.692165554 -0.000562776 0.999994934 -0.003134787 0.072550870 0.094894826 0.003174045 0.995482266 20.719791412
0.994771600 0.000941028 -0.102120571 -0.797328830 -0.001422632 0.999988198 -0.004643308 0.074714296 0.102114998 0.004764311 0.994761169 21.695661545
0.994045079 0.000248064 -0.108969413 -0.908698320 -0.000782703 0.999987841 -0.004863572 0.075752519 0.108966887 0.004919901 0.994033217 22.692317963
0.993263662 0.004834913 -0.115775086 -1.037967920 -0.005406864 0.999974668 -0.004626652 0.076573327 0.115749784 0.005221466 0.993264675 23.685016632
0.992391050 0.008936834 -0.122800983 -1.178372622 -0.009656188 0.999939501 -0.005263982 0.071609870 0.122746520 0.006409718 0.992417336 24.670543671
0.991381168 0.012899110 -0.130372539 -1.318107605 -0.013762039 0.999888957 -0.005720135 0.074760795 0.130284280 0.007465026 0.991448581 25.686214447
0.990328133 0.018208895 -0.137544841 -1.483664155 -0.018446511 0.999829769 -0.000452973 0.066651955 0.137513176 0.002985814 0.990495443 26.663953781
0.989193141 0.022379993 -0.144900262 -1.642590165 -0.021893721 0.999748051 0.004949858 0.072854929 0.144974530 -0.001723960 0.989433885 27.681568146
0.987920344 0.026506657 -0.152678832 -1.808718085 -0.025721928 0.999643803 0.007112972 0.085345209 0.152812988 -0.003099856 0.988250256 28.702182770
0.986706316 0.026762735 -0.160294846 -1.998440981 -0.026246956 0.999641240 0.005334523 0.096202292 0.160380110 -0.001056355 0.987054765 29.715095520
0.985385299 0.026286215 -0.168299839 -2.181868553 -0.026095890 0.999653876 0.003342905 0.111176029 0.168329448 0.001097884 0.985730171 30.736173630
0.984048486 0.023876844 -0.176290721 -2.365223169 -0.023987254 0.999711156 0.001505046 0.120053947 0.176275730 0.002747691 0.984336972 31.775514603
0.982764661 0.023481367 -0.183363706 -2.569450140 -0.023605643 0.999720216 0.001505238 0.126660824 0.183347747 0.002849123 0.983043969 32.802646637
0.981457472 0.024576038 -0.190097898 -2.775285006 -0.024652574 0.999694169 0.001962506 0.133239418 0.190087989 0.002760286 0.981763184 33.847370148
0.980275512 0.026492424 -0.195852265 -2.988740206 -0.026198676 0.999648392 0.004090790 0.140724584 0.195891768 0.001120968 0.980624855 34.891563416
0.979291439 0.029243650 -0.200332433 -3.229895592 -0.028812001 0.999571979 0.005070519 0.145973206 0.200394973 0.000806462 0.979714870 35.933609009
0.978433371 0.033058513 -0.203900248 -3.457210779 -0.032348443 0.999453425 0.006815335 0.162011653 0.204014108 -0.000072495 0.978967965 37.009979248
0.977715015 0.036662709 -0.206710324 -3.694063187 -0.035799291 0.999327660 0.007917129 0.172920153 0.206861600 -0.000340613 0.978370130 38.069149017
0.977219641 0.040134568 -0.208401188 -3.944043398 -0.039143309 0.999194145 0.008880056 0.191217571 0.208589643 -0.000520254 0.978003144 39.132751465
0.976688206 0.041636303 -0.210586280 -4.192948818 -0.040515646 0.999132454 0.009635143 0.206363365 0.210804760 -0.000878492 0.977527797 40.226238251
0.976272941 0.041665941 -0.212497145 -4.437135220 -0.040310126 0.999129832 0.010710719 0.223977879 0.212758511 -0.001890799 0.977102995 41.309600830
0.975897312 0.039147113 -0.214690417 -4.676208973 -0.037991058 0.999232829 0.009510001 0.237061933 0.214898005 -0.001124468 0.976635873 42.391883850
0.975495458 0.038478699 -0.216628730 -4.931924343 -0.037900768 0.999258220 0.006823332 0.250188351 0.216730595 0.001554265 0.976230204 43.499965668
0.974979997 0.037991647 -0.219022021 -5.195816517 -0.037856475 0.999271572 0.004815354 0.264580220 0.219045416 0.003596527 0.975708008 44.607917786
0.974374533 0.035980929 -0.222035274 -5.452490330 -0.036004301 0.999343872 0.003943720 0.278616488 0.222031489 0.004151564 0.975030661 45.718723297
0.973443508 0.035538785 -0.226152122 -5.705298424 -0.035450485 0.999361515 0.004452993 0.285489857 0.226165980 0.003682465 0.974081814 46.847877502
0.972763479 0.034926612 -0.229153469 -5.996722698 -0.034445461 0.999387980 0.006100482 0.298564404 0.229226291 0.001958970 0.973371208 47.982303619
0.971956849 0.034505550 -0.232614025 -6.269301891 -0.033975884 0.999402881 0.006284462 0.310224473 0.232691973 0.001795041 0.972548842 49.106563568
0.971284568 0.032906942 -0.235634074 -6.544036865 -0.033161562 0.999445856 0.002883261 0.326396674 0.235598370 0.005013525 0.971837580 50.228492737
0.970783472 0.031069061 -0.237937406 -6.840635300 -0.031624272 0.999498725 0.001484283 0.333708286 0.237864256 0.006083680 0.971279383 51.364063263
0.970238090 0.031326424 -0.240118071 -7.125733852 -0.031350415 0.999501526 0.003720833 0.343742430 0.240114942 0.003917707 0.970736563 52.495979309
0.969810724 0.031080520 -0.241870150 -7.421573639 -0.030401515 0.999516368 0.006539760 0.356559157 0.241956428 0.001010888 0.970286608 53.645874023
0.969306886 0.032219160 -0.243733630 -7.720673084 -0.031434167 0.999480546 0.007110499 0.368099838 0.243836120 0.000769308 0.969816148 54.776184082
0.968979657 0.033264957 -0.244891495 -8.028088570 -0.032367252 0.999446452 0.007690490 0.378798634 0.245011762 0.000474535 0.969519973 55.971977234
0.968615890 0.036494840 -0.245868698 -8.326681137 -0.035582557 0.999333501 0.008153472 0.396084785 0.246002376 0.000851054 0.969268858 57.121570587
0.968644738 0.037284143 -0.245636404 -8.633511543 -0.036664765 0.999302447 0.007095855 0.409666240 0.245729610 0.002132838 0.969336092 58.274467468
0.968678415 0.037922695 -0.245405868 -8.942462921 -0.037835065 0.999271095 0.005073419 0.416456044 0.245419398 0.004370436 0.969407141 59.457462311
0.968717337 0.037077658 -0.245381162 -9.238341331 -0.037653014 0.999288142 0.002347915 0.429380268 0.245293543 0.006964874 0.969423831 60.624923706
0.969150186 0.036112852 -0.243810892 -9.546987534 -0.036716782 0.999323547 0.002068602 0.440478206 0.243720680 0.006947164 0.969820619 61.795673370
0.969501674 0.036398847 -0.242366701 -9.857911110 -0.036643267 0.999322295 0.003500763 0.447275162 0.242329866 0.005487113 0.970178425 63.001632690
0.969888210 0.037071366 -0.240712598 -10.156016350 -0.036673412 0.999308467 0.006134369 0.460100681 0.240773544 0.002878099 0.970577061 64.201820374
0.970269203 0.038077082 -0.239014357 -10.462038040 -0.037237614 0.999274194 0.008028550 0.474957585 0.239146590 0.001110469 0.970982850 65.415077209
0.970642209 0.039881676 -0.237198547 -10.768541336 -0.038783636 0.999204397 0.009295640 0.490888447 0.237380564 0.000176681 0.971416712 66.616859436
0.971051216 0.039666485 -0.235554785 -11.067082405 -0.038916975 0.999211729 0.007831890 0.511112750 0.235679775 0.001561912 0.971829534 67.826950073
0.971619248 0.037114780 -0.233620569 -11.368143082 -0.036785983 0.999306560 0.005766091 0.519998968 0.233672574 0.002991516 0.972310722 69.049858093
0.972041845 0.033838358 -0.232356638 -11.673036575 -0.034064200 0.999415040 0.003041602 0.524387717 0.232323632 0.004958477 0.972625911 70.290840149
0.972327173 0.033236023 -0.231247187 -11.964612961 -0.033382051 0.999437273 0.003282410 0.539553761 0.231226161 0.004527928 0.972889483 71.519142151
0.972532213 0.037219796 -0.229773313 -12.271420479 -0.036013044 0.999306679 0.009444727 0.552641928 0.229965538 -0.000910464 0.973198354 72.759162903
0.972646594 0.038900223 -0.229009494 -12.575905800 -0.036473628 0.999224722 0.014820837 0.572210908 0.229408473 -0.006062629 0.973311365 74.010307312
0.972572625 0.041065648 -0.228945524 -12.877068520 -0.039829399 0.999156237 0.010019918 0.601051331 0.229163826 -0.000626336 0.973387659 75.252098083
0.972596407 0.037623920 -0.229435459 -13.175670624 -0.037449073 0.999285460 0.005117774 0.627335429 0.229464069 0.003614616 0.973310411 76.506065369
0.972723186 0.031382006 -0.229836449 -13.481032372 -0.031689413 0.999494970 0.002354416 0.626288176 0.229794279 0.004993187 0.973226428 77.783081055
0.972722054 0.029603280 -0.230077118 -13.779100418 -0.029314993 0.999559283 0.004671883 0.642007530 0.230114028 0.002200265 0.973161161 79.051460266
0.972699225 0.031341270 -0.229943424 -14.087294579 -0.030460028 0.999508739 0.007381939 0.654038370 0.230061829 -0.000176324 0.973176003 80.311569214
0.972608745 0.033393685 -0.230037183 -14.396281242 -0.032086823 0.999440670 0.009420576 0.677567959 0.230223104 -0.001781372 0.973136246 81.587272644
