1.000000000 0.000000000 0.000000000 0.000000000 0.000000000 1.000000000 0.000000000 0.000000000 0.000000000 0.000000000 1.000000000 0.000000000
0.999998152 -0.000745813 0.001759061 -0.001589443 0.000747153 0.999999404 -0.000761480 0.004017271 -0.001758492 0.000762793 0.999998152 1.387179852
0.999991238 -0.000752704 0.004113252 0.002357255 0.000763507 0.999996245 -0.002625279 -0.003071738 -0.004111261 0.002628396 0.999988079 2.786494493
0.999979615 -0.000027886 0.006385359 0.013338886 0.000052994 0.999992251 -0.003931980 -0.002396141 -0.006385200 0.003932238 0.999971867 4.175350189
0.999959469 0.001093276 0.008935491 0.025990222 -0.001066447 0.999994934 -0.003006748 -0.006325660 -0.008938732 0.002997097 0.999955535 5.557537079
0.999926805 0.000968523 0.012058660 0.038517863 -0.000956504 0.999999046 -0.001002438 -0.014480142 -0.012059621 0.000990831 0.999926805 6.954649448
0.999890983 0.001684154 0.014667797 0.058076724 -0.001672495 0.999998271 -0.000807143 -0.017365439 -0.014669131 0.000782523 0.999892116 8.302928925
0.999838412 0.002612882 0.017784417 0.081813574 -0.002570696 0.999993801 -0.002394520 -0.021253463 -0.017790563 0.002348415 0.999838948 9.682145119
0.999775529 0.004142035 0.020778792 0.105194531 -0.004071228 0.999985754 -0.003448821 -0.022940369 -0.020792780 0.003363451 0.999778152 11.027830124
0.999691010 0.005593197 0.024219584 0.137107760 -0.005545462 0.999982536 -0.002037673 -0.029917421 -0.024230558 0.001902735 0.999704599 12.376829147
0.999576151 0.006289756 0.028424915 0.168856785 -0.006314415 0.999979734 0.000777816 -0.028259385 -0.028419448 -0.000956973 0.999595642 13.694996834
0.999447942 0.006229841 0.032634504 0.206804425 -0.006322716 0.999976277 0.002743501 -0.031867839 -0.032616634 -0.002948325 0.999463558 15.022986412
0.999324203 0.005862175 0.036286652 0.257506460 -0.005930799 0.999980807 0.001783799 -0.030224698 -0.036275502 -0.001997803 0.999339819 16.327463150
0.999167085 0.005019928 0.040496435 0.299342215 -0.005035091 0.999987304 0.000272428 -0.032025553 -0.040494554 -0.000476104 0.999179661 17.604816437
0.998995304 0.005159677 0.044516381 0.352424771 -0.005151646 0.999986708 -0.000295126 -0.028511163 -0.044517308 0.000065497 0.999008596 18.877128601
0.998826623 0.006128184 0.048039686 0.408972979 -0.006132748 0.999981165 -0.000052398 -0.039290700 -0.048039105 -0.000242279 0.998845398 20.155672073
0.998662949 0.005793754 0.051368941 0.475077122 -0.005748610 0.999982953 -0.001026516 -0.039121859 -0.051374011 0.000729844 0.998679221 21.409067154
0.998485684 0.007560201 0.054489762 0.539766312 -0.007449516 0.999969780 -0.002234123 -0.043760814 -0.054505002 0.001824818 0.998511851 22.694475174
0.998319745 0.008269912 0.057351951 0.613757968 -0.008156346 0.999964297 -0.002213960 -0.044045944 -0.057368211 0.001742458 0.998351574 23.958827972
0.998161077 0.010071989 0.059775066 0.688502610 -0.010011273 0.999949038 -0.001315151 -0.044514991 -0.059785262 0.000714308 0.998211026 25.212148666
0.997988164 0.010286063 0.062560752 0.765028238 -0.010286234 0.999947071 -0.000319331 -0.053515267 -0.062560722 -0.000324826 0.998041093 26.475633621
0.997838259 0.011045448 0.064782441 0.845321774 -0.011052874 0.999938905 -0.000243779 -0.054363988 -0.064781174 -0.000472780 0.997899354 27.707056046
0.997653842 0.011290498 0.067522503 0.929414928 -0.011293457 0.999936163 -0.000337916 -0.058307033 -0.067522012 -0.000425439 0.997717679 28.966508865
0.997487128 0.012019139 0.069820791 1.015494227 -0.011998868 0.999927759 -0.000709738 -0.057084247 -0.069824278 -0.000129816 0.997559309 30.196275711
0.997285545 0.011371951 0.072748058 1.093656540 -0.011368956 0.999935269 -0.000455266 -0.062135082 -0.072748527 -0.000373039 0.997350276 31.432443619
0.997133076 0.010777222 0.074896388 1.192860603 -0.010873461 0.999940515 0.000877315 -0.059198201 -0.074882478 -0.001689182 0.997190952 32.666572571
0.996932805 0.009046803 0.077737704 1.283005357 -0.009269914 0.999953866 0.002509652 -0.060458269 -0.077711418 -0.003222576 0.996970713 33.900272369
0.996758223 0.006925067 0.080156721 1.385383010 -0.007161007 0.999970853 0.002656382 -0.050763536 -0.080135986 -0.003221774 0.996778727 35.112964630
0.996584296 0.006596717 0.082318045 1.486243725 -0.006804827 0.999974310 0.002247812 -0.054706201 -0.082301103 -0.002800294 0.996603549 36.342742920
0.996403992 0.005398530 0.084556997 1.593486786 -0.005554730 0.999983251 0.001612109 -0.046653111 -0.084546879 -0.002076003 0.996417344 37.548908234
0.996195555 0.005276876 0.086986281 1.692294240 -0.005475329 0.999982953 0.002042997 -0.042322043 -0.086974010 -0.002511503 0.996207416 38.773700714
0.996011198 0.005416312 0.089063965 1.800403118 -0.005659156 0.999980927 0.002474330 -0.036827948 -0.089048862 -0.002968487 0.996022820 39.981220245
0.995792270 0.003416313 0.091575511 1.911218762 -0.003656490 0.999990284 0.002455073 -0.039508499 -0.091566235 -0.002779587 0.995795131 41.188533783
0.995598674 0.002872959 0.093674920 2.024353504 -0.003050114 0.999993801 0.001748047 -0.032941960 -0.093669318 -0.002026073 0.995601296 42.386173248
0.995379984 0.001919797 0.095995024 2.138636351 -0.002119050 0.999995828 0.001973752 -0.030004902 -0.095990837 -0.002168051 0.995379865 43.564056396
0.995170832 0.001802478 0.098141290 2.254124165 -0.002005234 0.999996066 0.001967367 -0.023974521 -0.098137356 -0.002154663 0.995170534 44.747924805
0.994907200 0.001040361 0.100789726 2.372308493 -0.001285855 0.999996364 0.002370772 -0.025517916 -0.100786887 -0.002488299 0.994904935 45.945808411
0.994670033 -0.000402360 0.103108533 2.499582767 0.000176936 0.999997556 0.002195419 -0.024240687 -0.103109166 -0.002165473 0.994667709 47.124935150
0.994400740 -0.001664059 0.105661578 2.617119074 0.001462817 0.999996960 0.001982054 -0.022169646 -0.105664559 -0.001816392 0.994400144 48.298881531
0.994179308 -0.002764744 0.107702687 2.750882864 0.002626068 0.999995530 0.001429390 -0.019635288 -0.107706159 -0.001138235 0.994182110 49.467754364
0.993926048 -0.003048541 0.110007532 2.876719236 0.002989764 0.999995291 0.000699247 -0.016425852 -0.110009149 -0.000366104 0.993930519 50.631572723
0.993645906 -0.003340385 0.112501860 3.007803679 0.003239080 0.999994159 0.001083243 -0.010525456 -0.112504818 -0.000711957 0.993650913 51.789005280
0.993397832 -0.003171782 0.114676259 3.144523144 0.003007219 0.999994159 0.001607996 -0.014779400 -0.114680693 -0.001252523 0.993401587 52.942031860
0.993139327 -0.002812991 0.116903067 3.279491901 0.002723206 0.999995887 0.000927744 -0.011560462 -0.116905198 -0.000603028 0.993142903 54.094638824
0.992808282 -0.002816145 0.119682103 3.410963058 0.002698871 0.999995708 0.001141952 -0.013847038 -0.119684801 -0.000810732 0.992811620 55.248756409
0.992531776 -0.003463221 0.121937059 3.553788900 0.003315572 0.999993503 0.001413744 -0.009130866 -0.121941164 -0.000998894 0.992536843 56.398349762
0.992178977 -0.002014535 0.124807134 3.693975449 0.001857861 0.999997318 0.001371713 -0.007236198 -0.124809563 -0.001129110 0.992180049 57.552642822
0.991896331 -0.000675934 0.127048120 3.840427876 0.000529015 0.999999166 0.001190137 -0.007536928 -0.127048805 -0.001113283 0.991895854 58.694503784
0.991589427 0.000665172 0.129421890 3.976366997 -0.000731630 0.999999642 0.000465960 -0.006641086 -0.129421532 -0.000556730 0.991589487 59.811836243
0.991341710 0.002736715 0.131279022 4.125667572 -0.002612680 0.999995947 -0.001117049 -0.008765024 -0.131281555 0.000764387 0.991344810 60.928653717
0.991058409 0.004122444 0.133364901 4.267543793 -0.003768895 0.999988675 -0.002903325 -0.009276760 -0.133375347 0.002374726 0.991062760 62.040550232
0.990846992 0.003207027 0.134951770 4.415324688 -0.002769111 0.999990284 -0.003432560 -0.015295069 -0.134961471 0.003027445 0.990846217 63.123016357
0.990677238 0.005238882 0.136129245 4.555775642 -0.004725174 0.999980450 -0.004096529 -0.017923700 -0.136148050 0.003415103 0.990682602 64.215721130
0.990521491 0.005055794 0.137264669 4.708287239 -0.004563142 0.999981999 -0.003903493 -0.017461548 -0.137281924 0.003240136 0.990526736 65.291473389
0.990366340 0.004350969 0.138403758 4.845911980 -0.004178983 0.999990106 -0.001533203 -0.026712455 -0.138409063 0.000940046 0.990374684 66.375175476
0.990189552 0.004657663 0.139652818 4.992815495 -0.004696418 0.999988973 -0.000052043 -0.031206716 -0.139651522 -0.000604335 0.990200520 67.433219910
0.990121961 0.005382452 0.140105352 5.144185543 -0.005231289 0.999985278 -0.001447189 -0.034216821 -0.140111074 0.000699963 0.990135550 68.487342834
0.990040362 0.004951738 0.140696660 5.297550678 -0.004620331 0.999985754 -0.002682034 -0.036859058 -0.140707925 0.002005256 0.990049124 69.525642395
0.989917636 0.005360295 0.141542688 5.428565979 -0.005064492 0.999984145 -0.002450001 -0.036396317 -0.141553581 0.001708457 0.989929140 70.561309814
0.989848256 0.005252662 0.142031074 5.576068878 -0.005069756 0.999985814 -0.001649624 -0.042961217 -0.142037719 0.000912815 0.989860833 71.584846497
0.989807963 0.004546551 0.142336071 5.717071533 -0.004421103 0.999989510 -0.001197595 -0.046798162 -0.142340019 0.000556107 0.989817679 72.595756531
0.989806116 0.004813075 0.142340094 5.863269329 -0.004746339 0.999988437 -0.000808374 -0.050670166 -0.142342329 0.000124539 0.989817500 73.587936401
0.989727259 0.004694246 0.142891154 6.007917881 -0.004585967 0.999988914 -0.001087097 -0.057758465 -0.142894670 0.000420636 0.989737809 74.598762512
0.989723086 0.005452648 0.142893240 6.149033070 -0.005290599 0.999984860 -0.001513977 -0.057877868 -0.142899334 0.000742427 0.989736974 75.575195312
0.989732206 0.004408101 0.142866328 6.294238567 -0.004197087 0.999989629 -0.001778327 -0.061042361 -0.142872676 0.001160445 0.989740372 76.565048218
0.989772320 0.005291619 0.142558113 6.430564404 -0.005059505 0.999985218 -0.001990650 -0.065736502 -0.142566532 0.001249017 0.989784420 77.527275085
0.989833355 0.005157275 0.142138541 6.569400311 -0.004845777 0.999985039 -0.002537569 -0.070178941 -0.142149493 0.001822999 0.989843547 78.484710693
0.989915192 0.005408726 0.141557783 6.710525513 -0.004939563 0.999981105 -0.003665470 -0.067332000 -0.141574934 0.002929271 0.989923179 79.433738708
0.989927828 0.006574682 0.141420290 6.840200424 -0.005945229 0.999970436 -0.004873001 -0.079862162 -0.141448155 0.003983144 0.989937663 80.386032104
0.989992797 0.007749247 0.140905052 6.973020077 -0.006989442 0.999958277 -0.005886422 -0.085291669 -0.140944779 0.004842668 0.990005612 81.313545227
0.989990830 0.008291576 0.140888065 7.099407196 -0.007493242 0.999952734 -0.006196006 -0.090194024 -0.140932783 0.005078281 0.990006149 82.253219604
0.990012169 0.010008577 0.140626013 7.227780819 -0.009430864 0.999944150 -0.004773993 -0.092480406 -0.140665933 0.003400086 0.990051270 83.175399780
0.990038097 0.011077928 0.140363127 7.352870464 -0.010706808 0.999936879 -0.003398904 -0.094414666 -0.140391931 0.001862203 0.990094244 84.087959290
0.990070105 0.011729970 0.140084058 7.488757610 -0.011687691 0.999931037 -0.001124517 -0.107888848 -0.140087590 -0.000523908 0.990138948 85.014663696
0.990182817 0.012811126 0.139190242 7.618200779 -0.012879057 0.999916971 -0.000412689 -0.112055644 -0.139183968 -0.001384002 0.990265548 85.904678345
0.990101814 0.014643128 0.139585108 7.726752758 -0.014712801 0.999891639 -0.000532791 -0.114240572 -0.139577776 -0.001526171 0.990209937 86.776588440
0.990153372 0.016119942 0.139055356 7.846139908 -0.016199820 0.999868631 -0.000557460 -0.111540206 -0.139046073 -0.001700700 0.990284443 87.645713806
0.990118325 0.015920283 0.139327884 7.960812569 -0.016256709 0.999867022 0.001276831 -0.114086628 -0.139289021 -0.003529227 0.990245461 88.517974854
0.990189135 0.015364154 0.138886154 8.086111069 -0.015989827 0.999866426 0.003390200 -0.117166474 -0.138815507 -0.005577704 0.990302563 89.377510071
0.990252912 0.015012483 0.138469413 8.204432487 -0.015855609 0.999861836 0.004987767 -0.121950008 -0.138375401 -0.007134667 0.990354180 90.228187561
0.990262330 0.015293974 0.138371274 8.316724777 -0.016103216 0.999859154 0.004730666 -0.116022728 -0.138279423 -0.006912822 0.990369141 91.061012268
0.990325034 0.014013343 0.138057962 8.427896500 -0.014739987 0.999882340 0.004242304 -0.109676220 -0.137982279 -0.006236232 0.990415096 91.885604858
0.990412951 0.012114264 0.137605950 8.547780991 -0.012805080 0.999909461 0.004136084 -0.111354917 -0.137543395 -0.005858486 0.990478396 92.704917908
0.990505159 0.012460721 0.136909708 8.656836510 -0.012988963 0.999911249 0.002965605 -0.110494427 -0.136860609 -0.004715763 0.990579069 93.505218506
0.990536690 0.012222363 0.136702940 8.761861801 -0.012623423 0.999918163 0.002067258 -0.110281847 -0.136666492 -0.003773354 0.990609944 94.301719666
0.990652978 0.011004403 0.135961711 8.876688957 -0.011314967 0.999934852 0.001511597 -0.108077586 -0.135936230 -0.003035870 0.990712941 95.086349487
0.990770757 0.010241237 0.135160893 8.985566139 -0.010576879 0.999942482 0.001765404 -0.110359818 -0.135135040 -0.003178691 0.990822077 95.860290527
0.990820467 0.009874394 0.134823218 9.087378502 -0.010296934 0.999944031 0.002437053 -0.109535605 -0.134791613 -0.003802947 0.990866661 96.620521545
0.990920007 0.009054781 0.134147361 9.191558838 -0.009538869 0.999950111 0.002966351 -0.108386889 -0.134113804 -0.004219030 0.990956962 97.376365662
0.990989983 0.008752584 0.133649796 9.295057297 -0.009187214 0.999954343 0.002635639 -0.108774737 -0.133620620 -0.003839761 0.991025090 98.117187500
0.991019726 0.008473156 0.133447051 9.395358086 -0.008834177 0.999958754 0.002113479 -0.110530734 -0.133423641 -0.003273394 0.991053700 98.845489502
0.991020858 0.008178109 0.133456826 9.492735863 -0.008535390 0.999961376 0.002105221 -0.107475184 -0.133434460 -0.003225424 0.991052389 99.564041138
0.990927160 0.006014040 0.134265333 9.590539932 -0.006447220 0.999975324 0.002791737 -0.105226204 -0.134245232 -0.003632046 0.990941465 100.263069153
0.990831852 0.006199386 0.134958372 9.681522369 -0.006872023 0.999966204 0.004518755 -0.110898532 -0.134925798 -0.005404764 0.990840971 100.977523804
0.990769744 0.005179512 0.135456622 9.782079697 -0.005932204 0.999969125 0.005153652 -0.106904000 -0.135425746 -0.005909638 0.990769863 101.659614563
0.990611911 0.004928411 0.136615396 9.872573853 -0.005764162 0.999967039 0.005722629 -0.108283296 -0.136582687 -0.006456378 0.990607619 102.339683533
0.990540862 0.004887399 0.137131050 9.963686943 -0.005782363 0.999964476 0.006128752 -0.104799792 -0.137096226 -0.006863720 0.990533948 102.990318298
0.990457118 0.003309179 0.137781560 10.057435989 -0.004287694 0.999967635 0.006805741 -0.104100153 -0.137754574 -0.007331559 0.990439236 103.629226685
0.990336895 0.001755379 0.138671383 10.147120476 -0.002711667 0.999973834 0.006707442 -0.100351483 -0.138655990 -0.007018658 0.990315735 104.273323059
0.990219057 0.000867441 0.139518514 10.234036446 -0.001922276 0.999970555 0.007425966 -0.097444408 -0.139507964 -0.007621526 0.990191638 104.888175964
0.990198672 0.000340071 0.139665723 10.323296547 -0.001482382 0.999966323 0.008074943 -0.091212325 -0.139658272 -0.008202836 0.990165770 105.481170654
0.990121007 0.000712052 0.140213817 10.403534889 -0.001805844 0.999968946 0.007673812 -0.092212260 -0.140203997 -0.007851207 0.990091503 106.083702087
0.990181208 0.000642499 0.139788330 10.490695000 -0.001604889 0.999975801 0.006772004 -0.082799762 -0.139780596 -0.006929856 0.990158260 106.654846191
0.990191102 -0.003441496 0.139677241 10.574815750 0.002460388 0.999971092 0.007196172 -0.078162067 -0.139697954 -0.006781925 0.990170956 107.200912476
0.990219176 -0.009465012 0.139199227 10.660449028 0.008292547 0.999925137 0.009000508 -0.081689477 -0.139274001 -0.007758159 0.990223467 107.725921631
0.990255535 -0.010330089 0.138878807 10.734076500 0.009189755 0.999918640 0.008849760 -0.082736447 -0.138958916 -0.007487261 0.990269840 108.240692139
0.990325749 -0.006513938 0.138609245 10.796426773 0.005483760 0.999954462 0.007812842 -0.081764698 -0.138653830 -0.006977158 0.990316331 108.736465454
0.990428686 -0.001877321 0.138012722 10.859556198 0.001026078 0.999980032 0.006238743 -0.083026722 -0.138021663 -0.006037418 0.990410805 109.217208862
