1.000000000 0.000000000 0.000000000 0.000000000 0.000000000 1.000000000 0.000000000 0.000000000 0.000000000 0.000000000 1.000000000 0.000000000
0.999987423 -0.000948240 0.004923113 0.006356696 0.000950550 0.999999464 -0.000466838 0.001363575 -0.004922667 0.000471512 0.999987781 -0.031139674
0.999970734 -0.001593555 0.007484249 0.009209841 0.001597791 0.999998569 -0.000560081 0.000925135 -0.007483346 0.000572023 0.999971807 -0.061069515
0.999955237 -0.001422697 0.009351333 0.011752835 0.001439082 0.999997437 -0.001745674 0.002136255 -0.009348826 0.001759053 0.999954760 -0.089494579
0.999924302 -0.001077624 0.012255351 0.012425835 0.001122036 0.999992847 -0.003617564 0.003098478 -0.012251364 0.003631041 0.999918342 -0.110194877
0.999908984 -0.001799522 0.013371496 0.015717499 0.001871034 0.999984026 -0.005337525 0.003767882 -0.013361678 0.005362058 0.999896348 -0.120081633
0.999914467 -0.002552548 0.012827069 0.017232858 0.002636713 0.999975085 -0.006548889 0.001792309 -0.012810032 0.006582150 0.999896288 -0.116393633
0.999903083 -0.001739365 0.013810960 0.015934566 0.001849158 0.999966741 -0.007940890 0.006379848 -0.013796688 0.007965660 0.999873102 -0.097345635
0.999874890 -0.001196035 0.015770774 0.015505052 0.001310737 0.999972761 -0.007264747 0.003589152 -0.015761655 0.007284510 0.999849260 -0.066429786
0.999849856 -0.000717218 0.017314347 0.018823987 0.000859972 0.999965668 -0.008238829 0.004341933 -0.017307844 0.008252481 0.999816179 -0.025285101
0.999764621 -0.000666482 0.021684814 0.025250981 0.000856009 0.999961495 -0.008731947 0.001050169 -0.021678161 0.008748455 0.999726713 0.036034632
0.999572635 -0.000233581 0.029231636 0.030965406 0.000540066 0.999944985 -0.010477247 0.002602813 -0.029227581 0.010488556 0.999517739 0.111965373
0.999275148 0.000574615 0.038063690 0.044266418 -0.000102318 0.999922991 -0.012408852 0.006347009 -0.038067888 0.012395962 0.999198258 0.210387543
0.998730004 0.001898923 0.050346211 0.058589626 -0.001168523 0.999893725 -0.014533008 0.006305640 -0.050368458 0.014455720 0.998626053 0.330334783
0.997827709 0.002322154 0.065836497 0.080885537 -0.001197316 0.999852717 -0.017119639 0.004606892 -0.065866552 0.017003624 0.997683525 0.465412945
0.996502936 0.001801630 0.083538614 0.114803962 -0.000143260 0.999802887 -0.019853286 0.003679846 -0.083557911 0.019771891 0.996306777 0.621695697
0.994590223 -0.000267373 0.103875704 0.152557328 0.002566922 0.999754548 -0.022004457 0.001103131 -0.103844330 0.022152059 0.994346857 0.798197746
0.992073417 -0.001019400 0.125655428 0.203674078 0.004156602 0.999686122 -0.024707044 0.001355364 -0.125590786 0.025033500 0.991766214 0.994386375
0.988752961 -0.000969055 0.149554893 0.253192782 0.005235050 0.999590456 -0.028133573 0.004751201 -0.149466380 0.028600082 0.988353074 1.204841495
0.984705806 -0.000965065 0.174222618 0.316186666 0.006271278 0.999532938 -0.029908577 -0.001139356 -0.174112394 0.030543748 0.984251976 1.444392204
0.979927897 -0.002086594 0.199341476 0.394834280 0.008620658 0.999453366 -0.031915944 -0.004477990 -0.199165910 0.032993779 0.979410231 1.704979658
0.974425673 -0.004041048 0.224673584 0.484681338 0.011882881 0.999365985 -0.033562019 -0.008521469 -0.224395514 0.035373461 0.973855913 1.984437108
0.968278587 -0.007753930 0.249752700 0.580092013 0.017146910 0.999224126 -0.035455361 -0.015226218 -0.249283999 0.038613155 0.967660308 2.269224167
0.961721241 -0.012222125 0.273756981 0.695617735 0.023223883 0.999045968 -0.036983304 -0.024615306 -0.273043782 0.041925330 0.961087584 2.580532074
0.955316424 -0.015419054 0.295182556 0.824048221 0.028544324 0.998783529 -0.040207539 -0.031402051 -0.294203520 0.046836708 0.954594493 2.906996489
0.949022412 -0.019426629 0.314609319 0.956289113 0.035201084 0.998387456 -0.044535611 -0.045268483 -0.313236803 0.053339884 0.948175907 3.245502949
0.943251610 -0.020996667 0.331414431 1.102979779 0.038876403 0.998118579 -0.047412150 -0.058571212 -0.329795390 0.057605784 0.942293286 3.605741501
0.938418925 -0.020207338 0.344908029 1.254019499 0.040730830 0.997797251 -0.052361075 -0.071524166 -0.343090206 0.063185014 0.937174916 3.985250711
0.934612274 -0.017003870 0.355261505 1.414950609 0.041014027 0.997345626 -0.060162663 -0.090289094 -0.353295505 0.070799470 0.932828903 4.378391743
0.930954099 -0.014547346 0.364846319 1.587184787 0.043612525 0.996483028 -0.071550883 -0.104299054 -0.362522304 0.082522459 0.928314388 4.785928249
0.927493036 -0.013970492 0.373579353 1.773754120 0.048010789 0.995477676 -0.081970170 -0.128181070 -0.370744735 0.093962602 0.923969388 5.205291748
0.923784018 -0.011088810 0.382753402 1.965869784 0.049918164 0.994537890 -0.091665722 -0.162260383 -0.379646271 0.103785671 0.919291735 5.637660980
0.919935405 -0.004989692 0.392038226 2.158307076 0.049553636 0.993380070 -0.103636540 -0.199473038 -0.388925850 0.114765845 0.914092720 6.083468914
0.916298509 0.003811181 0.400477856 2.359746933 0.046937555 0.992041588 -0.116834581 -0.240606338 -0.397735953 0.125852808 0.908827364 6.536919594
0.913493633 0.014294005 0.406601876 2.563361645 0.042297695 0.990630567 -0.129853711 -0.293287128 -0.404648393 0.135818854 0.904330134 6.989090443
0.910588801 0.023522411 0.412643582 2.771796942 0.038455762 0.989226580 -0.141251162 -0.347766250 -0.411520571 0.144490257 0.899874091 7.458290100
0.907913268 0.031091126 0.418003350 2.990278482 0.034219358 0.988418519 -0.147843927 -0.416165531 -0.417758912 0.148533270 0.896334410 7.942730904
0.905470669 0.039432369 0.422573000 3.211959362 0.026437111 0.988500297 -0.148890108 -0.481954753 -0.423584640 0.145987242 0.894015551 8.431727409
0.903463483 0.044816930 0.426315904 3.440669775 0.019974841 0.989037812 -0.146305084 -0.554050446 -0.428199500 0.140696883 0.892664313 8.933743477
0.900942802 0.051854163 0.430828601 3.668314219 0.010489686 0.989942014 -0.141084492 -0.629508734 -0.433811128 0.131628305 0.891337156 9.446489334
0.898656905 0.056338556 0.435019225 3.905227661 0.005137157 0.990298152 -0.138864011 -0.709236503 -0.438622117 0.127025872 0.889648855 9.951681137
0.896885753 0.060273174 0.438135952 4.159699917 0.001863101 0.990146160 -0.140025571 -0.789112389 -0.442258388 0.126403242 0.887935638 10.482792854
0.895125628 0.063412622 0.441280961 4.415053368 -0.000872460 0.990079463 -0.140505880 -0.861210048 -0.445813060 0.125385419 0.886300862 10.993804932
0.892725706 0.068913534 0.445299685 4.663999081 -0.007172311 0.990283906 -0.138875172 -0.925673842 -0.450543493 0.120783605 0.884546161 11.538928986
0.890750825 0.074119665 0.448407501 4.927330494 -0.015005935 0.990870774 -0.133977398 -1.000337481 -0.454244226 0.112611704 0.883731186 12.074314117
0.889513016 0.074631922 0.450773507 5.199736118 -0.018224070 0.991579771 -0.128208444 -1.079419971 -0.456546336 0.105828151 0.883383214 12.615962029
0.887814581 0.074426442 0.454143196 5.475100517 -0.020382151 0.992226601 -0.122763760 -1.157285213 -0.459749818 0.099735044 0.882430196 13.166633606
0.885816574 0.079462655 0.457181275 5.751261711 -0.025588369 0.992094457 -0.122856893 -1.232881069 -0.463329524 0.097130150 0.880847037 13.728818893
0.884137630 0.081985191 0.459977299 6.037454128 -0.026322650 0.991661191 -0.126155555 -1.299186349 -0.466484517 0.099431045 0.878923059 14.279589653
0.882085562 0.083579771 0.463615656 6.332148552 -0.027007848 0.991489053 -0.127358079 -1.371091008 -0.470314384 0.099819459 0.876835465 14.852189064
0.880104601 0.088739492 0.466413170 6.630208492 -0.032542888 0.991342425 -0.127204999 -1.445436716 -0.473663270 0.096775271 0.875372887 15.420350075
0.877653420 0.094065182 0.469974726 6.926174641 -0.037534773 0.991030037 -0.128259867 -1.521092892 -0.477823853 0.094927318 0.873311639 16.004730225
0.875919938 0.096387349 0.472730160 7.232932091 -0.039107691 0.990800500 -0.129556850 -1.598413944 -0.480868906 0.094994053 0.871631384 16.589992523
0.875209689 0.092177704 0.474880278 7.555890083 -0.034340825 0.991039693 -0.129077464 -1.674497724 -0.482523292 0.096662074 0.870532990 17.158775330
0.873373449 0.091214322 0.478433639 7.882510185 -0.034249816 0.991376996 -0.126485467 -1.756883860 -0.485845417 0.094082788 0.868966460 17.751008987
0.871543229 0.088252664 0.482310951 8.215573311 -0.034039911 0.992185533 -0.120038241 -1.831437826 -0.489135623 0.088200696 0.867736697 18.347919464
0.869981885 0.084206946 0.485840291 8.555809975 -0.033803191 0.993177116 -0.111609213 -1.911550283 -0.491923720 0.080675043 0.866892517 18.952800751
0.868806064 0.080692694 0.488533199 8.897686005 -0.031465996 0.993635058 -0.108163059 -1.982066035 -0.494151682 0.078600541 0.865815282 19.557476044
0.867341161 0.082435161 0.490839928 9.240664482 -0.032312192 0.993434191 -0.109747015 -2.052161932 -0.496664166 0.079327993 0.864310026 20.161710739
0.865845442 0.083170213 0.493350148 9.586088181 -0.031587493 0.993206024 -0.112000108 -2.122797489 -0.499313414 0.081391096 0.862590075 20.780721664
0.865054607 0.082171649 0.494902402 9.938601494 -0.028886806 0.993016481 -0.114384457 -2.196139097 -0.500845432 0.084652647 0.861387134 21.382431030
0.864445210 0.077992722 0.496640384 10.302919388 -0.025068050 0.993350923 -0.112363376 -2.265260458 -0.502101719 0.084682174 0.860652566 21.997348785
0.863268137 0.073946923 0.499299467 10.666728973 -0.023697346 0.994057059 -0.106249474 -2.343488693 -0.504189014 0.079889722 0.859890163 22.625303268
0.862263978 0.074047633 0.501016796 11.031894684 -0.025596840 0.994361401 -0.102908485 -2.417905569 -0.505811870 0.075909838 0.859297395 23.253221512
0.861457586 0.074897975 0.502276003 11.393369675 -0.027552892 0.994500637 -0.101040952 -2.492461681 -0.507081568 0.073203340 0.858783782 23.868177414
0.860376358 0.076328881 0.503911197 11.748971939 -0.029215766 0.994482279 -0.100754201 -2.554156065 -0.508821189 0.071964383 0.857859015 24.490242004
0.859510124 0.076417878 0.505373776 12.117880821 -0.030844707 0.994713008 -0.097952276 -2.618482113 -0.510187209 0.068602860 0.857322931 25.130260468
0.858032346 0.079617083 0.507387102 12.481309891 -0.038554449 0.995108902 -0.090949699 -2.679683447 -0.512146592 0.058475759 0.856905162 25.763748169
0.856838286 0.080070332 0.509329855 12.852070808 -0.043701012 0.995591164 -0.082996547 -2.747478962 -0.513729870 0.048856389 0.856559753 26.397443771
0.855882049 0.081384957 0.510727286 13.212392807 -0.046885874 0.995684206 -0.080091558 -2.810948372 -0.515041351 0.044603031 0.856004059 27.016399384
0.855773807 0.080857649 0.510992408 13.587392807 -0.044431962 0.995548487 -0.083120614 -2.867191792 -0.515438676 0.048428059 0.855556965 27.647834778
0.855710328 0.084399879 0.510525763 13.960687637 -0.045784436 0.995088339 -0.087766632 -2.924389601 -0.515425742 0.051728688 0.855371594 28.267927170
0.855991006 0.086963870 0.509624124 14.329131126 -0.046627428 0.994719803 -0.091424294 -2.982836485 -0.514883816 0.054495905 0.855526090 28.897800446
0.857021928 0.088875368 0.507557452 14.691621780 -0.047918674 0.994491041 -0.093227684 -3.039380312 -0.513046980 0.055576693 0.856559455 29.509586334
0.857928634 0.088369735 0.506111920 15.048848152 -0.046191916 0.994374275 -0.095321268 -3.107000589 -0.511688173 0.058400568 0.857184112 30.141468048
0.859135568 0.092074163 0.503396869 15.418616295 -0.049002275 0.993962467 -0.098170385 -3.167901993 -0.509396553 0.059674073 0.858460307 30.764659882
0.859974146 0.092558526 0.501873970 15.775506020 -0.049177304 0.993868709 -0.099028476 -3.234975338 -0.507962763 0.060481120 0.859253109 31.393861771
0.860636950 0.094592497 0.500356257 16.132589340 -0.053545285 0.993958652 -0.095807716 -3.294692755 -0.506396115 0.055663943 0.860502481 32.024326324
0.861101091 0.096550457 0.499182254 16.495838165 -0.058296729 0.994077981 -0.091708601 -3.369185925 -0.505080581 0.049869686 0.861630201 32.694667816
0.861696959 0.095362104 0.498381883 16.859340668 -0.058964163 0.994346023 -0.088313192 -3.433205605 -0.503985763 0.046712548 0.862447858 33.333992004
0.862682402 0.094103597 0.496914119 17.231563568 -0.059099223 0.994562745 -0.085745342 -3.493743896 -0.502281189 0.044603765 0.863553166 33.975708008
0.863419652 0.094014138 0.495649010 17.597623825 -0.059268877 0.994581938 -0.085404903 -3.555373192 -0.500992835 0.044363707 0.864313662 34.625713348
0.863819659 0.095929429 0.494583815 17.959798813 -0.061175618 0.994412661 -0.086029381 -3.620299816 -0.500073135 0.044057406 0.864861727 35.273689270
0.864171505 0.098129913 0.493536443 18.335115433 -0.061724655 0.994065881 -0.089571737 -3.683297634 -0.499397397 0.046941981 0.865100384 35.950279236
0.864083588 0.099392794 0.493437618 18.703338623 -0.061826997 0.993845046 -0.091921136 -3.740720272 -0.499536812 0.048919786 0.864910305 36.605350494
0.864571989 0.098262072 0.492808163 19.078838348 -0.061490320 0.994012594 -0.090321019 -3.800852060 -0.498732656 0.047786094 0.865437627 37.258625031
0.864935160 0.094994187 0.492811680 19.457990646 -0.059412539 0.994399607 -0.087404981 -3.866855145 -0.498354703 0.046320450 0.865734935 37.927642822
0.865225673 0.093568191 0.492574394 19.834142685 -0.058586963 0.994569659 -0.086015724 -3.935692072 -0.497947901 0.045564581 0.866009116 38.604328156
0.865851402 0.090568930 0.492035180 20.238559723 -0.054907318 0.994739413 -0.086479396 -4.001927376 -0.497279137 0.047861971 0.866269410 39.298416138
0.866242051 0.094015487 0.490699381 20.609046936 -0.058266278 0.994443953 -0.087671660 -4.059555054 -0.496215522 0.047353655 0.866907060 39.965530396
0.866183162 0.093567938 0.490888834 20.970649719 -0.057794347 0.994479716 -0.087577738 -4.118391037 -0.496373475 0.047487762 0.866809249 40.631362915
0.866796732 0.091012366 0.490285784 21.369478226 -0.056385025 0.994786143 -0.084977962 -4.188600063 -0.495463550 0.046013847 0.867409110 41.321987152
0.867099404 0.087061875 0.490468025 21.759138107 -0.053566094 0.995195448 -0.081955306 -4.243204594 -0.495246708 0.044790950 0.867596984 41.988258362
0.866944075 0.088271528 0.490526408 22.124536514 -0.056716699 0.995270848 -0.078861959 -4.305028915 -0.495167881 0.040547878 0.867850602 42.651500702
0.866773427 0.087016888 0.491051853 22.503149033 -0.057480626 0.995529115 -0.074951693 -4.363442898 -0.495378494 0.036740165 0.867899954 43.338954926
0.867200494 0.086918272 0.490314752 22.873977661 -0.056785218 0.995486736 -0.076036513 -4.415593147 -0.494710803 0.038096275 0.868222237 43.992961884
0.867378116 0.086173341 0.490132004 23.240180969 -0.054147515 0.995388508 -0.079181902 -4.468585491 -0.494695127 0.042141218 0.868044257 44.644927979
0.867844224 0.085719720 0.489385843 23.607946396 -0.051704187 0.995237768 -0.082634844 -4.531760216 -0.494138688 0.046410877 0.868143439 45.296894073
0.868301272 0.084668934 0.488757700 23.973680496 -0.048978124 0.995143950 -0.085379750 -4.591231346 -0.493613273 0.050196920 0.868231654 45.937530518
0.868124664 0.085824616 0.488869876 24.331211090 -0.051241159 0.995171309 -0.083716519 -4.645334244 -0.493694216 0.047626123 0.868330479 46.578128815
0.868008554 0.083690532 0.489445657 24.690956116 -0.050660912 0.995476663 -0.080372281 -4.705807686 -0.493958116 0.044968069 0.868322074 47.231178284
0.868444324 0.082173981 0.488929421 25.051244736 -0.050092883 0.995665431 -0.078364924 -4.763913155 -0.493249655 0.043563690 0.868796289 47.863410950
0.868954301 0.076630570 0.488923520 25.409435272 -0.044158857 0.996004224 -0.077624314 -4.824172497 -0.492918283 0.045861688 0.868866086 48.488445282
0.868869901 0.079094544 0.488681108 25.757894516 -0.045264084 0.995711744 -0.080679961 -4.878579140 -0.492966890 0.047980689 0.868724108 49.106994629
0.868769705 0.074543498 0.489573747 26.121936798 -0.039550699 0.995892227 -0.081452161 -4.931617737 -0.493634403 0.051400185 0.868149281 49.753211975
0.868396640 0.076816022 0.489884257 26.470731735 -0.042001970 0.995772660 -0.081686504 -4.985759735 -0.494088173 0.050360184 0.867952049 50.374214172
0.867345452 0.075104617 0.492007256 26.827299118 -0.038848709 0.995748937 -0.083515219 -5.042752266 -0.496188074 0.053322703 0.866576076 50.991645813
0.865934491 0.077088356 0.494180977 27.179039001 -0.040122777 0.995573103 -0.084995985 -5.100699902 -0.498545527 0.053773042 0.865194082 51.608524323
0.865254343 0.070293769 0.496380657 27.545375824 -0.031428840 0.995779335 -0.086230502 -5.157855034 -0.500347078 0.059010647 0.863811672 52.233135223
0.863506198 0.072454996 0.499106556 27.899759293 -0.033018183 0.995625138 -0.087409422 -5.212574482 -0.503256261 0.058998991 0.862120807 52.850288391
0.861529231 0.074183963 0.502259076 28.253326416 -0.035166394 0.995610893 -0.086731113 -5.274871826 -0.506488681 0.057058744 0.860356629 53.463020325
0.859963715 0.075923368 0.504676163 28.615585327 -0.036596809 0.995500624 -0.087402254 -5.334091663 -0.509041369 0.056693234 0.858873010 54.081733704
0.858296037 0.073206306 0.507906258 28.980247498 -0.033526286 0.995656908 -0.086852401 -5.395433426 -0.512058496 0.057516854 0.857022643 54.704544067
0.856834650 0.068141207 0.511068702 29.344955444 -0.027836742 0.995896339 -0.086113863 -5.450804710 -0.514839351 0.059558857 0.855215311 55.299766541
0.855774522 0.066389114 0.513071597 29.712877274 -0.025825910 0.995977700 -0.085798800 -5.507282257 -0.516703963 0.060173891 0.854046941 55.897636414
0.854537427 0.067072511 0.515040874 30.078310013 -0.027749026 0.996106207 -0.083680280 -5.561561584 -0.518648088 0.057216052 0.853071213 56.497962952
0.853165388 0.067221858 0.517291129 30.429615021 -0.029385585 0.996280730 -0.081000969 -5.617619514 -0.520812213 0.053906325 0.851967573 57.103374481
0.852557898 0.063403033 0.518772721 30.796474457 -0.027385660 0.996670008 -0.076804444 -5.673298836 -0.521914840 0.051273301 0.851455212 57.695411682
0.851487935 0.060691439 0.520850122 31.160097122 -0.025921609 0.996936858 -0.073790126 -5.721060276 -0.523733139 0.049330130 0.850452900 58.289260864
0.850181937 0.062038053 0.522821188 31.529867172 -0.030066848 0.997133851 -0.069427095 -5.771385670 -0.525629818 0.043306079 0.849610448 58.896224976
0.849221110 0.062894039 0.524278402 31.887788773 -0.034063239 0.997338235 -0.064468443 -5.812435627 -0.526937544 0.036889344 0.849103034 59.493167877
0.848502994 0.064895988 0.525196373 32.258274078 -0.039970819 0.997476518 -0.058676850 -5.852828026 -0.527678907 0.028794955 0.848955750 60.099609375
0.847483516 0.064937182 0.526834726 32.624462128 -0.042197384 0.997589767 -0.055081937 -5.893454552 -0.529141843 0.024449991 0.848181069 60.704528809
0.846747339 0.067576416 0.527685881 32.995132446 -0.045372274 0.997458816 -0.054930110 -5.935723782 -0.530056894 0.022569617 0.847661674 61.311836243
0.845705807 0.073713057 0.528533936 33.361961365 -0.051427376 0.997061968 -0.056768466 -5.964698792 -0.531165659 0.020828310 0.847011924 61.929569244
0.844470620 0.081577204 0.529353023 33.723842621 -0.060177855 0.996526062 -0.057570998 -5.996219158 -0.532210588 0.016761690 0.846446097 62.543384552
0.844217062 0.087262541 0.528850436 34.089401245 -0.065275505 0.996052623 -0.060151957 -6.036752701 -0.532011926 0.016260331 0.846580744 63.161254883
0.844645858 0.092455536 0.527281046 34.467430115 -0.067448802 0.995503426 -0.066509970 -6.085731506 -0.531059325 0.020612903 0.847083926 63.783416748
0.845096707 0.093921229 0.526298702 34.845359802 -0.064758591 0.995182276 -0.073611185 -6.133095741 -0.530676782 0.028126214 0.847107470 64.397987366
0.846092224 0.097695693 0.524007142 35.231632233 -0.064122103 0.994576216 -0.081893153 -6.172667027 -0.529165685 0.035688724 0.847767651 65.030288696
0.847297907 0.097532697 0.522085845 35.612239838 -0.063049935 0.994514167 -0.083464377 -6.223648071 -0.527362227 0.037801709 0.848799169 65.649566650
0.848845124 0.098296680 0.519422591 35.987590790 -0.065065823 0.994516551 -0.081873365 -6.280495644 -0.524622202 0.035701148 0.850586236 66.273170471
0.851357698 0.094874255 0.515935063 36.364364624 -0.061196297 0.994756520 -0.081942186 -6.334638596 -0.521003962 0.038188793 0.852699518 66.897308350
0.853344798 0.091880083 0.513186872 36.743579865 -0.058223262 0.994985580 -0.081324846 -6.391104698 -0.518085659 0.039518721 0.854415298 67.520744324
0.855526626 0.086732350 0.510442674 37.122901917 -0.053191461 0.995376348 -0.079978861 -6.445471764 -0.515019298 0.041272853 0.856184363 68.150787354
0.858156979 0.080557108 0.507027805 37.503040314 -0.047584388 0.995841920 -0.077682666 -6.498925209 -0.511177421 0.042537320 0.858421922 68.774055481
0.859912395 0.079598308 0.504197180 37.872619629 -0.047184661 0.995932817 -0.076755479 -6.557381630 -0.508256137 0.042212617 0.860170782 69.405921936
0.861269653 0.078426041 0.502059698 38.239540100 -0.045847442 0.995981753 -0.076930881 -6.612200737 -0.506075680 0.043240082 0.861404479 70.049903870
0.862524629 0.076368369 0.500219047 38.612308502 -0.042972285 0.996029377 -0.077966802 -6.662167072 -0.504187107 0.045752734 0.862381637 70.687789917
0.863509238 0.065959856 0.500001073 39.001575470 -0.032375779 0.996615529 -0.075559504 -6.707554817 -0.503292739 0.049058408 0.862722278 71.343261719
0.865011275 0.052799214 0.498966664 39.391983032 -0.021151492 0.997401118 -0.068873763 -6.760387421 -0.501306415 0.049022693 0.863880038 71.976776123
0.865640163 0.046990387 0.498456687 39.767402649 -0.017391378 0.997807145 -0.063862458 -6.806796074 -0.500364542 0.046613060 0.864559174 72.620681763
0.866120517 0.046204444 0.497695148 40.131443024 -0.018557744 0.998004377 -0.060356218 -6.858391762 -0.499490649 0.043039665 0.865249515 73.262794495
0.866919160 0.045044608 0.496409327 40.497913361 -0.017087387 0.998008609 -0.060719095 -6.907021523 -0.498155832 0.044156209 0.865962505 73.902435303
0.867299795 0.049060646 0.495362669 40.866333008 -0.020753048 0.997829795 -0.062489696 -6.942543983 -0.497353405 0.043917015 0.866435766 74.549545288
0.866499722 0.053899873 0.496259034 41.217761993 -0.026722716 0.997736514 -0.061706983 -6.988545418 -0.498461753 0.040207695 0.865978777 75.188400269
0.865569115 0.054690257 0.497794300 41.572162628 -0.029327227 0.997848630 -0.058634382 -7.029114246 -0.499930084 0.036153186 0.865310848 75.817062378
0.865025103 0.054950085 0.498710424 41.935470581 -0.030859597 0.997929573 -0.056429520 -7.066935539 -0.500778675 0.033422951 0.864929855 76.447471619
0.863299549 0.055045392 0.501681089 42.303211212 -0.032038961 0.998006701 -0.054370105 -7.107866287 -0.503673911 0.030864350 0.863342345 77.093078613
0.862018943 0.061136231 0.503175616 42.657680511 -0.038498156 0.997728884 -0.055271450 -7.147550106 -0.505411923 0.028273709 0.862414837 77.712005615
0.860707164 0.067286156 0.504634321 43.011333466 -0.042692490 0.997275531 -0.060156658 -7.189792156 -0.507307172 0.030233180 0.861234844 78.323104858
0.859139919 0.072743781 0.506544173 43.359233856 -0.045152828 0.996760249 -0.066559881 -7.228332996 -0.509744942 0.034312356 0.859641075 78.929466248
0.857015371 0.073876910 0.509967566 43.716121674 -0.043010555 0.996471465 -0.072074257 -7.271844387 -0.513492763 0.039834753 0.857168794 79.540100098
0.854896724 0.077139542 0.513031244 44.081287384 -0.046049938 0.996263623 -0.073062569 -7.315315247 -0.516750395 0.038835898 0.855254829 80.142288208
0.852670848 0.080036566 0.516281545 44.441604614 -0.050710812 0.996208787 -0.070685290 -7.362915039 -0.519981623 0.034090232 0.853496909 80.748023987
0.849663258 0.080947764 0.521075666 44.795627594 -0.053492609 0.996281207 -0.067544959 -7.407464504 -0.524605513 0.029516768 0.850833595 81.350296021
0.847096622 0.077174187 0.525805533 45.163269043 -0.051232543 0.996650398 -0.063743658 -7.461389542 -0.528963625 0.027058681 0.848213017 81.943199158
0.844750226 0.073286220 0.530119061 45.534397125 -0.047139268 0.996918440 -0.062701918 -7.506851673 -0.533080637 0.027978037 0.845601678 82.527633667
0.841781974 0.074821688 0.534607232 45.907421112 -0.049846675 0.996890247 -0.061033562 -7.548048496 -0.537511349 0.024728561 0.842893839 83.106948853
0.837898135 0.077710323 0.540266395 46.267524719 -0.052567072 0.996701062 -0.061836358 -7.587925434 -0.543289423 0.023412352 0.839218974 83.684432983
0.834615588 0.076491609 0.545495927 46.643856049 -0.050710849 0.996775627 -0.062183600 -7.630160332 -0.548493564 0.024236845 0.835803449 84.252204895
0.830941379 0.075677067 0.551189065 47.034805298 -0.047069341 0.996716261 -0.065887906 -7.674745083 -0.554365337 0.028804881 0.831774831 84.823883057
0.826365948 0.079124428 0.557546973 47.398277283 -0.049255807 0.996440887 -0.068405889 -7.719281197 -0.560975194 0.029065875 0.827322185 85.372673035
0.821867049 0.082853928 0.563622117 47.776065826 -0.052444119 0.996169865 -0.069966204 -7.762165546 -0.567260325 0.027944259 0.823064327 85.928604126
0.818076313 0.083393864 0.569031358 48.160003662 -0.053352971 0.996168911 -0.069288939 -7.807198524 -0.572629631 0.026324127 0.819391489 86.484489441
0.815137148 0.081531055 0.573501587 48.553543091 -0.051819619 0.996339321 -0.067990221 -7.850232601 -0.576945484 0.025702722 0.816378117 87.027748108
0.810817480 0.082760721 0.579418421 48.923873901 -0.054005880 0.996308208 -0.066732921 -7.895720482 -0.582802176 0.022816220 0.812293708 87.579498291
0.807371497 0.088814989 0.583320796 49.316558838 -0.060432840 0.995854616 -0.067981571 -7.940186501 -0.586940467 0.019634649 0.809391975 88.133483887
0.803827941 0.089025058 0.588162601 49.706268311 -0.061028797 0.995862603 -0.067328461 -7.981515884 -0.591723084 0.018225642 0.805935264 88.670005798
0.801910579 0.087419048 0.591013849 50.107360840 -0.059424508 0.996002376 -0.066692926 -8.026116371 -0.594481409 0.018361062 0.803899705 89.194244385
0.799033463 0.086240008 0.595069885 50.497798920 -0.059052996 0.996131837 -0.065069832 -8.067972183 -0.598379731 0.016852316 0.801035404 89.714477539
0.796544075 0.086724900 0.598327935 50.892490387 -0.060871858 0.996133387 -0.063347295 -8.110681534 -0.601508200 0.014037586 0.798743308 90.239349365
0.794464171 0.086280137 0.601150870 51.271247864 -0.061997935 0.996207654 -0.061045893 -8.154535294 -0.604138136 0.011228663 0.796800494 90.765701294
0.793589294 0.083244719 0.602732420 51.658538818 -0.059866581 0.996472955 -0.058801606 -8.190320969 -0.605501473 0.010580801 0.795773864 91.264862061
0.791909695 0.082402185 0.605052888 52.033340454 -0.061162625 0.996573985 -0.055672161 -8.223634720 -0.607567489 0.007080704 0.794236541 91.770721436
0.791497886 0.080830447 0.605803192 52.403308868 -0.060373068 0.996708274 -0.054108690 -8.258151054 -0.608182728 0.006252717 0.793772459 92.265213013
0.791258037 0.083837211 0.605707943 52.770401001 -0.061925884 0.996450365 -0.057024628 -8.297165871 -0.608338654 0.007612199 0.793641090 92.750648499
0.791435957 0.085255563 0.605277359 53.139450073 -0.060066305 0.996280134 -0.061789513 -8.335474014 -0.608293712 0.012545667 0.793612897 93.238616943
0.792443573 0.088506453 0.603489697 53.505924225 -0.058690466 0.995889544 -0.068988383 -8.370359421 -0.607114971 0.019250313 0.794380784 93.710365295
0.792701304 0.088994779 0.603079319 53.864971161 -0.057553209 0.995793343 -0.071297273 -8.403358459 -0.606887400 0.021808302 0.794488609 94.178634644
0.793022573 0.088608965 0.602713585 54.221710205 -0.058817286 0.995879769 -0.069021910 -8.444688797 -0.606346250 0.019285951 0.794966877 94.655426025
0.794389725 0.085425071 0.601371408 54.572635651 -0.060102817 0.996257067 -0.062125128 -8.476526260 -0.604427516 0.013207453 0.796550632 95.145744324
0.795996845 0.073002905 0.600882411 54.937629700 -0.051775176 0.997273922 -0.052574378 -8.510772705 -0.603082418 0.010738252 0.797606647 95.613204956
0.797938943 0.062698886 0.599468410 55.288063049 -0.044829879 0.997993708 -0.044708926 -8.544571877 -0.601068914 0.008800898 0.799148798 96.072578430
0.799524426 0.061470296 0.597479820 55.634971619 -0.041241389 0.998019874 -0.047491286 -8.579767227 -0.599216044 0.013329550 0.800476432 96.527030945
0.799060106 0.069066919 0.597271144 55.947227478 -0.045963924 0.997490346 -0.053854350 -8.618547440 -0.599491775 0.015579939 0.800229311 96.982315063
0.800098062 0.079485632 0.594579816 56.274055481 -0.052013967 0.996641874 -0.063242026 -8.642854691 -0.597609937 0.019673368 0.801545560 97.426483154
0.802020431 0.080801845 0.591805935 56.596096039 -0.049369521 0.996384978 -0.069134794 -8.669304848 -0.595252812 0.026230346 0.803110301 97.859359741
0.803615510 0.077041887 0.590141237 56.924495697 -0.042307138 0.996472418 -0.072476618 -8.697832108 -0.593643188 0.033276148 0.804040074 98.286483765
0.804446936 0.075672247 0.589184999 57.238037109 -0.042143386 0.996623874 -0.070461169 -8.737919807 -0.592527807 0.031852026 0.804920077 98.716232300
0.804759204 0.076993063 0.588587046 57.538444519 -0.044667646 0.996595919 -0.069291838 -8.776193619 -0.591918409 0.029472448 0.805458844 99.153640747
0.805616558 0.077239983 0.587380588 57.841026306 -0.046048988 0.996629000 -0.067897692 -8.812840462 -0.590644956 0.027651224 0.806457639 99.581932068
0.807487667 0.076199673 0.584942162 58.144088745 -0.045845319 0.996728957 -0.066555120 -8.842245102 -0.588100255 0.026925581 0.808339715 99.998703003
0.809522331 0.072731555 0.582566500 58.448123932 -0.042906404 0.996972382 -0.064846948 -8.870223999 -0.585519135 0.027499212 0.810192049 100.411697388
0.811039209 0.072143883 0.580526233 58.748023987 -0.044128660 0.997083962 -0.062259786 -8.905038834 -0.583325028 0.024877287 0.811857760 100.837951660
0.813171387 0.066077136 0.578261316 59.046943665 -0.039925046 0.997527063 -0.057842065 -8.944050789 -0.580653369 0.023948403 0.813798606 101.258125305
0.816339612 0.062112268 0.574222684 59.341461182 -0.035905693 0.997735322 -0.056877524 -8.972734451 -0.576455057 0.025813514 0.816721082 101.667694092
0.818687856 0.059323948 0.571166277 59.628997803 -0.031234344 0.997777283 -0.058863614 -8.999835014 -0.573388755 0.030350925 0.818721056 102.083251953
0.821584225 0.059579883 0.566965282 59.909278870 -0.030079683 0.997668982 -0.061252441 -9.028396606 -0.569293082 0.033269908 0.821461201 102.496444702
0.825182974 0.060640953 0.561601043 60.184780121 -0.031435013 0.997609973 -0.061531905 -9.056618690 -0.563990176 0.033121143 0.825116992 102.905227661
0.828405023 0.061554953 0.556736946 60.455860138 -0.032388948 0.997544348 -0.062098671 -9.080921173 -0.559192300 0.033410732 0.828364491 103.326629639
0.831095695 0.061562922 0.552711487 60.725212097 -0.032470167 0.997530162 -0.062283952 -9.110382080 -0.555180728 0.033817291 0.831041932 103.739486694
0.833658636 0.060072884 0.549003243 61.000217438 -0.030354524 0.997547984 -0.063060239 -9.140162468 -0.551445305 0.035905983 0.833437979 104.158493042
0.836521149 0.057565253 0.544902444 61.279018402 -0.028712526 0.997704983 -0.061321992 -9.170042992 -0.547181904 0.035651617 0.836254120 104.573348999
0.838432312 0.053920753 0.542331934 61.543956757 -0.025571069 0.997889876 -0.059681840 -9.198011398 -0.544405639 0.036171176 0.838041902 104.987770081
0.839769304 0.052743055 0.540375531 61.812686920 -0.023599621 0.997875690 -0.060722172 -9.228971481 -0.542430222 0.038239963 0.839230061 105.403564453
0.840261519 0.053488694 0.539536417 62.067916870 -0.023628237 0.997788906 -0.062120970 -9.253463745 -0.541666210 0.039449565 0.839667439 105.814834595
0.840889096 0.055898890 0.538312972 62.323390961 -0.026917482 0.997740448 -0.061558917 -9.283669472 -0.540537715 0.037274193 0.840493679 106.229026794
0.841565371 0.055557840 0.537290454 62.587360382 -0.026987113 0.997778773 -0.060903762 -9.310949326 -0.539480686 0.036754578 0.841195405 106.640457153
0.841517508 0.061827186 0.536680281 62.835086823 -0.033132743 0.997465968 -0.062958770 -9.331563950 -0.539212883 0.035199217 0.841433585 107.057189941
0.843108594 0.065731421 0.533710837 63.087825775 -0.037297498 0.997258961 -0.063902408 -9.363663673 -0.536448300 0.033970591 0.843249202 107.467773438
0.844709158 0.066214241 0.531114042 63.339496613 -0.037268691 0.997186065 -0.065045759 -9.394934654 -0.533926487 0.035150819 0.844799936 107.870498657
0.846363068 0.064639345 0.528669357 63.591163635 -0.035971448 0.997279048 -0.064347506 -9.423798561 -0.531390250 0.035444353 0.846385300 108.268424988
0.847966790 0.062632307 0.526336014 63.832725525 -0.034435570 0.997406006 -0.063209847 -9.452097893 -0.528929651 0.035475176 0.847923875 108.672103882
0.849582553 0.064271256 0.523525238 64.071960449 -0.038924851 0.997481644 -0.059289452 -9.481116295 -0.526017427 0.029993143 0.849944711 109.077514648
0.850721121 0.066446461 0.521400511 64.298393250 -0.044554137 0.997523189 -0.054427918 -9.507140160 -0.523725629 0.023072427 0.851574540 109.475914001
0.852391839 0.064913757 0.518858731 64.520927429 -0.047288194 0.997768164 -0.047143489 -9.531796455 -0.520761013 0.015648836 0.853559077 109.862518311
0.855211914 0.061348107 0.514634848 64.747329712 -0.046543285 0.998048425 -0.041629542 -9.546935081 -0.516184390 0.011649283 0.856398225 110.245925903
0.856746912 0.058918670 0.512360513 64.954383850 -0.045541428 0.998215020 -0.038636900 -9.569228172 -0.513722360 0.009768417 0.857900858 110.603218079
0.858713865 0.055621807 0.509427786 65.160789490 -0.043237552 0.998411357 -0.036128297 -9.590535164 -0.510628045 0.008997463 0.859754682 110.955436707
0.861197531 0.057739466 0.504980206 65.356063843 -0.044556085 0.998277903 -0.038156837 -9.604187012 -0.506313741 0.010360632 0.862287104 111.278854370
0.862761557 0.063303977 0.501632452 65.527275085 -0.048276078 0.997912228 -0.042902078 -9.622134209 -0.503301024 0.012797419 0.864016414 111.593849182
0.865027905 0.066886969 0.497245312 65.695068359 -0.049841758 0.997627497 -0.047489177 -9.639791489 -0.499241978 0.016295884 0.866309345 111.905242920
0.867284894 0.066022441 0.493414670 65.870178223 -0.046327949 0.997569263 -0.052050393 -9.656304359 -0.495651811 0.022283632 0.868235409 112.202514648
0.868287921 0.065575488 0.491707146 66.036125183 -0.044583436 0.997528613 -0.054305013 -9.672026634 -0.494053006 0.025230397 0.869065642 112.493255615
0.869129956 0.065988116 0.490161896 66.200241089 -0.044866506 0.997492552 -0.054732591 -9.684066772 -0.492544532 0.025577886 0.869911313 112.801315308
0.869097173 0.068705246 0.489846587 66.355018616 -0.046850737 0.997288287 -0.056754682 -9.693981171 -0.492417604 0.026375661 0.869959354 113.076515198
0.868502557 0.070818849 0.490599573 66.515068054 -0.048978239 0.997158527 -0.057235867 -9.706069946 -0.493258953 0.025680793 0.869503379 113.369575500
0.867881536 0.070213132 0.491784304 66.673614502 -0.050050043 0.997282684 -0.054057907 -9.732804298 -0.494243532 0.022302037 0.869037390 113.647117615
0.867560804 0.067861721 0.492679447 66.830894470 -0.049650807 0.997515917 -0.049967688 -9.752616882 -0.494846493 0.018888075 0.868775129 113.916381836
0.866454601 0.065885812 0.494889379 66.981452942 -0.049543418 0.997708142 -0.046086442 -9.768809319 -0.496791601 0.015413299 0.867733002 114.191406250
0.865763783 0.066559866 0.496006966 67.128929138 -0.050325982 0.997671247 -0.046036553 -9.783370972 -0.497916073 0.014894739 0.867097318 114.456092834
0.865067899 0.070206799 0.496717811 67.274703979 -0.051824223 0.997367680 -0.050713949 -9.803405762 -0.498970777 0.018128999 0.866429210 114.697906494
0.864031911 0.071775474 0.498294294 67.422256470 -0.049064051 0.997078300 -0.058545459 -9.817797661 -0.501040578 0.026136810 0.865029037 114.950202942
0.863296032 0.066828534 0.500253856 67.579048157 -0.042428866 0.997295797 -0.060007818 -9.829814911 -0.502911329 0.030579315 0.863796949 115.197486877
0.861764193 0.066011436 0.502996027 67.731719971 -0.043822221 0.997478306 -0.055826593 -9.852440834 -0.505412817 0.026066959 0.862483859 115.464202881
0.860750198 0.064783305 0.504888296 67.887710571 -0.044319585 0.997639477 -0.052451778 -9.859804153 -0.507094502 0.022771440 0.861589611 115.723129272
0.859460115 0.066608511 0.506844699 68.039138794 -0.046299186 0.997542560 -0.052585173 -9.869096756 -0.509101808 0.021728363 0.860432029 115.984222412
0.858172894 0.068643749 0.508750796 68.196945190 -0.047654584 0.997392893 -0.054189429 -9.882233620 -0.511144161 0.022259589 0.859206676 116.246459961
0.855844259 0.070622332 0.512389600 68.355407715 -0.048706926 0.997236788 -0.056093350 -9.895064354 -0.514935195 0.023050250 0.856919169 116.513656616
0.854385376 0.071516953 0.514694929 68.515586853 -0.049674887 0.997188628 -0.056100018 -9.914069176 -0.517260075 0.022363625 0.855536044 116.776596069
0.853097200 0.069793701 0.517062843 68.680938721 -0.049553730 0.997371256 -0.052868009 -9.937742233 -0.519393444 0.019479163 0.854313195 117.039382935
0.851615429 0.064315550 0.520206392 68.846809387 -0.044417094 0.997728765 -0.050639879 -9.958766937 -0.522281826 0.020019649 0.852537930 117.300918579
0.850684881 0.061864655 0.522023022 69.014259338 -0.039586984 0.997770250 -0.053734537 -9.971840858 -0.524183333 0.025045842 0.851237059 117.548995972
0.849496484 0.060491182 0.524115086 69.174842834 -0.035313390 0.997696877 -0.057913359 -9.983486176 -0.526411235 0.030688915 0.849676073 117.800331116
0.848758459 0.063779809 0.524920225 69.333061218 -0.037504382 0.997460127 -0.060553312 -9.994086266 -0.527449071 0.031708330 0.848994732 118.053077698
0.847672701 0.064444624 0.526590765 69.489517212 -0.037416708 0.997385144 -0.061829772 -10.013376236 -0.529198408 0.032708120 0.847867489 118.314529419
0.846383691 0.066754803 0.528373420 69.641899109 -0.038865086 0.997210026 -0.063731045 -10.026116371 -0.531153619 0.033405647 0.846616745 118.560569763
0.845017612 0.065934040 0.530658066 69.804580688 -0.037350472 0.997223139 -0.064427830 -10.040829659 -0.533432484 0.034622334 0.845133781 118.811187744
0.843318939 0.062756591 0.533736587 69.970314026 -0.035621591 0.997501731 -0.061002839 -10.061452866 -0.536231518 0.032432307 0.843447626 119.063102722
0.841268837 0.060230970 0.537251353 70.136245728 -0.034170892 0.997711480 -0.058345549 -10.073351860 -0.539536059 0.030725935 0.841401696 119.321479797
0.839594126 0.058213435 0.540086031 70.300666809 -0.032616243 0.997849822 -0.056849945 -10.093092918 -0.542234182 0.030115303 0.839687526 119.572967529
0.837669253 0.058122665 0.543076456 70.470695496 -0.032667022 0.997873127 -0.056409899 -10.110315323 -0.545200109 0.029512148 0.837786317 119.821723938
0.834955394 0.056933805 0.547364652 70.641273499 -0.031086575 0.997925401 -0.056378845 -10.124282837 -0.549438953 0.030058131 0.834993064 120.074165344
0.831652403 0.057324614 0.552329779 70.817115784 -0.031705219 0.997936547 -0.055833686 -10.142089844 -0.554390728 0.028922481 0.831753850 120.339378357
0.829096437 0.057936624 0.556095779 70.996383667 -0.032312151 0.997919381 -0.055792894 -10.162405968 -0.558171213 0.028289041 0.829243422 120.592407227
0.825609863 0.060221534 0.561018527 71.176666260 -0.034866150 0.997832954 -0.055800650 -10.183592796 -0.563163161 0.026509015 0.825920463 120.853988647
0.821370721 0.060734034 0.567152083 71.362495422 -0.033025943 0.997710824 -0.059011441 -10.199270248 -0.569437802 0.029739540 0.821496308 121.125320435
0.817200840 0.061431978 0.573069751 71.550827026 -0.030882593 0.997542143 -0.062895842 -10.222373962 -0.575525045 0.033700656 0.817089438 121.386100769
0.813593745 0.062625155 0.578051329 71.751495361 -0.031891525 0.997492433 -0.063180156 -10.235813141 -0.580558479 0.032968044 0.813550830 121.651275635
0.809287250 0.066577218 0.583627999 71.946365356 -0.037882067 0.997403383 -0.061249405 -10.248971939 -0.586190343 0.027459329 0.809707940 121.935485840
0.805915594 0.067333438 0.588189006 72.152244568 -0.038682204 0.997377217 -0.061174635 -10.269932747 -0.590765417 0.026549146 0.806406498 122.212631226
0.803779364 0.066091806 0.591244996 72.364677429 -0.035975032 0.997391045 -0.062585540 -10.289301872 -0.593838871 0.029034909 0.804059982 122.489410400
0.802601933 0.060866520 0.593401611 72.589332581 -0.029051809 0.997588634 -0.063031033 -10.307800293 -0.595807135 0.033349440 0.802434862 122.763671875
0.801694632 0.060936242 0.594619632 72.802711487 -0.029673534 0.997620761 -0.062228262 -10.330753326 -0.596996844 0.032243598 0.801595390 123.049957275
0.801886261 0.061146785 0.594339550 73.009803772 -0.030530224 0.997643232 -0.061447889 -10.355651855 -0.596696198 0.031128896 0.801863253 123.363586426
