1.000000000 0.000000000 0.000000000 0.000000000 0.000000000 1.000000000 0.000000000 0.000000000 0.000000000 0.000000000 1.000000000 0.000000000
0.999985576 -0.000310285 0.005365537 0.004618731 0.000304723 0.999999404 0.001037305 -0.005447164 -0.005365855 -0.001035655 0.999985039 0.815925062
0.999929965 0.000797060 0.011809594 0.012872191 -0.000836905 0.999993980 0.003369346 -0.006533688 -0.011806837 -0.003378993 0.999924600 1.617445946
0.999802947 0.000722378 0.019837379 0.025679549 -0.000840416 0.999981999 0.005942581 -0.004882874 -0.019832728 -0.005958082 0.999785542 2.395962000
0.999577224 0.002094440 0.028999021 0.045775916 -0.002343052 0.999960780 0.008541798 -0.004653554 -0.028979992 -0.008606133 0.999542952 3.161467791
0.999156058 0.004371917 0.040841501 0.072696432 -0.004743545 0.999948204 0.009006795 -0.002714826 -0.040800009 -0.009192928 0.999125063 3.902759314
0.998494804 0.006880082 0.054413121 0.110029377 -0.007323996 0.999941468 0.007963031 -0.008770387 -0.054355148 -0.008349566 0.998486757 4.637808323
0.997512639 0.007683892 0.070067912 0.161487415 -0.008050321 0.999955356 0.004948733 -0.004654009 -0.070026755 -0.005500493 0.997529924 5.330626965
0.996050239 0.008763131 0.088357642 0.216366172 -0.009042328 0.999955297 0.002760080 0.003610091 -0.088329509 -0.003548137 0.996084988 6.023694515
0.993938804 0.009776319 0.109499440 0.295425236 -0.010083462 0.999946654 0.002251573 0.004491053 -0.109471582 -0.003342059 0.993984282 6.676440716
0.991091728 0.008660769 0.132899165 0.389896035 -0.008954884 0.999958575 0.001615528 0.004838167 -0.132879674 -0.002791233 0.991128266 7.315709114
0.987269759 0.009287791 0.158783302 0.499874443 -0.009347337 0.999956250 -0.000371835 0.001007641 -0.158779800 -0.001117100 0.987313390 7.937054634
0.981921315 0.012805058 0.188855946 0.622821927 -0.012031960 0.999913871 -0.005239532 -0.004360044 -0.188906774 0.002872501 0.981990814 8.528264046
0.974923730 0.016145257 0.221952915 0.771215379 -0.013841508 0.999832988 -0.011931120 -0.010664532 -0.222108483 0.008559769 0.974984407 9.138176918
0.966135621 0.018366121 0.257380426 0.939585924 -0.014462873 0.999750018 -0.017050376 -0.014371106 -0.257629216 0.012750515 0.966159701 9.722693443
0.955693781 0.018268449 0.293795198 1.137416482 -0.013175111 0.999726832 -0.019306261 -0.027901815 -0.294067621 0.014580089 0.955673397 10.305101395
0.943160236 0.019361885 0.331773847 1.359454989 -0.012580753 0.999665976 -0.022574870 -0.037531272 -0.332100123 0.017117755 0.943088830 10.866926193
0.928409636 0.021021623 0.370963186 1.584901571 -0.012510543 0.999600708 -0.025334915 -0.059450548 -0.371347636 0.018880228 0.928301930 11.408396721
0.912008047 0.021343391 0.409616709 1.845644951 -0.011487239 0.999582589 -0.026507780 -0.074485078 -0.410011500 0.019469943 0.911872506 11.947194099
0.894311845 0.020781968 0.446961343 2.139940500 -0.009499276 0.999577522 -0.027469654 -0.086635642 -0.447343379 0.020320630 0.894131422 12.479270935
0.875051320 0.017360162 0.483718783 2.440443993 -0.004188989 0.999590814 -0.028296357 -0.101294599 -0.484012097 0.022734471 0.874765933 12.978770256
0.854438484 0.015410413 0.519323945 2.762715816 -0.000206153 0.999570012 -0.029322047 -0.121934220 -0.519552529 0.024946826 0.854074240 13.458754539
0.831822276 0.016081642 0.554809093 3.106767178 0.001425894 0.999514937 -0.031109679 -0.137290910 -0.555040240 0.026668824 0.831395864 13.940490723
0.806707084 0.020044347 0.590611458 3.470638275 -0.000900097 0.999465108 -0.032690715 -0.153099492 -0.590950847 0.025840223 0.806293607 14.413815498
0.778959453 0.026493516 0.626514435 3.852907181 -0.006559289 0.999396682 -0.034106337 -0.170688555 -0.627040029 0.022457965 0.778663278 14.870558739
0.748723745 0.029155791 0.662240684 4.273924828 -0.008569589 0.999374509 -0.034309730 -0.188295245 -0.662826777 0.020013379 0.748505235 15.326459885
0.715195894 0.026630701 0.698416531 4.727830887 -0.006457664 0.999482989 -0.031497594 -0.206736088 -0.698894203 0.018016811 0.714998126 15.761811256
0.678274512 0.024905128 0.734386504 5.199750900 -0.004253925 0.999541819 -0.029968401 -0.223932162 -0.734796345 0.017202778 0.678069651 16.166177750
0.639040232 0.025894497 0.768737316 5.699388027 -0.003329314 0.999516904 -0.030900570 -0.234707907 -0.769166112 0.017187340 0.638817728 16.551767349
0.597584248 0.026674693 0.801362336 6.210657597 -0.003290570 0.999519646 -0.030816883 -0.254220635 -0.801799417 0.015778746 0.597384930 16.902221680
0.553827047 0.027098108 0.832190692 6.748391628 -0.004753646 0.999556899 -0.029384376 -0.275541902 -0.832618237 0.012317925 0.553710461 17.241184235
0.508779466 0.027510000 0.860457301 7.311081886 -0.006474198 0.999583304 -0.028129926 -0.288785905 -0.860872567 0.008741159 0.508745551 17.550209045
0.462048411 0.026594175 0.886455894 7.897825718 -0.004646055 0.999609172 -0.027567169 -0.305424571 -0.886842549 0.008618843 0.461991370 17.824623108
0.413606942 0.024484497 0.910126269 8.509859085 -0.001684602 0.999657214 -0.026127517 -0.320430756 -0.910453975 0.009273320 0.413506389 18.069982529
0.364117622 0.022616273 0.931078374 9.151239395 0.002006213 0.999683738 -0.025067298 -0.335179001 -0.931350827 0.010995386 0.363957107 18.294204712
0.315760672 0.021496728 0.948595464 9.799036980 0.004841852 0.999693811 -0.024266422 -0.349941730 -0.948826671 0.012255342 0.315559864 18.492582321
0.271621108 0.020286558 0.962190449 10.460108757 0.008441903 0.999689102 -0.023460275 -0.362234265 -0.962367237 0.014495024 0.271365404 18.656690598
0.233824313 0.019436700 0.972084641 11.161101341 0.012981491 0.999648631 -0.023110397 -0.381200194 -0.972192228 0.018022880 0.233489871 18.798999786
0.200814784 0.019566832 0.979433835 11.859359741 0.017018890 0.999579906 -0.023458716 -0.391834378 -0.979481399 0.021379733 0.200397432 18.924194336
0.172540605 0.019743094 0.984804630 12.573934555 0.020288071 0.999515772 -0.023592552 -0.401652575 -0.984793544 0.024050457 0.172056496 19.036169052
0.148934245 0.019798927 0.988648891 13.344893456 0.020236202 0.999529123 -0.023065286 -0.413110197 -0.988640010 0.023441710 0.148463488 19.151941299
0.129695296 0.019397438 0.991364121 14.087100983 0.021312032 0.999523103 -0.022345230 -0.424661815 -0.991324842 0.024026059 0.129220068 19.243392944
0.114885092 0.019553963 0.993186295 14.861537933 0.023806479 0.999464929 -0.022431349 -0.432838261 -0.993093491 0.026221296 0.114358127 19.332815170
0.105186045 0.020122735 0.994248927 15.695919991 0.027907005 0.999341786 -0.023178214 -0.452262878 -0.994060934 0.030184533 0.104555249 19.426719666
0.099664271 0.020904604 0.994801581 16.503755569 0.029922545 0.999264121 -0.023996176 -0.458057880 -0.994571149 0.032158557 0.098965406 19.506149292
0.097004592 0.020618115 0.995070398 17.359605789 0.032407183 0.999189854 -0.023862693 -0.471514016 -0.994756222 0.034562219 0.096257865 19.586494446
0.095573545 0.021168662 0.995197296 18.209289551 0.033964071 0.999122381 -0.024513885 -0.478879511 -0.994842827 0.036143828 0.094770670 19.667329788
0.094947934 0.020531794 0.995270491 19.074602127 0.034284849 0.999126732 -0.023882089 -0.494602263 -0.994891703 0.036390252 0.094161093 19.757139206
0.095525682 0.019572081 0.995234609 20.000282288 0.035374302 0.999108434 -0.023043601 -0.505879581 -0.994798303 0.037406985 0.094748199 19.856334686
0.096878290 0.018502774 0.995124280 20.907043457 0.036284778 0.999096870 -0.022109073 -0.516789675 -0.994634628 0.038249753 0.096119404 19.941099167
0.097293019 0.019482234 0.995065212 21.833095551 0.036765516 0.999055624 -0.023155138 -0.531105518 -0.994576573 0.038836919 0.096484900 20.048006058
0.098730743 0.021321768 0.994885802 22.775831223 0.036635466 0.999014795 -0.025045903 -0.540389657 -0.994439662 0.038920905 0.097852349 20.138208389
0.099374413 0.021629894 0.994815052 23.720161438 0.037829798 0.998958826 -0.025498901 -0.551751494 -0.994330823 0.040167589 0.098452687 20.241054535
0.100752473 0.019440042 0.994721591 24.691467285 0.038725182 0.998974800 -0.023445526 -0.563707471 -0.994157553 0.040882967 0.099896312 20.338081360
0.101629972 0.017396240 0.994670212 25.671089172 0.040114287 0.998962224 -0.021569967 -0.575209200 -0.994013250 0.042092640 0.100826681 20.436094284
0.102979422 0.017797671 0.994524240 26.670106888 0.039139822 0.998993039 -0.021930434 -0.590631723 -0.993913114 0.041183885 0.102179170 20.548686981
0.104283810 0.019937081 0.994347692 27.685647964 0.039237201 0.998938203 -0.024144188 -0.606569648 -0.993773282 0.041533273 0.103390813 20.658590317
0.105918944 0.022355622 0.994123459 28.708858490 0.037143540 0.998960555 -0.026421862 -0.618985534 -0.993680835 0.039723840 0.104978502 20.774902344
0.107841671 0.023820983 0.993882716 29.756704330 0.035286970 0.998991251 -0.027772253 -0.633591890 -0.993541718 0.038066115 0.106892288 20.893789291
0.109903812 0.022537334 0.993686676 30.811178207 0.032246802 0.999135733 -0.026227487 -0.656185865 -0.993418992 0.034925722 0.109082103 21.020595551
0.112027884 0.020587182 0.993491888 31.879747391 0.030817932 0.999232471 -0.024181228 -0.676045537 -0.993227184 0.033326335 0.111307442 21.151121140
0.114648640 0.017940093 0.993244112 32.949684143 0.029163856 0.999345183 -0.021416631 -0.694610953 -0.992977977 0.031422216 0.114050329 21.282426834
0.117265165 0.016104255 0.992970049 34.035804749 0.029579818 0.999368250 -0.019701261 -0.711190343 -0.992659986 0.031682145 0.116714716 21.416805267
0.120326102 0.014444579 0.992629349 35.110927582 0.031015368 0.999351323 -0.018302070 -0.725544095 -0.992249846 0.032988984 0.119800091 21.540340424
0.123236597 0.014650529 0.992269278 36.209278107 0.032526698 0.999294162 -0.018793963 -0.739890039 -0.991844237 0.034591347 0.122673094 21.675815582
0.126132965 0.016780261 0.991871417 37.279895782 0.034501761 0.999177814 -0.021291342 -0.758980691 -0.991413176 0.036906850 0.125450313 21.814098358
0.129099965 0.018097617 0.991466522 38.365921021 0.037017465 0.999048591 -0.023056107 -0.771763444 -0.990940511 0.039678115 0.128307223 21.952396393
0.131701589 0.015267954 0.991171777 39.458503723 0.036470968 0.999129772 -0.020236604 -0.790732563 -0.990618229 0.038814187 0.131030142 22.097877502
0.133599997 0.008491401 0.990999103 40.572101593 0.038238470 0.999174476 -0.013716518 -0.810278177 -0.990297496 0.039726812 0.133165002 22.250354767
0.135365307 0.004400776 0.990786076 41.686187744 0.038604449 0.999207377 -0.009712486 -0.818712711 -0.990043461 0.039563481 0.135088146 22.402820587
0.136418819 0.005461773 0.990636349 42.815452576 0.041093122 0.999092937 -0.011167265 -0.833200455 -0.989798725 0.042231761 0.136070609 22.567676544
0.137704253 0.013446498 0.990382195 43.890388489 0.040873345 0.998978972 -0.019246316 -0.831866682 -0.989629805 0.043130532 0.137014031 22.708065033
0.138531864 0.019174090 0.990172446 45.010063171 0.038190749 0.998965442 -0.024687512 -0.846064806 -0.989621401 0.041235428 0.137656271 22.864459991
0.138983071 0.019136153 0.990109921 46.132659912 0.037732817 0.998984933 -0.024604296 -0.868222058 -0.989575684 0.040779214 0.138119936 23.016731262
0.139209509 0.017038863 0.990116477 47.269020081 0.037188593 0.999056697 -0.022421407 -0.886118233 -0.989564538 0.039942309 0.138444543 23.164268494
0.138124764 0.014524858 0.990308404 48.396896362 0.036856256 0.999124527 -0.019794749 -0.910773456 -0.989728928 0.039233204 0.137468517 23.325012207
0.138157010 0.014575407 0.990303159 49.541973114 0.036946196 0.999119878 -0.019859536 -0.926902056 -0.989721060 0.039331667 0.137496948 23.477558136
0.137498677 0.015568164 0.990379632 50.687404633 0.037647922 0.999071836 -0.020931626 -0.941392958 -0.989786208 0.040163804 0.136784971 23.636707306
0.137411475 0.014442114 0.990408838 51.842269897 0.037907906 0.999084473 -0.019828053 -0.956348002 -0.989788473 0.040268924 0.136738181 23.791549683
0.136507094 0.013747315 0.990543723 53.005844116 0.038860686 0.999059737 -0.019220905 -0.974835038 -0.989876628 0.041116998 0.135844529 23.957363129
0.136030018 0.013521690 0.990612507 54.175308228 0.038573124 0.999076366 -0.018934051 -0.989573836 -0.989953578 0.040786617 0.135382831 24.112400055
0.135381043 0.009852415 0.990744710 55.354194641 0.040772431 0.999048114 -0.015506372 -0.998243451 -0.989954412 0.042494338 0.134850442 24.268459320
0.134888709 0.003513080 0.990854621 56.559909821 0.043555200 0.999006152 -0.009471315 -1.007941723 -0.989903092 0.044434439 0.134601653 24.429084778
0.134407580 -0.000136900 0.990926206 57.751277924 0.047043145 0.998873353 -0.006242860 -1.017413855 -0.989808917 0.047455367 0.134262621 24.583461761
0.134361207 -0.000334229 0.990932405 58.982975006 0.052913755 0.998575687 -0.006837809 -1.008039951 -0.989518702 0.053352688 0.134187520 24.732440948
0.135038018 0.001408114 0.990839541 60.197963715 0.054620802 0.998467863 -0.008863037 -1.011061192 -0.989333868 0.055317290 0.134754181 24.886367798
0.135883808 0.004178716 0.990715981 61.418693542 0.058980726 0.998183370 -0.012299845 -1.013725519 -0.988967597 0.060104501 0.135390520 25.038734436
0.137602270 0.007988697 0.990455449 62.639911652 0.058167376 0.998176515 -0.016132077 -1.018381357 -0.988778234 0.059831999 0.136886656 25.199474335
0.139151096 0.012649153 0.990190387 63.923400879 0.055739705 0.998233140 -0.020584978 -1.030056715 -0.988701165 0.058057342 0.138200164 25.364604950
0.141100466 0.015206100 0.989878595 65.152626038 0.054345399 0.998255372 -0.023081359 -1.044653296 -0.988502622 0.057052132 0.140027940 25.528659821
0.142461002 0.014755929 0.989690423 66.445953369 0.052239176 0.998383224 -0.022405107 -1.065693140 -0.988420963 0.054892469 0.141459823 25.698680878
0.142949462 0.015078074 0.989615262 67.701622009 0.049769923 0.998509407 -0.022402840 -1.086505651 -0.988477945 0.052455544 0.141985953 25.886543274
0.145423591 0.017087113 0.989221931 68.993522644 0.049793277 0.998457372 -0.024566654 -1.098641038 -0.988115728 0.052829172 0.144348383 26.061153412
0.148078322 0.018730395 0.988798320 70.260963440 0.051482648 0.998319030 -0.026620576 -1.126146078 -0.987634838 0.054847885 0.146865129 26.236572266
0.150094390 0.022557046 0.988414407 71.576698303 0.050377984 0.998266459 -0.030431980 -1.143675804 -0.987387419 0.054361995 0.148697853 26.430400848
0.153140366 0.022945654 0.987938106 72.873008728 0.049979221 0.998271108 -0.030932935 -1.167328954 -0.986939847 0.054113455 0.151728809 26.605552673
0.155201077 0.021287533 0.987653494 74.199729919 0.047003482 0.998476386 -0.028906990 -1.197495580 -0.986764073 0.050909553 0.153964043 26.793800354
0.157819092 0.019586803 0.987273753 75.517608643 0.044759192 0.998633742 -0.026967086 -1.222260237 -0.986453116 0.048445493 0.156726778 26.986900330
0.158833385 0.019767046 0.987107575 76.856399536 0.042207230 0.998749614 -0.026791660 -1.250232697 -0.986402869 0.045918487 0.157800436 27.206672668
0.161787987 0.018694440 0.986648500 78.189147949 0.042282496 0.998771012 -0.025857506 -1.274376869 -0.985919297 0.045901395 0.160798728 27.410041809
0.165845335 0.016801903 0.986008644 79.521820068 0.043745656 0.998745263 -0.024376901 -1.293319464 -0.985181034 0.047176391 0.164902210 27.592292786
0.167250991 0.014875311 0.985802114 80.848976135 0.043697279 0.998791754 -0.022484994 -1.319849610 -0.984945476 0.046837509 0.166398942 27.815246582
0.168302715 0.014387827 0.985630333 82.177352905 0.043036629 0.998832822 -0.021929333 -1.344189167 -0.984795451 0.046108972 0.167487085 28.048973083
0.170838892 0.014466374 0.985192776 83.528503418 0.043836545 0.998790503 -0.022267589 -1.366228580 -0.984323382 0.046991620 0.169998109 28.266448975
0.172963858 0.014570377 0.984820366 84.887367249 0.045438163 0.998707950 -0.022756141 -1.386369109 -0.983879507 0.048684422 0.172078311 28.493858337
0.175101638 0.013011696 0.984464347 86.256431580 0.046985101 0.998662949 -0.021556359 -1.408193469 -0.983428597 0.050029714 0.174256206 28.725540161
0.177662253 0.012164518 0.984016418 87.631820679 0.046991512 0.998678088 -0.020830004 -1.429916143 -0.982969046 0.049941123 0.176855803 28.962867737
0.178290069 0.010512744 0.983921826 89.007469177 0.047997095 0.998659670 -0.019367453 -1.453433394 -0.982806683 0.050678413 0.177546501 29.215621948
0.180364072 0.009070903 0.983558118 90.389579773 0.048280578 0.998670459 -0.018063933 -1.469607115 -0.982414305 0.050744839 0.179686368 29.446220398
0.180661559 0.007798467 0.983514369 91.772933960 0.049093001 0.998650610 -0.016936366 -1.490018606 -0.982319295 0.051343422 0.180034935 29.707862854
0.182245314 0.007723847 0.983222783 93.152740479 0.049978446 0.998603761 -0.017108437 -1.514460206 -0.981982112 0.052257877 0.181604862 29.953781128
0.182949007 0.008822391 0.983082891 94.535934448 0.051165208 0.998519182 -0.018482627 -1.539205909 -0.981790125 0.053681012 0.182226717 30.203804016
0.183957696 0.010607653 0.982876897 95.911964417 0.050897785 0.998497486 -0.020302391 -1.562981248 -0.981615484 0.053761039 0.183141351 30.456886292
0.184781194 0.012251787 0.982703328 97.293441772 0.050334595 0.998492002 -0.021913219 -1.587086797 -0.981489837 0.053513125 0.183885813 30.713859558
0.184782863 0.013171035 0.982691109 98.656082153 0.050116312 0.998482943 -0.022806445 -1.619340301 -0.981500685 0.053463098 0.183842421 30.972869873
0.185850441 0.016338181 0.982442260 100.025505066 0.049199875 0.998452783 -0.025911678 -1.648683786 -0.981345594 0.053151730 0.184759080 31.228401184
0.186498821 0.018589685 0.982279301 101.414848328 0.048177063 0.998445094 -0.028042678 -1.680338502 -0.981273234 0.052553255 0.185313225 31.487670898
0.187008560 0.017837573 0.982196331 102.782485962 0.046423186 0.998557627 -0.026973609 -1.716763735 -0.981260777 0.050640978 0.185910702 31.750846863
0.187651217 0.015941916 0.982106447 104.149269104 0.046295062 0.998613536 -0.025055476 -1.749814034 -0.981144190 0.050168365 0.186653018 32.010124207
0.188943565 0.015584549 0.981864333 105.521179199 0.045383275 0.998667121 -0.024584519 -1.786777735 -0.980938733 0.049205307 0.187984467 32.272178650
0.190047085 0.016694710 0.981633127 106.880111694 0.045329150 0.998639941 -0.025759811 -1.819317460 -0.980728090 0.049392167 0.189031839 32.528419495
0.191467822 0.016931878 0.981352985 108.239639282 0.043746088 0.998710334 -0.025766492 -1.851417065 -0.980523646 0.047863804 0.190480232 32.794738770
0.192527950 0.015857114 0.981163383 109.597709656 0.043311320 0.998757720 -0.024640193 -1.881417751 -0.980335236 0.047239404 0.191601932 33.049255371
0.194747329 0.011702476 0.980783701 110.971107483 0.042982895 0.998866439 -0.020453053 -1.911987782 -0.979911268 0.046140097 0.194023609 33.308723450
0.195622683 0.009524289 0.980633020 112.321632385 0.043564904 0.998881280 -0.018392121 -1.932557106 -0.979711175 0.046319097 0.194988906 33.580574036
0.197661579 0.011462222 0.980203390 113.686653137 0.045668356 0.998738229 -0.020888157 -1.951984406 -0.979206026 0.048893061 0.196888685 33.840950012
0.198818326 0.011578293 0.979967952 115.047775269 0.048046842 0.998612642 -0.021546440 -1.973880410 -0.978857875 0.051368192 0.197986186 34.114227295
0.201384604 0.011016613 0.979450345 116.417015076 0.047731567 0.998638451 -0.021046517 -1.993685126 -0.978348613 0.050989140 0.200584531 34.380561829
0.202853084 0.010853568 0.979149044 117.786087036 0.048883852 0.998579562 -0.021196356 -2.022439718 -0.977988243 0.052164324 0.202034354 34.664077759
0.204648674 0.010774379 0.978776217 119.172027588 0.047091506 0.998673141 -0.020839592 -2.046114445 -0.977702081 0.050356839 0.203869760 34.954841614
0.206201911 0.010007834 0.978458285 120.526664734 0.046528727 0.998716295 -0.020020580 -2.069653034 -0.977402627 0.049654700 0.205471575 35.234390259
0.208099842 0.009894601 0.978057623 121.904411316 0.046895262 0.998697937 -0.020081248 -2.089938402 -0.976982832 0.050045170 0.207364857 35.520454407
0.210078299 0.009228216 0.977641046 123.278442383 0.048366554 0.998633027 -0.019819509 -2.114110947 -0.976487517 0.051448774 0.209344804 35.804328918
0.211709440 0.008307857 0.977297366 124.663375854 0.049641874 0.998581707 -0.019242587 -2.133841753 -0.976071119 0.052588705 0.210996747 36.098915100
0.213281929 0.009160440 0.976947784 126.032913208 0.051085830 0.998483539 -0.020515155 -2.156965256 -0.975654244 0.054283697 0.212490499 36.391609192
0.215032697 0.013208470 0.976517558 127.422119141 0.050548330 0.998417735 -0.024635620 -2.182427645 -0.975297809 0.054658793 0.214024782 36.688240051
0.216757774 0.017109821 0.976075470 128.814178467 0.049641464 0.998359680 -0.028524360 -2.211674690 -0.974962473 0.054636691 0.215552866 36.985771179
0.217528880 0.018364999 0.975881159 130.214462280 0.048120346 0.998405397 -0.029515155 -2.244234562 -0.974867046 0.053380132 0.216298282 37.292739868
0.218665302 0.018864257 0.975617588 131.630981445 0.045899596 0.998507559 -0.029594336 -2.277661562 -0.974719822 0.051251706 0.217473090 37.590675354
0.220123231 0.019535901 0.975276411 133.047256470 0.044655018 0.998549461 -0.030080875 -2.309403419 -0.974449396 0.050172482 0.218931556 37.894836426
0.220336258 0.018177507 0.975254714 134.442276001 0.043184236 0.998664260 -0.028370319 -2.340831757 -0.974467695 0.048366636 0.219256938 38.215240479
0.220517337 0.018589707 0.975206017 135.852523804 0.040126763 0.998799026 -0.028113069 -2.381766558 -0.974557400 0.045331277 0.219506502 38.535232544
0.221688449 0.019871078 0.974915028 137.301528931 0.037309755 0.998887420 -0.028843652 -2.404888153 -0.974403501 0.042768147 0.220700443 38.852775574
0.222493470 0.017390063 0.974779069 138.721374512 0.036387276 0.998996139 -0.026127495 -2.439443827 -0.974254906 0.041282751 0.221637309 39.169624329
0.222402096 0.013437553 0.974862456 140.137451172 0.036263108 0.999099135 -0.022044590 -2.470062256 -0.974280417 0.040254306 0.221714437 39.499153137
0.223202705 0.010263760 0.974718034 141.554061890 0.037305892 0.999122024 -0.019063490 -2.499861717 -0.974057913 0.040617749 0.222623825 39.816383362
0.224204600 0.009560278 0.974495292 142.955917358 0.039243061 0.999052286 -0.018829953 -2.524094582 -0.973751724 0.042463940 0.223616958 40.124839783
0.225156069 0.009826750 0.974273145 144.362457275 0.042213075 0.998911798 -0.019830769 -2.551177740 -0.973407865 0.045592081 0.224496245 40.437393188
0.226261258 0.009871860 0.974016726 145.781677246 0.046608556 0.998693526 -0.020949004 -2.573805094 -0.972950995 0.050137457 0.225505531 40.750160217
0.227512240 0.010446611 0.973719180 147.184524536 0.050239991 0.998484790 -0.022451026 -2.608788490 -0.972478330 0.054027528 0.226642668 41.064071655
0.228969514 0.012891585 0.973348260 148.589736938 0.051642571 0.998343289 -0.025370989 -2.635507822 -0.972062826 0.056075390 0.227924466 41.385498047
0.229537785 0.011255623 0.973234653 149.999008179 0.052063324 0.998359561 -0.023825351 -2.667345762 -0.971906304 0.056138650 0.228575230 41.714294434
0.229661465 0.006180989 0.973250926 151.380462646 0.049104627 0.998632669 -0.017929578 -2.694643021 -0.972030997 0.051908862 0.229043961 42.049278259
0.229518473 0.003701115 0.973297358 152.770477295 0.048916098 0.998685181 -0.015332830 -2.717120171 -0.972074449 0.051129073 0.229035616 42.383552551
0.230577230 0.005419056 0.973039031 154.191268921 0.048417158 0.998681903 -0.017035097 -2.738738537 -0.971848845 0.051039688 0.230010927 42.718154907
0.231435120 0.006984459 0.972825289 155.552032471 0.053168938 0.998388886 -0.019816887 -2.762233257 -0.971396387 0.056310408 0.230690897 43.036987305
0.233332396 0.006222454 0.972377241 156.948852539 0.056354534 0.998212278 -0.019910662 -2.789005041 -0.970762730 0.059443664 0.232564628 43.360931396
0.235596418 0.008941121 0.971809864 158.338684082 0.056772731 0.998123407 -0.022946661 -2.825414658 -0.970191300 0.060578451 0.234646678 43.698074341
0.237373948 0.011923009 0.971345246 159.722076416 0.059071384 0.997897029 -0.026684588 -2.853261232 -0.969620705 0.063712932 0.236170411 44.033515930
0.238816977 0.012391867 0.970985532 161.110809326 0.055489473 0.998110592 -0.026385853 -2.895496130 -0.969477892 0.060180865 0.237678111 44.376655579
0.240255415 0.012166203 0.970633507 162.490661621 0.052066594 0.998320520 -0.025400991 -2.930876493 -0.969312370 0.056640301 0.239218473 44.720657349
0.242446363 0.009589043 0.970117450 163.864212036 0.050169520 0.998489320 -0.022407576 -2.965055227 -0.968866765 0.054102961 0.241599083 45.055633545
0.243958354 0.009990473 0.969734311 165.254653931 0.049370334 0.998522401 -0.022707274 -2.995699406 -0.968528271 0.053415731 0.243104637 45.412979126
0.245392263 0.013068691 0.969335854 166.619766235 0.047726240 0.998533785 -0.025544483 -3.026037931 -0.968248427 0.052531172 0.244408727 45.763275146
0.246267319 0.014175112 0.969098389 167.988708496 0.046221182 0.998583555 -0.026352134 -3.062585115 -0.968099236 0.051282540 0.245263338 46.116439819
0.247185707 0.013698106 0.968871295 169.368850708 0.044714879 0.998673558 -0.025527449 -3.093880177 -0.967935860 0.049632981 0.246245325 46.489395142
0.248202205 0.013791537 0.968610048 170.735336304 0.043664657 0.998723090 -0.025409183 -3.123009443 -0.967723608 0.048600640 0.247283041 46.839569092
0.249390602 0.013329779 0.968311250 172.090621948 0.044362709 0.998698294 -0.025173796 -3.154575348 -0.967386305 0.049235016 0.248474598 47.171203613
0.250532568 0.009787142 0.968058765 173.444824219 0.044848766 0.998757958 -0.021704327 -3.185331583 -0.967068791 0.048853878 0.249782443 47.514266968
0.251461327 0.005087602 0.967853963 174.800277710 0.045310542 0.998827875 -0.017022701 -3.210009813 -0.966806173 0.048134539 0.250936091 47.855667114
0.251773357 0.003493597 0.967779994 176.149291992 0.046584453 0.998790562 -0.015724754 -3.236720800 -0.966664493 0.049042575 0.251306117 48.204574585
0.252097368 0.005765371 0.967684686 177.510345459 0.046794944 0.998739779 -0.018141223 -3.249641895 -0.966569781 0.049856104 0.251509845 48.555908203
0.252663374 0.009523506 0.967507482 178.850555420 0.047444586 0.998626709 -0.022219928 -3.271461248 -0.966390431 0.051517151 0.251864552 48.898757935
0.253593743 0.012512926 0.967230022 180.201522827 0.047984015 0.998522580 -0.025498481 -3.294462681 -0.966120064 0.052877828 0.252618670 49.237289429
0.253497601 0.011520294 0.967267394 181.533248901 0.048666384 0.998510957 -0.024646703 -3.327363253 -0.966111004 0.053321287 0.252559483 49.590103149
0.254151821 0.008424965 0.967127681 182.891082764 0.049695633 0.998527408 -0.021758033 -3.353455067 -0.965886772 0.053591862 0.253358841 49.941497803
0.254630566 0.006730195 0.967014968 184.224243164 0.050072722 0.998542607 -0.020134570 -3.379825830 -0.965741158 0.053547949 0.253922462 50.290206909
0.254752398 0.006986023 0.966981113 185.566894531 0.051205035 0.998473525 -0.020703575 -3.409979343 -0.965649724 0.054788586 0.254005790 50.643325806
0.255374074 0.006846020 0.966818094 186.923324585 0.053578727 0.998338103 -0.021221429 -3.432915926 -0.965356648 0.057220288 0.254582882 50.990264893
0.256338716 0.007875401 0.966554940 188.280685425 0.054663289 0.998248339 -0.022630814 -3.460772514 -0.965040088 0.058636229 0.255459189 51.335098267
0.257712007 0.010843109 0.966161013 189.643798828 0.055482019 0.998121083 -0.026000971 -3.488554001 -0.964627624 0.060305323 0.256626189 51.678787231
0.257750869 0.016816117 0.966065109 191.003265381 0.055763446 0.997923076 -0.032248624 -3.521887064 -0.964600980 0.062183227 0.256277859 52.042648315
0.258637369 0.020065734 0.965766072 192.356582642 0.052045520 0.998042583 -0.034674421 -3.560163498 -0.964571416 0.059231900 0.257086754 52.404373169
0.260227263 0.021133751 0.965316117 193.712554932 0.049722359 0.998140633 -0.035256404 -3.602388859 -0.964266300 0.057172474 0.258692563 52.768829346
0.261506975 0.018051285 0.965032876 195.060333252 0.046604719 0.998422742 -0.031304926 -3.646094322 -0.964075863 0.053161539 0.260253251 53.144638062
0.263221800 0.015006549 0.964618623 196.417266846 0.045140419 0.998592317 -0.027852839 -3.678602219 -0.963678658 0.050874766 0.262173831 53.512954712
0.265246511 0.012302525 0.964102149 197.787353516 0.045155801 0.998662889 -0.025166932 -3.708088398 -0.963122666 0.050210245 0.264336288 53.887420654
0.268026352 0.011011465 0.963348746 199.139068604 0.048880506 0.998491406 -0.025012881 -3.741446495 -0.962170899 0.053793084 0.267083764 54.248443604
0.270991921 0.011997846 0.962506890 200.497528076 0.050520662 0.998366892 -0.026668839 -3.770637274 -0.961254954 0.055853523 0.269943178 54.621536255
0.273646355 0.011850432 0.961757362 201.847671509 0.051127598 0.998331189 -0.026848285 -3.797080517 -0.960470498 0.056519277 0.272583842 54.993087769
0.276147485 0.010989308 0.961052477 203.196594238 0.048508607 0.998500884 -0.025355916 -3.837228537 -0.959890366 0.053621288 0.275200427 55.375289917
0.277964413 0.008564979 0.960553229 204.544006348 0.047550246 0.998611689 -0.022664404 -3.860296726 -0.959413767 0.051974438 0.277171195 55.756057739
0.279402435 0.006732738 0.960150480 205.895843506 0.045850039 0.998741150 -0.020345636 -3.883362055 -0.959078729 0.049707554 0.278742015 56.150222778
0.281676054 0.005442914 0.959494114 207.245574951 0.048501283 0.998624802 -0.019903278 -3.905554771 -0.958282948 0.052142970 0.281024694 56.528915405
0.283131599 0.006747601 0.959057331 208.589508057 0.053401247 0.998313069 -0.022788834 -3.932140350 -0.957593262 0.057667095 0.282293677 56.925308228
0.285651982 0.011263548 0.958267391 209.930877686 0.053198069 0.998202741 -0.027590886 -3.958160162 -0.956855893 0.058859359 0.284539342 57.321029663
0.288656116 0.012281785 0.957354069 211.265090942 0.052883565 0.998186707 -0.028750781 -3.991622925 -0.955971241 0.058927383 0.287483215 57.722213745
0.291122913 0.008806667 0.956645250 212.613815308 0.049751531 0.998465180 -0.024331871 -4.023511887 -0.955391288 0.054678127 0.290237963 58.130874634
0.293314517 0.004393648 0.956005931 213.949340820 0.048644733 0.998625517 -0.019514328 -4.049286842 -0.954777598 0.052228488 0.292697608 58.547958374
0.296311677 0.004720993 0.955079675 215.286102295 0.049659688 0.998558998 -0.020342739 -4.070079803 -0.953799427 0.053456750 0.295650244 58.959335327
0.299110472 0.008836463 0.954177618 216.655242920 0.050821103 0.998390377 -0.025177043 -4.088368893 -0.952864230 0.056023072 0.298179984 59.387283325
0.302333057 0.010494541 0.953144610 218.019287109 0.054857690 0.998090506 -0.028390024 -4.115616798 -0.951622546 0.060870554 0.301180065 59.797027588
0.304896832 0.009820377 0.952334881 219.351303101 0.052597348 0.998247147 -0.027133245 -4.149014473 -0.950932026 0.058363125 0.303845882 60.231033325
0.307141066 0.008463520 0.951626360 220.695175171 0.054462228 0.998165309 -0.026455317 -4.178252220 -0.950104356 0.059953205 0.306116641 60.653671265
0.308513761 0.012975030 0.951131463 222.067794800 0.050245732 0.998288751 -0.029916300 -4.215294838 -0.949891984 0.057019886 0.307333887 61.108535767
0.308799744 0.019494697 0.950927258 223.406402588 0.046406455 0.998290360 -0.035535496 -4.252417088 -0.949994266 0.055102516 0.307367146 61.553009033
0.309156001 0.023575526 0.950719059 224.751113892 0.045145061 0.998201847 -0.039433312 -4.298478127 -0.949939191 0.055111319 0.307535827 61.993591309
0.309268534 0.020293625 0.950758278 226.104598999 0.044038143 0.998394072 -0.035635404 -4.347934723 -0.949954569 0.052890539 0.307878196 62.434707642
0.309579730 0.015758175 0.950743020 227.457962036 0.043752488 0.998567581 -0.030797483 -4.392858982 -0.949866474 0.051131647 0.308446825 62.871704102
0.309622705 0.015279239 0.950736761 228.811523438 0.043650225 0.998588383 -0.030263659 -4.428703308 -0.949857116 0.050870188 0.308518648 63.307312012
0.308940649 0.014010272 0.950978100 230.167984009 0.044524450 0.998582184 -0.029176084 -4.464461803 -0.950038552 0.051355455 0.307878792 63.751892090
0.308300555 0.014355205 0.951180696 231.527374268 0.042401593 0.998685002 -0.028815517 -4.504488945 -0.950343549 0.049215417 0.307286441 64.195266724
0.307389975 0.013697178 0.951485038 232.886398315 0.040478095 0.998803139 -0.027455339 -4.539455414 -0.950722337 0.046953797 0.306467652 64.639907837
0.305886984 0.013737902 0.951968670 234.245986938 0.041184746 0.998768985 -0.027646780 -4.574153900 -0.951176584 0.047663379 0.304944634 65.085372925
0.305401504 0.009708854 0.952174187 235.619537354 0.040693887 0.998901427 -0.023237517 -4.605955601 -0.951353729 0.045844443 0.304670930 65.528549194
0.305118978 0.009900537 0.952262759 237.007278442 0.043426294 0.998761117 -0.024298398 -4.638298988 -0.951323569 0.048767146 0.304311037 65.975036621
0.304987252 0.013023500 0.952267349 238.375030518 0.044136096 0.998638868 -0.027793368 -4.667202950 -0.951333106 0.050505985 0.303997338 66.409057617
0.305129826 0.014662574 0.952197850 239.772766113 0.043540977 0.998620987 -0.029330047 -4.701036930 -0.951314867 0.050409097 0.304070652 66.859817505
0.305249512 0.013721741 0.952173531 241.140686035 0.042776063 0.998689294 -0.028105304 -4.739995956 -0.951311171 0.049309365 0.304262459 67.305633545
0.305004001 0.011771061 0.952278316 242.523193359 0.043842763 0.998689890 -0.026387095 -4.774511337 -0.951341331 0.049798679 0.304088354 67.750000000
0.305295706 0.007178629 0.952230573 243.895141602 0.045807343 0.998703241 -0.022215320 -4.804004192 -0.951155186 0.050401393 0.304571033 68.191436768
0.305865526 0.004632038 0.952063441 245.280410767 0.049115956 0.998579860 -0.020637635 -4.833450794 -0.950806975 0.053073850 0.305203676 68.631469727
0.306368291 0.005491698 0.951897204 246.659286499 0.052496292 0.998364091 -0.022655716 -4.856241226 -0.950464427 0.056912068 0.305578768 69.068161011
0.306226075 0.011009277 0.951895118 248.028640747 0.051492341 0.998277664 -0.028110879 -4.891460419 -0.950565100 0.057623591 0.305131733 69.520355225
0.306185842 0.015431031 0.951846659 249.418121338 0.050932720 0.998170972 -0.032565840 -4.922945976 -0.950608253 0.058451343 0.304839849 69.965255737
0.305866003 0.016585106 0.951930165 250.802551270 0.048525773 0.998277128 -0.032984484 -4.967932224 -0.950837195 0.056281976 0.304534256 70.415969849
0.305299163 0.016707603 0.952109933 252.215866089 0.046804149 0.998374343 -0.032527454 -5.007891655 -0.951105595 0.054493297 0.304020882 70.874877930
0.305179417 0.017808689 0.952128351 253.618469238 0.044144347 0.998485744 -0.032825060 -5.045886993 -0.951271176 0.052048620 0.303931117 71.327072144
0.305310309 0.020198746 0.952038705 255.027191162 0.042957958 0.998465002 -0.034959979 -5.090268135 -0.951283514 0.051571280 0.303973973 71.774169922
0.304981232 0.020687960 0.952133656 256.432312012 0.040954847 0.998554289 -0.034814980 -5.139103889 -0.951477349 0.049612403 0.303693056 72.232437134
0.304417670 0.017330505 0.952380955 257.836547852 0.039611928 0.998739243 -0.030835584 -5.185720444 -0.951714635 0.047112543 0.303347409 72.689010620
0.304067850 0.014916122 0.952533603 259.248779297 0.039301798 0.998829722 -0.028187016 -5.229790688 -0.951839328 0.046007048 0.303125799 73.153549194
0.304056227 0.014479135 0.952544093 260.655426025 0.039948329 0.998811185 -0.027934097 -5.258087158 -0.951816142 0.046546079 0.303116322 73.605834961
0.303795457 0.012087385 0.952660620 262.086456299 0.041332014 0.998810947 -0.025853375 -5.302165985 -0.951840341 0.047229521 0.302934587 74.069885254
0.304369211 0.009225679 0.952509522 263.523895264 0.042585120 0.998821557 -0.023282085 -5.327956200 -0.951601803 0.047649078 0.303617656 74.521942139
0.303927422 0.009276804 0.952650011 264.955108643 0.044240210 0.998736441 -0.023839701 -5.357632637 -0.951667428 0.049390975 0.303132951 74.978576660
0.303927839 0.011869121 0.952621222 266.394744873 0.044586223 0.998649538 -0.026667574 -5.381649017 -0.951651275 0.050578795 0.302988172 75.443359375
0.304339349 0.012962822 0.952475488 267.854187012 0.044895697 0.998601019 -0.027935853 -5.413287640 -0.951505125 0.051264029 0.303331614 75.898803711
0.304147601 0.012456943 0.952543497 269.301483154 0.046305001 0.998539209 -0.027843662 -5.451437473 -0.951498866 0.052576106 0.303126454 76.368576050
0.304259598 0.011799015 0.952516139 270.756469727 0.046704318 0.998535991 -0.027287712 -5.482980251 -0.951443613 0.052789167 0.303263128 76.841064453
0.304313660 0.010460828 0.952514529 272.265808105 0.047055122 0.998553872 -0.025999837 -5.517966270 -0.951409042 0.052732788 0.303381324 77.318679810
0.304147542 0.009687146 0.952575862 273.728149414 0.047148187 0.998569787 -0.025208810 -5.548773766 -0.951457620 0.052579414 0.303255796 77.795532227
0.303941429 0.008411888 0.952653646 275.227752686 0.048906948 0.998504758 -0.024420384 -5.578092575 -0.951434612 0.054013748 0.303075612 78.268051147
0.304302812 0.011325923 0.952508032 276.695709229 0.048732404 0.998434842 -0.027440824 -5.605646133 -0.951327980 0.054768324 0.303274572 78.730545044
0.304133296 0.012726428 0.952544570 278.189666748 0.049018830 0.998377085 -0.028989768 -5.650503159 -0.951367617 0.055509374 0.303015888 79.220291138
0.303910792 0.011242102 0.952634156 279.674957275 0.049933378 0.998368025 -0.027711628 -5.688935280 -0.951390982 0.055990104 0.302853465 79.698486328
0.304023087 0.008407594 0.952627659 281.174407959 0.051925030 0.998328388 -0.025382377 -5.721225739 -0.951248646 0.057182044 0.303078294 80.171310425
0.304183960 0.008749526 0.952573121 282.668182373 0.053379517 0.998230159 -0.026214506 -5.758435249 -0.951116562 0.058821924 0.303178549 80.650192261
0.304338515 0.010402792 0.952507198 284.170654297 0.054354042 0.998121500 -0.028267797 -5.793458462 -0.951012015 0.060375590 0.303201377 81.126861572
0.304566622 0.009966098 0.952438951 285.688415527 0.054796606 0.998105824 -0.027966563 -5.826887608 -0.950913548 0.060708102 0.303443611 81.607971191
0.304512382 0.011430537 0.952439785 287.202819824 0.052122965 0.998229742 -0.028644741 -5.859973431 -0.951081157 0.058366664 0.303377509 82.098587036
0.304884017 0.013230937 0.952297628 288.723205566 0.052057888 0.998177111 -0.030535033 -5.894846439 -0.950965762 0.058884244 0.303639472 82.585510254
0.304283381 0.015902743 0.952448845 290.231292725 0.049627021 0.998238206 -0.032521859 -5.950883389 -0.951287985 0.057163060 0.302958131 83.081481934
0.304002047 0.017223580 0.952515721 291.763702393 0.047691770 0.998307765 -0.033272769 -5.993685722 -0.951476932 0.055542152 0.302666187 83.581817627
0.304107308 0.016819406 0.952489257 293.287628174 0.045437124 0.998450100 -0.032137994 -6.040199757 -0.951553524 0.053051773 0.302871764 84.070983887
0.304081678 0.016856719 0.952496886 294.850341797 0.043527614 0.998553336 -0.031567860 -6.092431068 -0.951651096 0.051059123 0.302908063 84.566696167
0.303718686 0.016577935 0.952617526 296.389282227 0.041190784 0.998685300 -0.030512298 -6.136850357 -0.951870918 0.048506215 0.302636564 85.067352295
0.303670883 0.014064560 0.952673197 297.982696533 0.041006859 0.998771608 -0.027816331 -6.170331955 -0.951894164 0.047513146 0.302721083 85.589721680
0.303744435 0.009595969 0.952705264 299.531799316 0.042424008 0.998821259 -0.023586223 -6.211165428 -0.951808631 0.047581758 0.302979350 86.078079224
0.303005934 0.006693726 0.952965140 301.090911865 0.043612789 0.998830199 -0.020883065 -6.243076324 -0.951990187 0.047889158 0.302359581 86.581497192
0.302773595 0.006226696 0.953042209 302.656646729 0.045240309 0.998757541 -0.020897849 -6.271697521 -0.951988220 0.049443237 0.302115738 87.071105957
0.302781343 0.008822349 0.953019202 304.215759277 0.046822906 0.998611927 -0.024120398 -6.300429821 -0.951909125 0.051926333 0.301947951 87.556640625
0.301877975 0.012571503 0.953263760 305.819335938 0.047104996 0.998495042 -0.028085148 -6.337129593 -0.952182174 0.053381771 0.300831497 88.081268311
0.301594436 0.012987835 0.953347981 307.382507324 0.046975970 0.998490393 -0.028463826 -6.376441002 -0.952278435 0.053368974 0.300529003 88.571517944
0.300557196 0.010234226 0.953708947 308.936981201 0.046939410 0.998571992 -0.025508406 -6.420251846 -0.952608109 0.052433267 0.299647629 89.074386597
0.299845457 0.007865662 0.953955352 310.490417480 0.047337741 0.998611510 -0.023112975 -6.455150127 -0.952812552 0.052088413 0.299056828 89.558883667
0.299523830 0.005426484 0.954073370 312.065887451 0.049484223 0.998549581 -0.021214632 -6.494064808 -0.952804685 0.053565871 0.298820853 90.050033569
