1.000000000 0.000000000 0.000000000 0.000000000 0.000000000 1.000000000 0.000000000 0.000000000 0.000000000 0.000000000 1.000000000 0.000000000
0.999998808 -0.001448217 -0.000516798 -0.000564691 0.001448373 0.999998927 0.000301166 -0.000086509 0.000516361 -0.000301915 0.999999821 0.584098399
0.999997258 -0.002152818 -0.000946142 -0.003286839 0.002152636 0.999997675 -0.000192970 0.000090387 0.000946555 0.000190933 0.999999523 1.161554575
0.999997735 -0.001022699 -0.001853740 -0.010277142 0.001019658 0.999998152 -0.001641005 -0.005229171 0.001855415 0.001639111 0.999996960 1.728818417
0.999995708 -0.001441426 -0.002552754 -0.015590320 0.001436205 0.999996901 -0.002045592 -0.005792415 0.002555695 0.002041916 0.999994636 2.281872511
0.999992847 -0.002273399 -0.003032455 -0.015722945 0.002266251 0.999994636 -0.002358404 -0.007575527 0.003037801 0.002351515 0.999992609 2.826945543
0.999985158 -0.003979960 -0.003724372 -0.016216321 0.003971858 0.999989748 -0.002180411 -0.012933624 0.003733011 0.002165586 0.999990702 3.358378410
0.999981642 -0.004304666 -0.004264999 -0.024619563 0.004302060 0.999990582 -0.000619847 -0.011314707 0.004267627 0.000601487 0.999990702 3.880069017
0.999980509 -0.003743222 -0.004990972 -0.025125599 0.003750480 0.999991894 0.001445625 -0.011514750 0.004985520 -0.001464315 0.999986529 4.395561218
0.999979377 -0.003496647 -0.005384073 -0.036546059 0.003511606 0.999989986 0.002771423 -0.012489547 0.005374329 -0.002790272 0.999981642 4.899191380
0.999974489 -0.003944929 -0.005957453 -0.039968979 0.003964551 0.999986768 0.003285535 -0.014153351 0.005944412 -0.003309070 0.999976873 5.380879402
0.999970496 -0.004590247 -0.006162264 -0.039869931 0.004613465 0.999982297 0.003758825 -0.012321454 0.006144901 -0.003787144 0.999973953 5.848865509
0.999968827 -0.005035268 -0.006081595 -0.045159500 0.005059001 0.999979615 0.003893332 -0.014453498 0.006061867 -0.003923978 0.999973953 6.307476044
0.999968767 -0.005549043 -0.005625602 -0.048309945 0.005567492 0.999979138 0.003269023 -0.017325718 0.005607344 -0.003300241 0.999978840 6.744697094
0.999970794 -0.005562351 -0.005242235 -0.050405104 0.005567132 0.999984086 0.000897932 -0.015562092 0.005237157 -0.000927090 0.999985874 7.174271584
0.999971449 -0.005961089 -0.004645464 -0.054658175 0.005956193 0.999981701 -0.001067154 -0.014421673 0.004651740 0.001039454 0.999988616 7.592075825
0.999966860 -0.006354366 -0.005083836 -0.047197424 0.006344621 0.999978006 -0.001930731 -0.015222363 0.005095992 0.001898412 0.999985218 8.020376205
0.999966025 -0.006948678 -0.004436703 -0.051250104 0.006941761 0.999974668 -0.001572629 -0.016334558 0.004447518 0.001541778 0.999988914 8.432117462
0.999971390 -0.006278490 -0.004219079 -0.052477453 0.006272616 0.999979317 -0.001404062 -0.014270374 0.004227807 0.001377557 0.999990106 8.845042229
0.999975443 -0.005502501 -0.004341098 -0.052133963 0.005497217 0.999984145 -0.001228244 -0.017812748 0.004347787 0.001204350 0.999989808 9.256632805
0.999985158 -0.003515071 -0.004169036 -0.057849046 0.003509158 0.999992847 -0.001424685 -0.020286934 0.004174014 0.001410034 0.999990284 9.649052620
0.999983907 -0.003345650 -0.004582593 -0.055167995 0.003337108 0.999992669 -0.001870508 -0.021232888 0.004588818 0.001855186 0.999987721 10.041561127
0.999982357 -0.003903554 -0.004473158 -0.055589467 0.003895708 0.999990880 -0.001761351 -0.021330981 0.004479992 0.001743894 0.999988437 10.431655884
0.999984324 -0.003890008 -0.004027953 -0.059269439 0.003880117 0.999989450 -0.002460577 -0.022723095 0.004037482 0.002444909 0.999988854 10.816489220
0.999984264 -0.003342469 -0.004505126 -0.060921680 0.003326093 0.999987841 -0.003637607 -0.021686437 0.004517230 0.003622566 0.999983251 11.201272011
0.999986410 -0.002897847 -0.004328338 -0.062712148 0.002880725 0.999988019 -0.003956730 -0.022265337 0.004339752 0.003944207 0.999982834 11.581668854
0.999991596 -0.001688643 -0.003740655 -0.071020775 0.001672983 0.999989867 -0.004185535 -0.019682726 0.003747685 0.004179242 0.999984264 11.960445404
0.999992132 -0.000743685 -0.003897884 -0.069929399 0.000727652 0.999991298 -0.004112972 -0.022389280 0.003900909 0.004110103 0.999983966 12.338461876
0.999993682 0.000073237 -0.003549747 -0.071070775 -0.000087438 0.999992013 -0.004000615 -0.025368238 0.003549425 0.004000900 0.999985695 12.708093643
0.999996305 -0.000270656 -0.002715576 -0.076295443 0.000258834 0.999990463 -0.004352801 -0.026253900 0.002716729 0.004352082 0.999986827 13.076165199
0.999998510 0.000044552 -0.001716163 -0.079096906 -0.000054373 0.999983609 -0.005723255 -0.023500703 0.001715880 0.005723340 0.999982178 13.439068794
0.999999225 0.000059883 -0.001230690 -0.076597102 -0.000068794 0.999973774 -0.007242144 -0.027686618 0.001230224 0.007242223 0.999972999 13.809186935
0.999999881 -0.000311064 -0.000326413 -0.077249177 0.000308297 0.999964356 -0.008440242 -0.030554444 0.000329027 0.008440141 0.999964356 14.176084518
0.999999583 -0.000624277 0.000665400 -0.081993185 0.000630182 0.999960065 -0.008911837 -0.033221081 -0.000659810 0.008912252 0.999960065 14.561208725
0.999997973 -0.001364370 0.001496032 -0.083183102 0.001378620 0.999953270 -0.009565993 -0.031493034 -0.001482911 0.009568036 0.999953151 14.934896469
0.999996662 -0.001631442 0.002003890 -0.079667546 0.001652251 0.999944270 -0.010426604 -0.035350125 -0.001986768 0.010429880 0.999943614 15.315717697
0.999993145 -0.002396469 0.002831107 -0.076603971 0.002428585 0.999932110 -0.011395451 -0.035843696 -0.002803606 0.011402247 0.999931037 15.687004089
0.999987900 -0.003133935 0.003792056 -0.078090757 0.003179002 0.999923706 -0.011937525 -0.039433613 -0.003754355 0.011949436 0.999921560 16.075023651
0.999985754 -0.003040574 0.004386331 -0.076857902 0.003095915 0.999915004 -0.012665533 -0.041733097 -0.004347448 0.012678933 0.999910176 16.470247269
0.999985158 -0.002862793 0.004630138 -0.074052669 0.002922304 0.999912560 -0.012897677 -0.042183768 -0.004592809 0.012911016 0.999906123 16.856319427
0.999980092 -0.003375342 0.005325905 -0.075564623 0.003445623 0.999906361 -0.013242561 -0.044560477 -0.005280708 0.013260649 0.999898136 17.272956848
0.999969840 -0.004720748 0.006167484 -0.074137859 0.004805440 0.999893367 -0.013790032 -0.046277914 -0.006101727 0.013819253 0.999885917 17.686204910
0.999959350 -0.006538588 0.006207501 -0.059673347 0.006628542 0.999871671 -0.014582923 -0.048605002 -0.006111352 0.014623477 0.999874413 18.100267410
0.999946535 -0.007991808 0.006560653 -0.053001910 0.008089297 0.999855220 -0.014970199 -0.048722245 -0.006440064 0.015022471 0.999866426 18.529541016
0.999939978 -0.008183352 0.007285032 -0.055733204 0.008287910 0.999861419 -0.014439889 -0.050795253 -0.007165856 0.014499401 0.999869227 18.974567413
0.999948144 -0.006732309 0.007639313 -0.054641556 0.006834499 0.999886453 -0.013430541 -0.059518710 -0.007548027 0.013482057 0.999880612 19.447887421
0.999948263 -0.006405927 0.007898784 -0.052349441 0.006505803 0.999898374 -0.012684311 -0.056744639 -0.007816727 0.012735043 0.999888361 19.920171738
0.999944806 -0.006760675 0.008042615 -0.045331456 0.006857737 0.999903262 -0.012102792 -0.059938636 -0.007960013 0.012157278 0.999894440 20.419925690
0.999935210 -0.007884646 0.008212138 -0.037359320 0.007978104 0.999903083 -0.011410560 -0.056684710 -0.008121374 0.011475338 0.999901175 20.931241989
0.999941707 -0.007203038 0.008045069 -0.039522707 0.007285406 0.999920845 -0.010256415 -0.059838884 -0.007970555 0.010314429 0.999915063 21.462850571
0.999946356 -0.007031088 0.007608376 -0.036485970 0.007108618 0.999922574 -0.010211452 -0.057868749 -0.007535990 0.010264989 0.999918938 21.993257523
0.999946833 -0.007196222 0.007386294 -0.036389500 0.007280614 0.999907792 -0.011462995 -0.051069222 -0.007303123 0.011516162 0.999907017 22.585353851
0.999956727 -0.006346741 0.006803219 -0.038957637 0.006431382 0.999901295 -0.012492484 -0.048695900 -0.006723261 0.012535698 0.999898851 23.167261124
0.999965966 -0.005524417 0.006125138 -0.037397973 0.005599960 0.999907613 -0.012385579 -0.058285896 -0.006056149 0.012419458 0.999904513 23.776361465
0.999975026 -0.004288875 0.005615273 -0.041710742 0.004349088 0.999932706 -0.010755139 -0.056484174 -0.005568767 0.010779292 0.999926388 24.399791718
0.999983907 -0.002887299 0.004888582 -0.043181028 0.002931549 0.999954581 -0.009068811 -0.051012814 -0.004862175 0.009082996 0.999946952 25.048387527
0.999987543 -0.002937797 0.004035649 -0.045016475 0.002968966 0.999965668 -0.007739263 -0.047490530 -0.004012774 0.007751148 0.999961913 25.701698303
0.999979913 -0.005229732 0.003584705 -0.045617945 0.005254304 0.999962509 -0.006879777 -0.051126499 -0.003548591 0.006898473 0.999969900 26.365858078
0.999983311 -0.004879127 0.003097426 -0.044474281 0.004903313 0.999957144 -0.007849489 -0.049756423 -0.003058995 0.007864545 0.999964416 27.054143906
0.999987066 -0.004338789 0.002654848 -0.042723071 0.004362483 0.999950111 -0.008985208 -0.041283891 -0.002615731 0.008996674 0.999956131 27.767305374
0.999985814 -0.004639444 0.002610518 -0.052294891 0.004662782 0.999948561 -0.009006177 -0.038583755 -0.002568600 0.009018222 0.999956012 28.490797043
0.999971449 -0.007255519 0.002113505 -0.045572199 0.007269541 0.999951124 -0.006704140 -0.034975722 -0.002064760 0.006719313 0.999975264 29.235853195
0.999936640 -0.011069741 0.002047915 -0.041032474 0.011076187 0.999933660 -0.003163514 -0.029936416 -0.002012760 0.003185997 0.999992907 29.994239807
0.999864101 -0.016344329 0.002159291 -0.036281116 0.016344957 0.999866366 -0.000273251 -0.021924380 -0.002154537 0.000308508 0.999997616 30.770826340
0.999845088 -0.017511321 0.001759958 -0.032453779 0.017510284 0.999846518 0.000602789 -0.016498903 -0.001770243 -0.000571878 0.999998271 31.565534592
0.999848783 -0.017344415 0.001241134 -0.034092218 0.017341653 0.999847174 0.002201683 -0.007923889 -0.001279131 -0.002179827 0.999996781 32.371662140
0.999806881 -0.019627651 0.000977538 -0.035560463 0.019627154 0.999807239 0.000516568 0.004284295 -0.000987488 -0.000497282 0.999999404 33.196323395
0.999696612 -0.024627605 0.000381929 -0.023207918 0.024627447 0.999696612 0.000415974 0.015544377 -0.000392058 -0.000406442 0.999999821 34.032680511
0.999706268 -0.024228364 0.000592363 -0.025212102 0.024227340 0.999705076 0.001680532 0.029131208 -0.000632905 -0.001665687 0.999998391 34.890060425
0.999786854 -0.020638006 0.000595620 -0.035652995 0.020636903 0.999785423 0.001802004 0.034771506 -0.000632681 -0.001789328 0.999998212 35.750480652
0.999810278 -0.019478172 0.000005621 -0.037592988 0.019478170 0.999809921 -0.000832422 0.046627499 0.000010594 0.000832373 0.999999642 36.631473541
0.999798179 -0.020089693 -0.000174209 -0.031209955 0.020088123 0.999776781 -0.006548495 0.050009131 0.000305727 0.006543674 0.999978542 37.514591217
0.999829710 -0.018434122 0.000833376 -0.044259235 0.018442448 0.999764562 -0.011432081 0.055276394 -0.000622439 0.011445504 0.999934316 38.394241333
0.999890804 -0.014723545 0.001282017 -0.053782053 0.014737774 0.999820530 -0.011904093 0.047729004 -0.001106516 0.011921686 0.999928296 39.282630920
0.999905646 -0.013647175 0.001556501 -0.056168620 0.013662548 0.999853253 -0.010335429 0.042474505 -0.001415223 0.010355719 0.999945402 40.150321960
0.999921799 -0.012402569 0.001591348 -0.059325702 0.012413286 0.999899089 -0.006911136 0.039719474 -0.001505471 0.006930349 0.999974847 41.056983948
0.999905705 -0.013585446 0.002004683 -0.055267755 0.013592580 0.999901175 -0.003589019 0.035608701 -0.001955726 0.003615929 0.999991536 41.953720093
0.999876976 -0.015477869 0.002532773 -0.047551099 0.015483393 0.999877751 -0.002176512 0.036897223 -0.002498776 0.002215460 0.999994397 42.855609894
0.999885142 -0.014903464 0.002759147 -0.056267533 0.014912518 0.999883413 -0.003290213 0.032716155 -0.002709789 0.003330981 0.999990761 43.752342224
0.999887168 -0.014792982 0.002602846 -0.051313866 0.014810316 0.999867380 -0.006771706 0.034885161 -0.002502327 0.006809491 0.999973655 44.670761108
0.999898493 -0.013959777 0.002851657 -0.053277779 0.013983829 0.999865294 -0.008596317 0.036059260 -0.002731270 0.008635322 0.999958992 45.552402496
0.999904275 -0.013470161 0.003162145 -0.053535156 0.013493158 0.999881804 -0.007367581 0.037635468 -0.003062529 0.007409542 0.999967873 46.466194153
0.999915481 -0.012551207 0.003396718 -0.052053358 0.012560553 0.999917328 -0.002744403 0.035080761 -0.003361992 0.002786835 0.999990463 47.366024017
0.999911666 -0.012840225 0.003439705 -0.047630936 0.012839451 0.999917567 0.000247118 0.031933386 -0.003442595 -0.000202932 0.999994040 48.286720276
0.999897242 -0.013894233 0.003522392 -0.048215859 0.013893647 0.999903440 0.000190744 0.042200316 -0.003524703 -0.000141785 0.999993801 49.199298859
0.999883771 -0.014946794 0.003003658 -0.048556820 0.014951648 0.999886930 -0.001600054 0.054264829 -0.002979402 0.001644778 0.999994218 50.119155884
0.999878407 -0.015537636 0.001317410 -0.040997282 0.015540909 0.999876082 -0.002511578 0.048046101 -0.001278223 0.002531747 0.999996006 51.043281555
0.999917865 -0.012817621 0.000137099 -0.049286604 0.012817955 0.999913931 -0.002802060 0.049990807 -0.000101172 0.002803587 0.999996066 51.985721588
0.999952734 -0.009697293 -0.000684480 -0.061521314 0.009695878 0.999950886 -0.002040836 0.056841213 0.000704237 0.002034103 0.999997675 52.947067261
0.999985158 -0.005239271 -0.001474697 -0.072891220 0.005238008 0.999985933 -0.000859360 0.059850171 0.001479178 0.000851623 0.999998569 53.904842377
0.999997139 -0.001203617 -0.002074718 -0.083980620 0.001200819 0.999998391 -0.001349484 0.059677199 0.002076339 0.001346989 0.999996960 54.882087708
0.999990761 0.003311117 -0.002745655 -0.101978108 -0.003319606 0.999989688 -0.003093098 0.066039369 0.002735385 0.003102184 0.999991477 55.848087311
0.999990702 0.002927178 -0.003161106 -0.113233060 -0.002942403 0.999984026 -0.004822602 0.069081180 0.003146939 0.004831859 0.999983370 56.834129333
0.999986351 0.003535243 -0.003851192 -0.126565322 -0.003554228 0.999981523 -0.004934024 0.071942851 0.003833678 0.004947645 0.999980390 57.821205139
0.999985456 0.003414748 -0.004172964 -0.135408849 -0.003430014 0.999987423 -0.003656513 0.073361471 0.004160425 0.003670773 0.999984622 58.813804626
0.999984264 0.002976269 -0.004752465 -0.147160560 -0.002993121 0.999989271 -0.003542837 0.077843599 0.004741869 0.003557005 0.999982417 59.827053070
0.999985576 0.001773602 -0.005066695 -0.156783789 -0.001794424 0.999989927 -0.004108049 0.081728905 0.005059358 0.004117081 0.999978721 60.826198578
0.999980569 0.002552759 -0.005685642 -0.167210057 -0.002582971 0.999982536 -0.005312643 0.083984263 0.005671981 0.005327226 0.999969721 61.842506409
0.999972343 0.003873633 -0.006345051 -0.176140353 -0.003924996 0.999959469 -0.008102539 0.086806491 0.006313407 0.008127219 0.999947071 62.854305267
0.999972224 0.003217957 -0.006721636 -0.189797565 -0.003291117 0.999935150 -0.010901671 0.082979053 0.006686119 0.010923490 0.999917984 63.875442505
0.999968171 0.003714447 -0.007062899 -0.201857090 -0.003800678 0.999917924 -0.012234990 0.079019092 0.007016873 0.012261444 0.999900222 64.912734985
0.999966323 0.004256802 -0.007017211 -0.219374493 -0.004330485 0.999935329 -0.010518732 0.079573795 0.006971981 0.010548765 0.999920070 65.946746826
0.999966264 0.003569350 -0.007396401 -0.217336729 -0.003630316 0.999959409 -0.008245677 0.068358891 0.007366669 0.008272249 0.999938667 67.011909485
0.999965370 0.003142018 -0.007709137 -0.228753522 -0.003203613 0.999962926 -0.007990663 0.060389921 0.007683744 0.008015083 0.999938369 68.085998535
0.999961913 0.003685465 -0.007909432 -0.244873434 -0.003751216 0.999958396 -0.008314254 0.062964432 0.007878462 0.008343607 0.999934137 69.132598877
0.999956548 0.003995671 -0.008422395 -0.256820977 -0.004064702 0.999958158 -0.008194983 0.066744089 0.008389298 0.008228862 0.999930978 70.195281982
0.999953985 0.004040518 -0.008700809 -0.271178335 -0.004106979 0.999962449 -0.007634215 0.061935138 0.008669635 0.007669597 0.999933004 71.277374268
0.999956727 0.004070413 -0.008367430 -0.297877699 -0.004133127 0.999963403 -0.007491446 0.059216771 0.008336631 0.007525705 0.999936938 72.377990723
0.999953866 0.004046357 -0.008708663 -0.310454547 -0.004109725 0.999965131 -0.007270941 0.056218673 0.008678938 0.007306396 0.999935627 73.475463867
0.999957204 0.002903561 -0.008784530 -0.315601647 -0.002964455 0.999971628 -0.006926897 0.062439356 0.008764167 0.006952642 0.999937415 74.580764771
0.999958932 0.002562655 -0.008694590 -0.329090357 -0.002614890 0.999978542 -0.006001706 0.059695713 0.008679024 0.006024194 0.999944210 75.689270020
0.999966562 0.000585093 -0.008157475 -0.352214456 -0.000636922 0.999979615 -0.006352393 0.060374152 0.008153592 0.006357377 0.999946535 76.802253723
0.999968112 -0.000132719 -0.007982990 -0.364277393 0.000081816 0.999979675 -0.006376491 0.056963984 0.007983673 0.006375635 0.999947786 77.920448303
0.999966264 -0.000631141 -0.008188146 -0.370385319 0.000585945 0.999984562 -0.005520923 0.052290760 0.008191505 0.005515939 0.999951243 79.042190552
0.999968827 -0.000724833 -0.007865760 -0.389800429 0.000692592 0.999991357 -0.004100841 0.059656940 0.007868663 0.004095266 0.999960661 80.160758972
0.999969900 -0.000563487 -0.007741875 -0.399590641 0.000532765 0.999991953 -0.003969730 0.057749804 0.007744050 0.003965486 0.999962151 81.269241333
0.999974191 0.000606374 -0.007162552 -0.420626551 -0.000633174 0.999992788 -0.003740004 0.061505351 0.007160233 0.003744443 0.999967337 82.386489868
0.999972701 0.001491268 -0.007235073 -0.434930146 -0.001513227 0.999994278 -0.003030655 0.057644360 0.007230513 0.003041521 0.999969244 83.508598328
0.999973714 0.001475797 -0.007097887 -0.446956098 -0.001494795 0.999995291 -0.002672095 0.061565928 0.007093910 0.002682635 0.999971211 84.622535706
0.999977589 0.002629310 -0.006154961 -0.470200449 -0.002643142 0.999993980 -0.002240172 0.058782008 0.006149034 0.002256390 0.999978542 85.727653503
0.999980569 0.002435721 -0.005733680 -0.481912017 -0.002450009 0.999993920 -0.002486248 0.060984980 0.005727589 0.002500247 0.999980450 86.827354431
0.999976814 0.004479622 -0.005126463 -0.503601730 -0.004495732 0.999984980 -0.003135348 0.064145960 0.005112341 0.003158323 0.999981940 87.926712036
0.999980867 0.004355443 -0.004391728 -0.511453092 -0.004371054 0.999984145 -0.003551281 0.065305188 0.004376190 0.003570409 0.999984026 89.028350830
0.999983430 0.004437715 -0.003660616 -0.520916343 -0.004446487 0.999987245 -0.002391699 0.065554231 0.003649956 0.002407936 0.999990463 90.126136780
0.999985039 0.005016645 -0.002182705 -0.534608006 -0.005021349 0.999985099 -0.002154862 0.063827112 0.002171862 0.002165790 0.999995291 91.214172363
0.999990046 0.004335126 -0.001075653 -0.546546280 -0.004337148 0.999988794 -0.001884901 0.064386494 0.001067470 0.001889548 0.999997616 92.298721313
0.999991238 0.004141640 -0.000587402 -0.554104030 -0.004142558 0.999990165 -0.001570228 0.065561719 0.000580893 0.001572648 0.999998569 93.398422241
0.999994040 0.003460264 0.000032103 -0.555885375 -0.003460253 0.999993980 -0.000352016 0.065838814 -0.000033321 0.000351902 0.999999940 94.478286743
0.999994457 0.003253237 0.000667692 -0.554964244 -0.003252653 0.999994338 -0.000874096 0.065996841 -0.000670532 0.000871919 0.999999404 95.574012756
0.999993563 0.003282079 0.001463610 -0.560424030 -0.003279566 0.999993145 -0.001716030 0.065789700 -0.001469233 0.001711219 0.999997437 96.646156311
0.999992490 0.003009927 0.002449133 -0.561049700 -0.003004590 0.999993086 -0.002179854 0.062633097 -0.002455677 0.002172479 0.999994636 97.702430725
0.999986947 0.003640133 0.003589589 -0.569127679 -0.003633399 0.999991655 -0.001880778 0.059711773 -0.003596405 0.001867710 0.999991775 98.767707825
0.999984920 0.003273619 0.004410757 -0.568710625 -0.003269156 0.999994159 -0.001018568 0.058044292 -0.004414065 0.001004133 0.999989748 99.834594727
0.999978423 0.004505769 0.004779495 -0.565520704 -0.004502461 0.999989629 -0.000702828 0.056131329 -0.004782612 0.000681294 0.999988317 100.888984680
0.999974430 0.004598477 0.005473148 -0.563291311 -0.004585850 0.999986827 -0.002317372 0.055037793 -0.005483732 0.002292213 0.999982357 101.937774658
0.999967039 0.005415585 0.006048084 -0.562514365 -0.005394976 0.999979615 -0.003418620 0.055917066 -0.006066474 0.003385878 0.999975860 102.980216980
0.999964952 0.005013850 0.006702993 -0.555694699 -0.005000742 0.999985576 -0.001970896 0.053521864 -0.006712778 0.001937308 0.999975622 104.027946472
0.999961555 0.004682552 0.007417162 -0.554430246 -0.004687268 0.999988794 0.000618561 0.051313777 -0.007414183 -0.000653304 0.999972284 105.059120178
0.999963224 0.003598664 0.007785472 -0.550140262 -0.003611672 0.999992132 0.001657345 0.050553419 -0.007779446 -0.001685403 0.999968290 106.083717346
0.999966741 0.002813775 0.007653027 -0.544255674 -0.002822217 0.999995410 0.001092481 0.053297956 -0.007649919 -0.001114044 0.999970138 107.115661621
0.999967694 0.001444889 0.007904055 -0.540653884 -0.001448017 0.999998868 0.000390068 0.055038583 -0.007903482 -0.000401501 0.999968708 108.121269226
0.999970555 0.000921108 0.007617513 -0.535626054 -0.000911007 0.999998689 -0.001329479 0.054676428 -0.007618727 0.001322500 0.999970078 109.152542114
0.999972463 0.000591596 0.007398126 -0.529483080 -0.000577202 0.999997914 -0.001947629 0.054530393 -0.007399263 0.001943305 0.999970734 110.162391663
0.999975443 0.001128661 0.006919757 -0.525661111 -0.001111995 0.999996483 -0.002411802 0.051752906 -0.006922455 0.002404048 0.999973178 111.183052063
0.999979675 0.002109455 0.006015935 -0.526156425 -0.002093942 0.999994457 -0.002583799 0.052895483 -0.006021352 0.002571150 0.999978542 112.151390076
0.999982595 0.001907430 0.005585672 -0.515931308 -0.001900558 0.999997437 -0.001235221 0.053826183 -0.005588014 0.001224584 0.999983609 113.191230774
0.999986827 0.001629874 0.004869837 -0.508202195 -0.001633057 0.999998450 0.000649721 0.050228160 -0.004868771 -0.000657665 0.999987960 114.185539246
0.999988437 0.002271730 0.004245412 -0.510899901 -0.002279492 0.999995708 0.001824346 0.050247550 -0.004241249 -0.001834003 0.999989331 115.159858704
0.999990880 0.002201845 0.003657579 -0.503980875 -0.002209691 0.999995291 0.002142471 0.048108269 -0.003652844 -0.002150533 0.999991000 116.181617737
0.999993801 0.001512811 0.003175918 -0.505547345 -0.001519245 0.999996781 0.002024529 0.050994322 -0.003172845 -0.002029342 0.999992907 117.158493042
0.999997318 -0.000186697 0.002311264 -0.496230334 0.000181749 0.999997675 0.002140937 0.057297450 -0.002311659 -0.002140511 0.999995053 118.141098022
0.999998629 -0.001215965 0.001120375 -0.490900487 0.001213572 0.999996960 0.002133788 0.055978451 -0.001122967 -0.002132425 0.999997079 119.102096558
0.999998510 -0.001309679 0.001112202 -0.495438695 0.001308979 0.999998927 0.000629638 0.055187978 -0.001113025 -0.000628181 0.999999166 120.076080322
0.999999404 -0.001041251 0.000376238 -0.496351063 0.001041660 0.999998868 -0.001090559 0.055431526 -0.000375102 0.001090950 0.999999344 121.029052734
0.999998510 -0.001720999 -0.000195932 -0.493513107 0.001720514 0.999995530 -0.002451462 0.055418976 0.000200150 0.002451121 0.999996960 121.991172791
0.999999881 -0.000305844 -0.000344532 -0.498682857 0.000305139 0.999997854 -0.002044624 0.057027683 0.000345156 0.002044518 0.999997854 122.933860779
0.999999881 0.000432281 -0.000315075 -0.502032578 -0.000432520 0.999999642 -0.000761679 0.058199201 0.000314745 0.000761816 0.999999642 123.876945496
0.999999285 0.001010594 -0.000651911 -0.508297801 -0.001010226 0.999999344 0.000564732 0.055574421 0.000652482 -0.000564073 0.999999642 124.817718506
0.999999106 -0.000062912 -0.001333517 -0.507381439 0.000064671 0.999999106 0.001318738 0.056331050 0.001333433 -0.001318823 0.999998212 125.738159180
0.999998987 0.000446445 -0.001347579 -0.508827209 -0.000443240 0.999997079 0.002377316 0.060376376 0.001348636 -0.002376716 0.999996245 126.685836792
0.999998689 -0.000282613 -0.001580222 -0.510025501 0.000288149 0.999993801 0.003504148 0.066665843 0.001579222 -0.003504599 0.999992609 127.589988708
0.999998689 -0.000696642 -0.001463831 -0.514097035 0.000703341 0.999989271 0.004580999 0.066516139 0.001460624 -0.004582023 0.999988437 128.484970093
0.999998808 -0.000722073 -0.001367674 -0.515174329 0.000728279 0.999989390 0.004542724 0.068483315 0.001364379 -0.004543715 0.999988735 129.351715088
0.999998271 -0.000577631 -0.001750831 -0.517172337 0.000584860 0.999991298 0.004130835 0.068259254 0.001748430 -0.004131852 0.999989927 130.191497803
0.999998927 -0.000263112 -0.001434750 -0.521245480 0.000269070 0.999991357 0.004154119 0.065224178 0.001433645 -0.004154501 0.999990344 131.021316528
0.999999046 -0.000342492 -0.001338150 -0.522738934 0.000347532 0.999992847 0.003767517 0.063078716 0.001336850 -0.003767979 0.999992013 131.820175171
0.999999464 -0.000521593 -0.000891334 -0.522301257 0.000524277 0.999995351 0.003013734 0.065326586 0.000889758 -0.003014199 0.999995053 132.595733643
0.999999404 0.000245781 -0.001049089 -0.522646248 -0.000241883 0.999993086 0.003714422 0.064607531 0.001049995 -0.003714166 0.999992549 133.345504761
0.999999106 0.001195075 -0.000599204 -0.529786348 -0.001192295 0.999988616 0.004618148 0.068198457 0.000604717 -0.004617430 0.999989152 134.087677002
0.999999344 0.001105299 0.000183613 -0.537544191 -0.001106228 0.999986172 0.005139953 0.065409631 -0.000177929 -0.005140152 0.999986768 134.775817871
0.999999821 0.000598802 -0.000063943 -0.531792104 -0.000598413 0.999982238 0.005932769 0.063858822 0.000067494 -0.005932730 0.999982417 135.461547852
0.999999702 0.000743077 0.000298571 -0.532673478 -0.000745033 0.999977887 0.006605718 0.065314434 -0.000293656 -0.006605938 0.999978125 136.112075806
0.999999523 0.000624752 0.000760617 -0.534686029 -0.000629099 0.999983370 0.005728608 0.062810935 -0.000757025 -0.005729084 0.999983311 136.735107422
0.999999225 0.000962284 0.000810569 -0.541517079 -0.000966115 0.999988317 0.004739536 0.063405268 -0.000805998 -0.004740315 0.999988437 137.342208862
0.999998868 0.001116665 0.000985957 -0.540461779 -0.001120790 0.999990582 0.004192851 0.067162775 -0.000981266 -0.004193951 0.999990702 137.930252075
0.999999225 0.000788544 0.000951160 -0.542493343 -0.000791545 0.999994695 0.003158861 0.065861389 -0.000948664 -0.003159612 0.999994576 138.477478027
0.999999881 -0.000187372 0.000428379 -0.540652692 0.000186574 0.999998271 0.001860597 0.065191045 -0.000428727 -0.001860517 0.999998152 139.022659302
0.999999046 -0.001228882 -0.000660165 -0.535864234 0.001229068 0.999999225 0.000282459 0.063681088 0.000659818 -0.000283270 0.999999762 139.555404663
0.999999106 -0.000637066 -0.001166828 -0.541555822 0.000635339 0.999998689 -0.001479841 0.062086347 0.001167769 0.001479099 0.999998212 140.089263916
0.999998629 -0.000092954 -0.001647261 -0.548564613 0.000089738 0.999998093 -0.001952086 0.061476044 0.001647439 0.001951936 0.999996722 140.614532471
0.999996841 -0.000195480 -0.002505038 -0.555487037 0.000191896 0.999998987 -0.001431110 0.062760301 0.002505315 0.001430625 0.999995828 141.134536743
0.999994874 -0.000312735 -0.003188655 -0.560395002 0.000310300 0.999999642 -0.000764276 0.062902182 0.003188893 0.000763282 0.999994636 141.644332886
0.999991298 0.000367775 -0.004152492 -0.560919523 -0.000366687 0.999999881 0.000262907 0.061940771 0.004152588 -0.000261382 0.999991357 142.151687622
0.999990523 0.000966117 -0.004241971 -0.569222152 -0.000961760 0.999998987 0.001028826 0.063355386 0.004242961 -0.001024737 0.999990463 142.642532349
0.999988794 0.001105385 -0.004604106 -0.573224068 -0.001096436 0.999997497 0.001945886 0.061226632 0.004606246 -0.001940816 0.999987483 143.126892090
0.999986112 0.001214104 -0.005127204 -0.574080884 -0.001200210 0.999995589 0.002711916 0.059627142 0.005130474 -0.002705725 0.999983191 143.597640991
0.999982238 0.002020317 -0.005603054 -0.573658407 -0.002002548 0.999992967 0.003174938 0.058428857 0.005609429 -0.003163661 0.999979258 144.057937622
0.999980927 0.001570629 -0.005976160 -0.573094606 -0.001549979 0.999992847 0.003458344 0.058404874 0.005981549 -0.003449015 0.999976158 144.498657227
0.999984026 0.001149620 -0.005529122 -0.583240867 -0.001129877 0.999992967 0.003572561 0.066215813 0.005533190 -0.003566256 0.999978304 144.908813477
0.999981821 0.001465489 -0.005848095 -0.579418898 -0.001440989 0.999990165 0.004191458 0.063894391 0.005854181 -0.004182955 0.999974132 145.318176270
0.999982953 0.002390740 -0.005331879 -0.588588417 -0.002365932 0.999986351 0.004654184 0.064035341 0.005342933 -0.004641490 0.999974966 145.683975220
0.999982119 0.003293188 -0.004992021 -0.595447838 -0.003269763 0.999983668 0.004693430 0.061625220 0.005007396 -0.004677023 0.999976516 146.042098999
0.999984324 0.003281282 -0.004542436 -0.600441575 -0.003260406 0.999984145 0.004595554 0.060049120 0.004557443 -0.004580671 0.999979138 146.388854980
0.999986768 0.002742853 -0.004352529 -0.596626282 -0.002723893 0.999986827 0.004356077 0.061120786 0.004364420 -0.004344164 0.999981046 146.709091187
0.999989390 0.002453390 -0.003895403 -0.601071000 -0.002438894 0.999990106 0.003721656 0.070777230 0.003904495 -0.003712116 0.999985516 147.006576538
0.999990046 0.002411844 -0.003759427 -0.598800004 -0.002401585 0.999993384 0.002730976 0.067601338 0.003765988 -0.002721921 0.999989212 147.311920166
0.999990404 0.002729386 -0.003427243 -0.602335215 -0.002724793 0.999995410 0.001344020 0.071171992 0.003430895 -0.001334669 0.999993205 147.603500366
0.999990046 0.003025807 -0.003277430 -0.602615416 -0.003025329 0.999995410 0.000150869 0.072329096 0.003277872 -0.000140953 0.999994636 147.890106201
0.999990821 0.002981459 -0.003076863 -0.609073997 -0.002982168 0.999995530 -0.000225615 0.069541313 0.003076176 0.000234789 0.999995232 148.176681519
0.999990463 0.002678148 -0.003456257 -0.608918846 -0.002679656 0.999996305 -0.000431736 0.070726000 0.003455088 0.000440993 0.999993920 148.464736938
0.999990284 0.002596908 -0.003560315 -0.610776544 -0.002598980 0.999996483 -0.000577320 0.072605751 0.003558803 0.000586568 0.999993503 148.736663818
0.999989510 0.002385956 -0.003915082 -0.611694276 -0.002388326 0.999996960 -0.000600835 0.075723931 0.003913637 0.000610179 0.999992132 149.012359619
0.999989569 0.002097445 -0.004051236 -0.611197114 -0.002100212 0.999997556 -0.000678762 0.079516716 0.004049803 0.000687264 0.999991536 149.289794922
0.999987483 0.002200243 -0.004491762 -0.609616458 -0.002204393 0.999997139 -0.000919043 0.075188883 0.004489727 0.000928933 0.999989510 149.566482544
0.999987662 0.001749040 -0.004653093 -0.616002142 -0.001755503 0.999997497 -0.001385251 0.074935518 0.004650659 0.001393402 0.999988198 149.831512451
0.999984860 0.002392803 -0.004952548 -0.618426621 -0.002401710 0.999995530 -0.001793428 0.077831902 0.004948235 0.001805295 0.999986112 150.086791992
0.999984205 0.002517825 -0.005024454 -0.618513882 -0.002525781 0.999995589 -0.001577590 0.077628784 0.005020460 0.001590256 0.999986112 150.336318970
0.999982476 0.002264110 -0.005474290 -0.618550718 -0.002270515 0.999996722 -0.001164095 0.079604954 0.005471637 0.001176504 0.999984324 150.601226807
0.999982297 0.002073211 -0.005572542 -0.621317685 -0.002078556 0.999997377 -0.000953494 0.078222834 0.005570550 0.000965060 0.999984026 150.849426270
0.999979734 0.002344203 -0.005918814 -0.623174131 -0.002348109 0.999997020 -0.000653062 0.079071335 0.005917265 0.000666946 0.999982297 151.087478638
0.999978662 0.002191189 -0.006150704 -0.621068239 -0.002193582 0.999997497 -0.000382523 0.078710571 0.006149851 0.000396007 0.999980986 151.331802368
0.999979138 0.001730444 -0.006225279 -0.624148786 -0.001732705 0.999998450 -0.000357873 0.081800140 0.006224649 0.000368652 0.999980569 151.566177368
0.999975383 0.001972356 -0.006734353 -0.620811522 -0.001975193 0.999997973 -0.000414787 0.080234386 0.006733522 0.000428078 0.999977231 151.796401978
0.999975979 0.001418562 -0.006781529 -0.623952687 -0.001419224 0.999998987 -0.000092707 0.080401331 0.006781391 0.000102329 0.999976993 152.008804321
0.999976218 0.000840552 -0.006847181 -0.625947535 -0.000838933 0.999999642 0.000239302 0.081355684 0.006847380 -0.000233552 0.999976516 152.216201782
0.999974608 0.000012118 -0.007122303 -0.626118660 -0.000007834 0.999999821 0.000601571 0.086424083 0.007122309 -0.000601500 0.999974430 152.422515869
0.999974132 0.000214087 -0.007193435 -0.627578557 -0.000205466 0.999999285 0.001199178 0.080285035 0.007193687 -0.001197669 0.999973416 152.594482422
0.999974012 0.000744269 -0.007170877 -0.630734086 -0.000731914 0.999998271 0.001725424 0.081160076 0.007172149 -0.001720131 0.999972820 152.753631592
0.999972522 0.001260474 -0.007303833 -0.633008361 -0.001246381 0.999997377 0.001933742 0.083761968 0.007306250 -0.001924585 0.999971449 152.894714355
0.999969900 0.001431172 -0.007628901 -0.636753142 -0.001413033 0.999996185 0.002382568 0.079117298 0.007632282 -0.002371716 0.999968052 153.041305542
0.999971032 0.001091645 -0.007534992 -0.637827277 -0.001075829 0.999997199 0.002102718 0.081360571 0.007537267 -0.002094550 0.999969423 153.149520874
0.999970615 0.000884602 -0.007614727 -0.640092075 -0.000876940 0.999999106 0.001009412 0.083720654 0.007615613 -0.001002705 0.999970496 153.248336792
0.999968290 0.001166549 -0.007875180 -0.639179528 -0.001165592 0.999999285 0.000126084 0.084782459 0.007875322 -0.000116901 0.999969006 153.339920044
0.999968171 0.001747682 -0.007783451 -0.642715454 -0.001747997 0.999998450 -0.000033599 0.085196413 0.007783380 0.000047203 0.999969721 153.425064087
0.999966979 0.001562030 -0.007976721 -0.642351508 -0.001562309 0.999998808 -0.000028755 0.086119704 0.007976666 0.000041216 0.999968171 153.506546021
0.999965727 0.000992620 -0.008221290 -0.638969839 -0.000990514 0.999999464 0.000260240 0.082590714 0.008221544 -0.000252087 0.999966145 153.584060669
0.999966502 0.000906157 -0.008134480 -0.640652478 -0.000902936 0.999999523 0.000399599 0.083280385 0.008134837 -0.000392241 0.999966860 153.652191162
0.999967217 0.000952708 -0.008038258 -0.641545594 -0.000950173 0.999999523 0.000319226 0.083895214 0.008038559 -0.000311578 0.999967635 153.707946777
0.999965310 0.001339604 -0.008220336 -0.641761124 -0.001341543 0.999999046 -0.000230424 0.086533897 0.008220020 0.000241444 0.999966204 153.764450073
0.999966443 0.001416612 -0.008067054 -0.645762861 -0.001423561 0.999998629 -0.000855756 0.089678258 0.008065830 0.000867211 0.999967098 153.818313599
0.999965131 0.001497542 -0.008211836 -0.643413067 -0.001506884 0.999998212 -0.001131518 0.087011442 0.008210127 0.001143853 0.999965668 153.869079590
0.999966502 0.001308619 -0.008082347 -0.646506608 -0.001316125 0.999998689 -0.000923538 0.087198980 0.008081128 0.000934144 0.999966919 153.918136597
0.999966562 0.001077104 -0.008103251 -0.645271122 -0.001085098 0.999998927 -0.000982191 0.089299738 0.008102184 0.000990951 0.999966681 153.960479736
0.999965608 0.001188614 -0.008204716 -0.647387624 -0.001195870 0.999998927 -0.000879580 0.087648146 0.008203662 0.000889362 0.999965966 153.998153687
0.999965906 0.001093182 -0.008186654 -0.648518562 -0.001100278 0.999999046 -0.000862407 0.088974282 0.008185703 0.000871385 0.999966145 154.029861450
0.999963820 0.001468001 -0.008380649 -0.646999359 -0.001475018 0.999998569 -0.000831259 0.090412870 0.008379416 0.000843591 0.999964535 154.063674927
0.999965489 0.001346317 -0.008195344 -0.649879575 -0.001352796 0.999998748 -0.000785066 0.088739604 0.008194277 0.000796125 0.999966085 154.082412720
0.999965310 0.001234671 -0.008236443 -0.649188578 -0.001239306 0.999999106 -0.000557728 0.088341713 0.008235747 0.000567916 0.999965906 154.104125977
0.999965131 0.000929405 -0.008301257 -0.645563722 -0.000929956 0.999999583 -0.000062443 0.085001744 0.008301196 0.000070160 0.999965549 154.108093262
0.999964952 0.000933851 -0.008323047 -0.647418499 -0.000935891 0.999999523 -0.000241215 0.088698424 0.008322818 0.000248996 0.999965310 154.110260010
0.999964058 0.000999704 -0.008418203 -0.644982517 -0.001003925 0.999999344 -0.000497185 0.088930480 0.008417701 0.000505619 0.999964416 154.102233887
0.999966025 0.000793958 -0.008202452 -0.647130311 -0.000804368 0.999998868 -0.001265889 0.086460374 0.008201438 0.001272444 0.999965549 154.106872559
0.999966085 0.000380872 -0.008229667 -0.646058261 -0.000399777 0.999997258 -0.002295705 0.086132891 0.008228771 0.002298918 0.999963522 154.109359741
0.999966025 0.000329833 -0.008235129 -0.644908011 -0.000342044 0.999998868 -0.001481394 0.083128653 0.008234631 0.001484160 0.999965012 154.114730835
0.999965966 0.000364223 -0.008241595 -0.645299494 -0.000380729 0.999997914 -0.002001302 0.083016500 0.008240849 0.002004372 0.999964058 154.114303589
0.999966979 0.000511108 -0.008110788 -0.651894152 -0.000533316 0.999996126 -0.002736164 0.082223654 0.008109357 0.002740400 0.999963343 154.111755371
0.999965131 0.000804594 -0.008310229 -0.648509085 -0.000828536 0.999995530 -0.002877997 0.079966158 0.008307876 0.002884782 0.999961317 154.120193481
0.999964654 0.000825669 -0.008365690 -0.648338139 -0.000852586 0.999994457 -0.003214439 0.083270840 0.008362990 0.003221458 0.999959826 154.129959106
0.999965191 0.000769603 -0.008305641 -0.650720954 -0.000798089 0.999993801 -0.003426907 0.085402831 0.008302952 0.003433417 0.999959648 154.141159058
0.999965131 0.000893558 -0.008303612 -0.650395811 -0.000919575 0.999994695 -0.003129922 0.083032221 0.008300772 0.003137449 0.999960601 154.157470703
0.999965131 0.000695601 -0.008319292 -0.648612797 -0.000720601 0.999995232 -0.003002493 0.082307376 0.008317164 0.003008383 0.999960899 154.178771973
0.999965250 0.000629938 -0.008316007 -0.650378942 -0.000657303 0.999994397 -0.003288383 0.083230637 0.008313889 0.003293734 0.999960005 154.201309204
0.999965131 0.000623020 -0.008326505 -0.650336087 -0.000652553 0.999993503 -0.003544604 0.083562024 0.008324243 0.003549914 0.999959052 154.225677490
0.999964654 0.000467990 -0.008392216 -0.649453759 -0.000500381 0.999992430 -0.003857935 0.085520126 0.008390347 0.003861998 0.999957323 154.262542725
0.999962509 0.000389523 -0.008648456 -0.647854924 -0.000430184 0.999988854 -0.004700133 0.085074216 0.008646529 0.004703677 0.999951541 154.303833008
0.999965072 0.000744769 -0.008321658 -0.653149486 -0.000790655 0.999984503 -0.005512081 0.085844487 0.008317423 0.005518468 0.999950171 154.353439331
0.999963701 0.000796315 -0.008484688 -0.649960458 -0.000848337 0.999980867 -0.006129450 0.084912248 0.008479644 0.006136425 0.999945223 154.418746948
0.999965191 0.000919012 -0.008296038 -0.653060913 -0.000976227 0.999975741 -0.006895202 0.086437337 0.008289500 0.006903061 0.999941826 154.497283936
0.999967992 0.000667502 -0.007971061 -0.652874708 -0.000723263 0.999975264 -0.006994592 0.084693596 0.007966195 0.007000133 0.999943793 154.588516235
0.999969542 0.000458502 -0.007791118 -0.651358247 -0.000514358 0.999974191 -0.007168720 0.087183885 0.007787630 0.007172510 0.999943972 154.695739746
0.999972463 0.000364024 -0.007409175 -0.654881656 -0.000419804 0.999971569 -0.007528344 0.087039806 0.007406224 0.007531247 0.999944210 154.812973022
0.999976337 0.000575746 -0.006854909 -0.659537017 -0.000631009 0.999967277 -0.008062266 0.089331582 0.006850043 0.008066401 0.999944031 154.950271606
0.999976277 0.000071360 -0.006891848 -0.650891125 -0.000129595 0.999964297 -0.008449724 0.085619964 0.006890999 0.008450416 0.999940574 155.113739014
0.999979317 -0.000420548 -0.006418065 -0.652222097 0.000362260 0.999958694 -0.009080294 0.086235918 0.006421619 0.009077780 0.999938190 155.288879395
0.999981821 -0.000092459 -0.006024284 -0.654211819 0.000031696 0.999949157 -0.010085657 0.089749493 0.006024910 0.010085284 0.999930978 155.479202271
0.999984026 0.000517045 -0.005624176 -0.653328121 -0.000576540 0.999943852 -0.010581936 0.089869909 0.005618389 0.010585009 0.999928176 155.697082520
0.999986470 0.000600142 -0.005169705 -0.657050848 -0.000656725 0.999939799 -0.010950341 0.086253852 0.005162822 0.010953587 0.999926686 155.930358887
