1.000000000 0.000000000 0.000000000 0.000000000 0.000000000 1.000000000 0.000000000 0.000000000 0.000000000 0.000000000 1.000000000 0.000000000
0.999997318 0.001670178 0.001618011 -0.006273473 -0.001665296 0.999994099 -0.003014249 0.001615808 -0.001623035 0.003011546 0.999994159 0.916663826
0.999987662 0.004028438 0.002911965 -0.010628616 -0.004019421 0.999987125 -0.003095761 0.008948938 -0.002924399 0.003084019 0.999990940 1.836082220
0.999982953 0.004346177 0.003904038 -0.011975075 -0.004351906 0.999989450 0.001459978 0.006463879 -0.003897651 -0.001476943 0.999991298 2.753132582
0.999983788 0.004367644 0.003658244 -0.012006039 -0.004384613 0.999979615 0.004643438 0.011672079 -0.003637888 -0.004659403 0.999982536 3.673694849
0.999984920 0.004867156 0.002538835 -0.011178823 -0.004876639 0.999981105 0.003742377 0.015454903 -0.002520572 -0.003754701 0.999989748 4.591561794
0.999996543 0.002461680 0.000931988 -0.009341476 -0.002463729 0.999994516 0.002203844 0.026387407 -0.000926557 -0.002206132 0.999997139 5.523367882
0.999997497 -0.002130074 -0.000717169 -0.011607600 0.002130468 0.999997556 0.000548858 0.029249147 0.000715998 -0.000550385 0.999999583 6.449007034
0.999973059 -0.006782156 -0.002817767 -0.003598820 0.006777898 0.999975860 -0.001518081 0.033337254 0.002827995 0.001498941 0.999994874 7.380607128
0.999937475 -0.010270085 -0.004429787 -0.015618024 0.010266787 0.999947011 -0.000766547 0.035845280 0.004437425 0.000721019 0.999989867 8.321592331
0.999929070 -0.009701624 -0.006906289 -0.021184349 0.009713847 0.999951303 0.001738518 0.040305454 0.006889086 -0.001805481 0.999974668 9.260569572
0.999841511 -0.015824419 -0.008156154 -0.024701577 0.015851151 0.999869168 0.003223395 0.042668547 0.008104078 -0.003352169 0.999961555 10.194251060
0.999715269 -0.022384219 -0.008263517 -0.040198661 0.022397898 0.999747932 0.001566444 0.054378636 0.008226370 -0.001751083 0.999964654 11.160970688
0.999649346 -0.025334166 -0.007708624 -0.043026976 0.025345722 0.999677777 0.001405094 0.065343156 0.007670543 -0.001599982 0.999969304 12.110633850
0.999562740 -0.028692842 -0.007141741 -0.052115630 0.028708827 0.999585509 0.002145871 0.065985888 0.007077210 -0.002349964 0.999972224 13.077467918
0.999536693 -0.029373461 -0.007975187 -0.051444925 0.029370716 0.999568462 -0.000461209 0.069143087 0.007985293 0.000226758 0.999968112 14.045697212
0.999495327 -0.030897843 -0.007378324 -0.046064716 0.030867929 0.999514937 -0.004134144 0.074532039 0.007502481 0.003904304 0.999964237 15.006423950
0.999429405 -0.033087287 -0.006788799 -0.046382271 0.033066288 0.999448121 -0.003182508 0.077688962 0.006890353 0.002956212 0.999971867 15.973697662
0.999542058 -0.029713787 -0.005726569 -0.056651697 0.029712334 0.999558449 -0.000338582 0.083947986 0.005734101 0.000168278 0.999983549 16.955978394
0.999658704 -0.025688024 -0.004753546 -0.080275975 0.025685212 0.999669850 -0.000651685 0.082405873 0.004768717 0.000529367 0.999988496 17.953189850
0.999719322 -0.023341501 -0.004057846 -0.092515707 0.023312943 0.999704063 -0.006948089 0.085075006 0.004218824 0.006851539 0.999967635 18.937685013
0.999700785 -0.024222199 -0.003417656 -0.101234674 0.024173839 0.999616027 -0.013544936 0.083328150 0.003744432 0.013458264 0.999902427 19.916721344
0.999769807 -0.021294832 -0.002609229 -0.108017594 0.021259122 0.999689162 -0.013025072 0.071916632 0.002885785 0.012966604 0.999911785 20.898096085
0.999868572 -0.015974754 -0.002754780 -0.118735991 0.015965128 0.999866486 -0.003481584 0.068994939 0.002810030 0.003437146 0.999990165 21.901466370
0.999923289 -0.012184111 -0.002216357 -0.127655044 0.012200171 0.999898314 0.007382759 0.069504939 0.002126179 -0.007409233 0.999970317 22.898136139
0.999937177 -0.011025452 -0.002016017 -0.144574121 0.011048637 0.999868453 0.011875787 0.076218612 0.001884816 -0.011897315 0.999927461 23.917476654
0.999937356 -0.011068041 -0.001653118 -0.149116978 0.011077710 0.999920905 0.005959033 0.089050822 0.001587032 -0.005976972 0.999980867 24.917989731
0.999911308 -0.013304902 -0.000547532 -0.162821457 0.013302938 0.999905586 -0.003447318 0.089158282 0.000593347 0.003439729 0.999993920 25.909786224
0.999847472 -0.017454198 -0.000585022 -0.162665099 0.017447013 0.999791503 -0.010607418 0.093079977 0.000770044 0.010595593 0.999943554 26.898477554
0.999803364 -0.019797584 -0.001134764 -0.158280373 0.019786209 0.999761105 -0.009285666 0.086258866 0.001318327 0.009261387 0.999956250 27.896261215
0.999717176 -0.023769829 -0.000726400 -0.157836497 0.023768386 0.999715626 -0.001934617 0.084689364 0.000772179 0.001916805 0.999997854 28.896812439
0.999726832 -0.023360394 -0.000762050 -0.163417757 0.023363646 0.999716520 0.004582040 0.084770977 0.000654796 -0.004598592 0.999989212 29.893981934
0.999687910 -0.024976132 -0.000498372 -0.153213724 0.024978355 0.999674916 0.005110304 0.085370034 0.000370575 -0.005121158 0.999986827 30.896715164
0.999722719 -0.023533117 -0.000803125 -0.167365327 0.023533333 0.999723017 0.000260196 0.089970261 0.000796779 -0.000279024 0.999999642 31.871574402
0.999733508 -0.023085736 0.000069682 -0.175423861 0.023085834 0.999726593 -0.003710261 0.092873327 0.000015991 0.003710881 0.999993086 32.848503113
0.999812961 -0.019339066 -0.000068523 -0.181978315 0.019338828 0.999809682 -0.002564306 0.094621785 0.000118101 0.002562501 0.999996722 33.833206177
0.999787390 -0.020616550 0.000379769 -0.186308503 0.020614641 0.999777436 0.004486081 0.091766961 -0.000472172 -0.004477298 0.999989867 34.839412689
0.999809504 -0.019517777 -0.000085099 -0.193866253 0.019517889 0.999784231 0.007111772 0.092873290 -0.000053725 -0.007112079 0.999974728 35.830810547
0.999845088 -0.017599083 0.000211466 -0.196130872 0.017598044 0.999836385 0.004188730 0.096258365 -0.000285149 -0.004184360 0.999991179 36.795681000
0.999883473 -0.015264267 -0.000057675 -0.198169544 0.015264012 0.999878585 -0.003133206 0.100986041 0.000105494 0.003131961 0.999995112 37.759853363
0.999889314 -0.014876861 -0.000083945 -0.202804908 0.014876130 0.999872744 -0.005762909 0.093740620 0.000169668 0.005761022 0.999983370 38.735137939
0.999916494 -0.012924031 0.000174132 -0.225468323 0.012924640 0.999907970 -0.004126717 0.094514951 -0.000120782 0.004128623 0.999991477 39.712253571
0.999947429 -0.010251298 0.000163654 -0.228096709 0.010251215 0.999947309 0.000497341 0.093273833 -0.000168744 -0.000495637 0.999999881 40.671169281
0.999948800 -0.010105139 0.000541329 -0.239224106 0.010102579 0.999938667 0.004538180 0.088716879 -0.000587155 -0.004532479 0.999989569 41.632572174
0.999933958 -0.011489838 0.000067620 -0.237348378 0.011489318 0.999919891 0.005309578 0.093325295 -0.000128621 -0.005308451 0.999985874 42.579269409
0.999936283 -0.011246962 -0.000997840 -0.251482934 0.011249978 0.999931991 0.003071308 0.097960584 0.000963229 -0.003082338 0.999994814 43.524883270
0.999898016 -0.014234663 -0.001150077 -0.250708699 0.014236480 0.999897420 0.001588232 0.102935873 0.001127351 -0.001604443 0.999998093 44.463863373
0.999885917 -0.014937243 -0.002245957 -0.252162933 0.014938080 0.999888361 0.000355822 0.105038591 0.002240391 -0.000389332 0.999997437 45.392524719
0.999933958 -0.011345677 -0.001834851 -0.260080099 0.011347177 0.999935269 0.000808974 0.107393116 0.001825554 -0.000829741 0.999997973 46.320747375
0.999927878 -0.011999124 -0.000561406 -0.261253297 0.012000069 0.999926507 0.001711051 0.111055516 0.000540834 -0.001717664 0.999998391 47.255683899
0.999886453 -0.015060015 0.000577687 -0.257882804 0.015054769 0.999852955 0.008208760 0.119832098 -0.000701227 -0.008199130 0.999966145 48.178905487
0.999835312 -0.018015757 0.002177243 -0.257823676 0.017991994 0.999783218 0.010481304 0.122395463 -0.002365600 -0.010440405 0.999942720 49.116081238
0.999858141 -0.016421547 0.003741679 -0.260317922 0.016401188 0.999850869 0.005408274 0.128513947 -0.003829933 -0.005346139 0.999978364 50.020339966
0.999872804 -0.015315339 0.004452218 -0.262114495 0.015346374 0.999857605 -0.007022201 0.131033808 -0.004344037 0.007089633 0.999965429 50.957942963
0.999863327 -0.015544869 0.005633915 -0.261702031 0.015615855 0.999796331 -0.012782686 0.133606210 -0.005434063 0.012868917 0.999902427 51.875015259
0.999895692 -0.013215725 0.005829426 -0.248703212 0.013266159 0.999874175 -0.008699456 0.130523562 -0.005713723 0.008775883 0.999945164 52.789237976
0.999918401 -0.010916545 0.006634996 -0.272066057 0.010913990 0.999940336 0.000421116 0.125237331 -0.006639198 -0.000348668 0.999977887 53.733688354
0.999937475 -0.009446647 0.005984292 -0.273550749 0.009423580 0.999948084 0.003871199 0.122306824 -0.006020551 -0.003814564 0.999974608 54.658065796
0.999956310 -0.007745865 0.005232054 -0.279915094 0.007735158 0.999967933 0.002063568 0.123498291 -0.005247870 -0.002023007 0.999984205 55.561126709
0.999969482 -0.006666012 0.004068744 -0.285555214 0.006660060 0.999976754 0.001474537 0.129167706 -0.004078479 -0.001447394 0.999990642 56.480426788
0.999957621 -0.008969831 0.002086399 -0.282708198 0.008962025 0.999952912 0.003721110 0.137795314 -0.002119678 -0.003702254 0.999990880 57.391326904
0.999957025 -0.009127680 -0.001627547 -0.288396031 0.009137977 0.999937534 0.006434995 0.135603130 0.001568708 -0.006449590 0.999977946 58.298057556
0.999963522 -0.006508952 -0.005534602 -0.303914666 0.006538075 0.999964774 0.005260375 0.139380127 0.005500167 -0.005296369 0.999970853 59.194820404
0.999891937 -0.010599015 -0.010184729 -0.311895221 0.010609444 0.999943256 0.000970525 0.143334374 0.010173865 -0.001078474 0.999947667 60.090625763
0.999820709 -0.010615150 -0.015680868 -0.339190900 0.010621720 0.999943554 0.000335770 0.145224348 0.015676418 -0.000502268 0.999876976 60.994636536
0.999699712 -0.013035193 -0.020749323 -0.358105987 0.013034583 0.999915004 -0.000164667 0.147260472 0.020749707 -0.000105842 0.999784708 61.895233154
0.999544621 -0.014909384 -0.026235024 -0.382342190 0.014959216 0.999886632 0.001704221 0.147167668 0.026206641 -0.002095900 0.999654353 62.788097382
0.999405921 -0.014097341 -0.031449541 -0.418971002 0.014187930 0.999895811 0.002659124 0.148185551 0.031408776 -0.003103748 0.999501824 63.679744720
0.999218464 -0.015285258 -0.036452558 -0.449497819 0.015562619 0.999852002 0.007337220 0.157336637 0.036335010 -0.007898783 0.999308467 64.572319031
0.998998582 -0.014074519 -0.042469833 -0.497727543 0.014691629 0.999790490 0.014253545 0.169634566 0.042260323 -0.014863222 0.998996079 65.469955444
0.998769641 -0.014626395 -0.047383815 -0.546381235 0.015481819 0.999722838 0.017736668 0.175529391 0.047111258 -0.018448433 0.998719275 66.355865479
0.998491883 -0.010512428 -0.053883754 -0.591474295 0.011279901 0.999838948 0.013958847 0.191960648 0.053728335 -0.014545599 0.998449624 67.236778259
0.998191416 -0.009547028 -0.059352446 -0.659820557 0.009954826 0.999928832 0.006578899 0.203347102 0.059285413 -0.007157844 0.998215437 68.104949951
0.997697711 -0.009757486 -0.067112349 -0.726226628 0.009831200 0.999951363 0.000768171 0.210769340 0.067101590 -0.001426197 0.997745156 68.974472046
0.997146130 -0.011994850 -0.074536361 -0.795720935 0.012012833 0.999927819 -0.000207072 0.216720119 0.074533470 -0.000688912 0.997218251 69.844245911
0.996442795 -0.013474826 -0.083187565 -0.869720280 0.013854190 0.999896109 0.003984750 0.218760192 0.083125234 -0.005123071 0.996525943 70.716659546
0.995556891 -0.015837662 -0.092820369 -0.960320711 0.016644984 0.999830008 0.007929931 0.222107574 0.092679001 -0.009439691 0.995651305 71.584342957
0.994352758 -0.018891787 -0.104430534 -1.055252075 0.019977858 0.999756575 0.009363641 0.228941590 0.104228213 -0.011397060 0.994488120 72.441299438
0.992918372 -0.019982293 -0.117105804 -1.158243299 0.021351820 0.999717414 0.010451827 0.238789871 0.116863862 -0.012878234 0.993064463 73.300140381
0.991441965 -0.019842960 -0.129031345 -1.282301784 0.021339314 0.999719977 0.010224546 0.249798536 0.128792331 -0.012890484 0.991587818 74.169593811
0.989784896 -0.015706046 -0.141700909 -1.407908201 0.017112320 0.999815643 0.008711070 0.263651878 0.141537964 -0.011046916 0.989871204 75.029090881
0.988534391 -0.012833156 -0.150449753 -1.545948029 0.013902270 0.999885023 0.006056458 0.273579359 0.150354728 -0.008078610 0.988599122 75.870773315
0.987426698 -0.009779821 -0.157774806 -1.690376520 0.010475649 0.999938726 0.003579241 0.279232025 0.157730132 -0.005187031 0.987468660 76.721397400
0.986590683 -0.008694101 -0.162982255 -1.837248087 0.009350196 0.999951005 0.003258887 0.286430448 0.162945941 -0.004739103 0.986623645 77.561386108
0.985926986 -0.010559432 -0.166842744 -1.985141754 0.011555746 0.999920726 0.005001881 0.295643479 0.166776702 -0.006859482 0.985970855 78.418869019
0.985137403 -0.011913056 -0.171354532 -2.142506123 0.012990133 0.999902308 0.005165746 0.299282104 0.171276256 -0.007314888 0.985195875 79.315666199
0.984390736 -0.016323140 -0.175238103 -2.288862228 0.017395753 0.999838173 0.004586455 0.309162974 0.175134867 -0.007563263 0.984515429 80.181709290
0.983910620 -0.018689148 -0.177681193 -2.444404125 0.019908305 0.999788880 0.005080959 0.316568434 0.177548721 -0.008536540 0.984075010 81.032485962
0.983604550 -0.016390167 -0.179592460 -2.605237961 0.017974768 0.999812543 0.007199461 0.325284451 0.179440781 -0.010309555 0.983714759 81.908843994
0.983294725 -0.017117379 -0.181213900 -2.776537657 0.019145332 0.999772072 0.009447540 0.330994666 0.181010887 -0.012759116 0.983398318 82.803359985
0.982883334 -0.021717232 -0.182944715 -2.931984186 0.023892334 0.999667525 0.009693446 0.345606923 0.182673380 -0.013898502 0.983075440 83.680580139
0.982577801 -0.024321621 -0.184253275 -3.088750362 0.026555913 0.999600589 0.009667914 0.358310163 0.183944553 -0.014392491 0.982831240 84.567596436
0.982448399 -0.023071198 -0.185102344 -3.256955147 0.025223410 0.999638736 0.009280460 0.369663954 0.184821367 -0.013786485 0.982675433 85.455856323
0.982235789 -0.025780739 -0.185871363 -3.431617498 0.028026214 0.999562383 0.009462960 0.387831807 0.185546070 -0.014504129 0.982528508 86.359916687
0.981840372 -0.028444426 -0.187564254 -3.591753244 0.030672649 0.999489069 0.008987603 0.400461018 0.187212780 -0.014577484 0.982211232 87.265365601
0.981878281 -0.026027450 -0.187716708 -3.776991367 0.027838886 0.999587774 0.007019497 0.420682967 0.187456623 -0.012118116 0.982198119 88.177932739
0.981927991 -0.023780009 -0.187754899 -3.949607611 0.025200522 0.999668956 0.005182077 0.426670909 0.187569529 -0.009819947 0.982202232 89.075096130
0.981834531 -0.024764530 -0.188116178 -4.136797428 0.026254954 0.999640524 0.005434891 0.443255424 0.187913969 -0.010275145 0.982131720 90.031455994
0.981970489 -0.020330643 -0.187937692 -4.327399731 0.022384403 0.999710619 0.008811778 0.458146572 0.187704161 -0.012859780 0.982141435 90.966026306
0.982129216 -0.016256796 -0.187504530 -4.511835575 0.018495446 0.999776959 0.010195738 0.467964351 0.187296957 -0.013481512 0.982210815 91.905410767
0.982337713 -0.014837605 -0.186527446 -4.702814102 0.017048862 0.999802053 0.010256250 0.486628324 0.186338335 -0.013255182 0.982396245 92.867797852
0.982479274 -0.015056198 -0.185762778 -4.873544216 0.017403508 0.999787927 0.011011787 0.497476220 0.185557574 -0.014051776 0.982532918 93.808341980
0.982759476 -0.011682631 -0.184519202 -5.062565804 0.014078156 0.999832690 0.011677730 0.513421774 0.184351906 -0.014074089 0.982759535 94.754798889
0.982867658 -0.010692263 -0.184002340 -5.242577553 0.013203983 0.999835551 0.012430621 0.524004996 0.183839172 -0.014647219 0.982847214 95.710144043
0.982964754 -0.011309053 -0.183445811 -5.429893970 0.013844498 0.999825418 0.012546352 0.543745458 0.183271900 -0.014872337 0.982949734 96.683616638
0.983250678 -0.012347658 -0.181839526 -5.605873585 0.014860569 0.999811888 0.012463343 0.567471683 0.181651428 -0.014956829 0.983249247 97.640335083
0.983687937 -0.011916300 -0.179488301 -5.789036274 0.014286179 0.999826908 0.011916677 0.578048289 0.179315239 -0.014286494 0.983687937 98.593322754
0.983946502 -0.014443880 -0.177878097 -5.956177235 0.017013576 0.999771655 0.012929455 0.583998263 0.177650720 -0.015748234 0.983967602 99.539268494
0.984282494 -0.013307635 -0.176099047 -6.140479565 0.015937701 0.999781430 0.013529173 0.604807973 0.175880522 -0.016123142 0.984279454 100.494407654
0.984438837 -0.013839850 -0.175181672 -6.301545143 0.016546059 0.999765158 0.013996814 0.611468494 0.174946815 -0.016677573 0.984436631 101.432754517
0.984330118 -0.014553051 -0.175734028 -6.473874569 0.016985986 0.999779463 0.012348065 0.632670641 0.175515577 -0.015139588 0.984360218 102.416122437
0.984295130 -0.012402230 -0.176094592 -6.653648853 0.014467745 0.999840736 0.010450503 0.648502111 0.175936937 -0.012834071 0.984317780 103.370414734
0.984212220 -0.008897748 -0.176768512 -6.839388847 0.010960774 0.999882698 0.010697734 0.663657844 0.176652595 -0.012466360 0.984194338 104.331512451
0.984049499 -0.006750990 -0.177766606 -7.012302876 0.009035002 0.999886692 0.012041994 0.676650226 0.177665174 -0.013456040 0.983999014 105.291938782
0.983831882 -0.005891050 -0.178997532 -7.185021400 0.008744135 0.999846935 0.015154460 0.687556684 0.178880855 -0.016474620 0.983732820 106.264747620
0.983582139 -0.006345964 -0.180349365 -7.361456871 0.009470439 0.999819517 0.016468789 0.704426050 0.180212304 -0.017906396 0.983464718 107.226570129
0.983427942 -0.008708346 -0.181090102 -7.537251472 0.011957314 0.999786377 0.016857194 0.722096384 0.180904627 -0.018743187 0.983322024 108.182373047
0.983310580 -0.008857924 -0.181719169 -7.720333099 0.011834735 0.999812841 0.015303583 0.734756470 0.181549609 -0.017198773 0.983231366 109.137954712
0.983226836 -0.007014763 -0.182251841 -7.907085419 0.009613737 0.999864280 0.013380788 0.749850333 0.182133242 -0.014908472 0.983160853 110.121002197
0.983204901 -0.005355711 -0.182426453 -8.087957382 0.007658592 0.999899626 0.011921476 0.766300559 0.182344288 -0.013118383 0.983147204 111.066192627
0.983327448 -0.003813996 -0.181803778 -8.268660545 0.006275683 0.999896228 0.012967004 0.781033158 0.181735456 -0.013891755 0.983249307 112.016944885
0.983624935 -0.001027472 -0.180224836 -8.453506470 0.003723431 0.999886155 0.014621206 0.791262627 0.180189297 -0.015052837 0.983516753 112.967681885
0.983920515 -0.002038209 -0.178595319 -8.628010750 0.004615413 0.999891102 0.014016121 0.806583166 0.178547308 -0.014615039 0.983822763 113.912437439
0.984118164 -0.007806285 -0.177342877 -8.792324066 0.010187879 0.999869704 0.012522686 0.822161198 0.177222013 -0.014130550 0.984069467 114.853996277
0.984307110 -0.013872616 -0.175917864 -8.951122284 0.016264085 0.999793768 0.012159649 0.841794789 0.175712898 -0.014829972 0.984329760 115.808349609
0.984535277 -0.017414199 -0.174318880 -9.117760658 0.020153079 0.999699533 0.013954024 0.855088472 0.174023509 -0.017251290 0.984590352 116.753250122
0.984583199 -0.020647733 -0.173694134 -9.278495789 0.023492724 0.999621153 0.014339175 0.864759922 0.173332259 -0.018198660 0.984695256 117.706871033
0.984621465 -0.023065226 -0.173171967 -9.437503815 0.025338523 0.999619186 0.010927922 0.881271899 0.172853962 -0.015147788 0.984830976 118.653015137
0.984636545 -0.027023571 -0.172512472 -9.599803925 0.028452845 0.999578238 0.005817194 0.899119735 0.172282502 -0.010636292 0.984990180 119.597534180
0.984721184 -0.024412874 -0.172418639 -9.782407761 0.025592180 0.999661803 0.004619829 0.901542068 0.172247544 -0.008961812 0.985012949 120.558624268
0.984660506 -0.020514658 -0.173270851 -9.956325531 0.022154752 0.999726117 0.007536579 0.913679779 0.173068792 -0.011259744 0.984845400 121.512405396
0.984432399 -0.017157506 -0.174924344 -10.132824898 0.020239366 0.999669552 0.015849434 0.926589191 0.174594596 -0.019143054 0.984454274 122.471389771
0.984146535 -0.014871093 -0.176732734 -10.313738823 0.019255795 0.999547243 0.023120590 0.939569414 0.176308885 -0.026157178 0.983987272 123.443313599
0.983806670 -0.010839753 -0.178904936 -10.493057251 0.015807834 0.999527335 0.026367208 0.967176795 0.178534552 -0.028768333 0.983512998 124.400337219
0.983271062 -0.010255732 -0.181859404 -10.677833557 0.014871716 0.999600470 0.024036666 0.988738894 0.181540236 -0.026339121 0.983030736 125.360137939
0.982354999 -0.007571019 -0.186872482 -10.864352226 0.011320580 0.999755263 0.019005803 1.017434716 0.186682865 -0.020785952 0.982200325 126.316497803
0.981397510 -0.007825620 -0.191827267 -11.057350159 0.011040090 0.999815881 0.015693998 1.032947183 0.191669136 -0.017519841 0.981303215 127.277534485
0.980442941 -0.006897219 -0.196682632 -11.253999710 0.010210973 0.999822438 0.015839135 1.055979967 0.196538463 -0.017537691 0.980339289 128.231674194
0.979677320 -0.006043856 -0.200489089 -11.462035179 0.009860882 0.999788523 0.018045396 1.071716309 0.200337633 -0.019655664 0.979529738 129.190887451
0.978661120 -0.003050380 -0.205458373 -11.658113480 0.006850125 0.999818385 0.017785231 1.092859149 0.205366805 -0.018813130 0.978504241 130.156600952
0.978137016 -0.002463052 -0.207946956 -11.863402367 0.005803923 0.999863684 0.015457386 1.112475991 0.207880542 -0.016326349 0.978017986 131.107299805
0.977845728 -0.003493162 -0.209297612 -12.077585220 0.006489181 0.999886036 0.013629656 1.126086473 0.209226146 -0.014685872 0.977756977 132.061141968
0.977510989 -0.002776569 -0.210866213 -12.283583641 0.005543590 0.999906123 0.012532174 1.150198579 0.210811615 -0.013419293 0.977434576 133.013885498
0.977184594 -0.003166313 -0.212368190 -12.494915009 0.006105836 0.999894381 0.013187245 1.163389802 0.212304011 -0.014183057 0.977100730 133.967941284
0.976644039 -0.004107692 -0.214824378 -12.703849792 0.007299298 0.999874413 0.014065631 1.183537841 0.214739636 -0.015305182 0.976551414 134.934173584
0.976168871 -0.004220935 -0.216971159 -12.913285255 0.007613485 0.999861479 0.014802420 1.202929854 0.216878623 -0.016101567 0.976065755 135.893127441
0.975814521 -0.005701059 -0.218525738 -13.144449234 0.008984574 0.999861121 0.014035014 1.221025109 0.218415380 -0.015658930 0.975730240 136.873489380
0.975287914 -0.011060826 -0.220660612 -13.345658302 0.013850230 0.999842465 0.011097936 1.237121701 0.220503107 -0.013879883 0.975287497 137.827346802
0.974959970 -0.013809611 -0.221951142 -13.556253433 0.016589385 0.999805510 0.010664780 1.249344707 0.221760705 -0.014079766 0.974999487 138.782501221
0.974867582 -0.013428458 -0.222380087 -13.783956528 0.015860710 0.999832273 0.009154984 1.258994699 0.222219869 -0.012452003 0.974917054 139.730285645
0.974775195 -0.015470286 -0.222652078 -14.003487587 0.017980486 0.999795556 0.009251253 1.269317150 0.222463429 -0.013021285 0.974854052 140.695861816
0.974965930 -0.016572461 -0.221735984 -14.211101532 0.018948574 0.999783516 0.008592835 1.282178640 0.221545577 -0.012579300 0.975068867 141.647552490
0.975681245 -0.018196156 -0.218437567 -14.422907829 0.021735247 0.999668360 0.013809673 1.296737671 0.218113840 -0.018221634 0.975753188 142.599975586
0.976569533 -0.015846008 -0.214617833 -14.645777702 0.020178454 0.999634147 0.018010873 1.299518108 0.214253917 -0.021919526 0.976532042 143.555557251
0.977551579 -0.014379701 -0.210204959 -14.857610703 0.018264027 0.999696255 0.016549071 1.311638117 0.209903121 -0.020016760 0.977517247 144.510040283
0.978553057 -0.017366750 -0.205261633 -15.044889450 0.020336859 0.999716699 0.012368925 1.329434276 0.204988673 -0.016278027 0.978628993 145.445404053
0.979766488 -0.018788347 -0.199260160 -15.230909348 0.021231245 0.999723256 0.010130046 1.342649698 0.199014693 -0.014155621 0.979894280 146.376113892
0.981265664 -0.017691409 -0.191845402 -15.419937134 0.020078246 0.999743223 0.010504425 1.353302717 0.191610307 -0.014159550 0.981368959 147.300262451
0.982529640 -0.013716641 -0.185599983 -15.622645378 0.016142081 0.999802828 0.011563244 1.362836361 0.185404778 -0.014357201 0.982557356 148.278869629
0.983867884 -0.012846919 -0.178434730 -15.796401024 0.015329191 0.999803841 0.012539600 1.375302076 0.178238645 -0.015072569 0.983871818 149.210510254
0.985236645 -0.012757801 -0.170721859 -15.960104942 0.015036539 0.999814212 0.012061249 1.387897611 0.170536265 -0.014450251 0.985245466 150.147033691
0.986626565 -0.010301479 -0.162671059 -16.116813660 0.012504901 0.999843359 0.012527136 1.397747397 0.162516534 -0.014393791 0.986600816 151.069808960
0.987925947 -0.008250600 -0.154706895 -16.259918213 0.010584500 0.999842167 0.014268302 1.413002968 0.154564753 -0.015733521 0.987857401 151.994674683
0.989133179 -0.006273327 -0.146888435 -16.399118423 0.008912759 0.999810338 0.017317688 1.428781390 0.146751940 -0.018438680 0.989001453 152.932083130
0.990336478 -0.006757524 -0.138520598 -16.540641785 0.009538122 0.999765933 0.019419547 1.440795302 0.138356954 -0.020553114 0.990169168 153.880371094
0.991351247 -0.008920844 -0.130931959 -16.655286789 0.011437070 0.999763846 0.018478423 1.462325335 0.130736187 -0.019816086 0.991219163 154.810226440
0.992277741 -0.010058685 -0.123627439 -16.756069183 0.011909361 0.999827683 0.014239894 1.475543976 0.123462901 -0.015602253 0.992226541 155.739669800
0.993103147 -0.010771437 -0.116748087 -16.862604141 0.011905845 0.999888420 0.009023687 1.491323590 0.116637863 -0.010351437 0.993120551 156.656692505
0.993975937 -0.010007748 -0.109140873 -16.984014511 0.010687805 0.999926925 0.005647779 1.504539847 0.109076373 -0.006780232 0.994010270 157.614440918
0.994766414 -0.008072321 -0.101855703 -17.078163147 0.008767947 0.999941170 0.006383664 1.518841267 0.101798177 -0.007243319 0.994778693 158.550735474
0.995488346 -0.003117748 -0.094832808 -17.173377991 0.003982387 0.999952197 0.008929628 1.528879166 0.094800435 -0.009267001 0.995453179 159.484634399
0.996140182 0.000374119 -0.087776028 -17.274578094 0.000706742 0.999924302 0.012282450 1.534622431 0.087773979 -0.012297076 0.996064484 160.432525635
0.996715844 0.002041175 -0.080953017 -17.366071701 -0.000911445 0.999901712 0.013989878 1.549583316 0.080973618 -0.013870148 0.996619761 161.388031006
0.997201145 0.002798996 -0.074712850 -17.436475754 -0.001977557 0.999936819 0.011066340 1.559677720 0.074739099 -0.010887618 0.997143686 162.316055298
0.997639477 -0.000848112 -0.068663858 -17.493471146 0.001298928 0.999977887 0.006521166 1.571924686 0.068656810 -0.006594962 0.997618556 163.268829346
0.998027802 -0.002483931 -0.062724724 -17.554651260 0.002629811 0.999994040 0.002243269 1.588733315 0.062718779 -0.002403799 0.998028338 164.202987671
0.998370528 -0.002804367 -0.056995392 -17.602828979 0.003012078 0.999989152 0.003558768 1.597696900 0.056984793 -0.003724644 0.998368084 165.143905640
0.998648524 -0.004020691 -0.051816598 -17.643737793 0.004514565 0.999945462 0.009417677 1.607132077 0.051775906 -0.009638879 0.998612225 166.081069946
0.998911023 -0.002472884 -0.046590444 -17.686090469 0.003312215 0.999833465 0.017946517 1.619487047 0.046538305 -0.018081291 0.998752832 167.036682129
0.999178290 -0.000667461 -0.040525917 -17.731004715 0.001662008 0.999698162 0.024512285 1.633740902 0.040497322 -0.024559496 0.998877764 167.966156006
0.999388456 0.001686825 -0.034927189 -17.769292831 -0.000779033 0.999661922 0.025988303 1.657521605 0.034959219 -0.025945202 0.999051929 168.903625488
0.999554515 0.000461062 -0.029842302 -17.793405533 0.000174645 0.999773204 0.021296091 1.677956700 0.029845351 -0.021291815 0.999327719 169.828018188
0.999669492 0.001884923 -0.025638286 -17.809339523 -0.001586512 0.999930799 0.011654616 1.694929361 0.025658481 -0.011610089 0.999603331 170.741989136
0.999779999 0.000651617 -0.020965677 -17.835945129 -0.000626986 0.999999106 0.001181408 1.705366611 0.020966427 -0.001168003 0.999779522 171.664154053
0.999848604 -0.002220988 -0.017258033 -17.842628479 0.002164439 0.999992251 -0.003294687 1.716528058 0.017265216 0.003256834 0.999845624 172.579757690
0.999916136 -0.003306696 -0.012522278 -17.853691101 0.003327139 0.999993145 0.001612003 1.718176961 0.012516862 -0.001653531 0.999920309 173.515914917
0.999952137 -0.006004105 -0.007727183 -17.848480225 0.006075515 0.999938726 0.009251338 1.726835132 0.007671164 -0.009297842 0.999927342 174.453659058
0.999995172 -0.002252503 -0.002151587 -17.862924576 0.002278961 0.999920845 0.012374780 1.728917718 0.002123542 -0.012379623 0.999921143 175.375366211
0.999993086 0.001530997 0.003394593 -17.866746902 -0.001561654 0.999957860 0.009046872 1.731338978 -0.003380599 -0.009052111 0.999953330 176.286972046
0.999957025 -0.001024399 0.009214678 -17.859588623 0.001011737 0.999998510 0.001378604 1.745573640 -0.009216077 -0.001369222 0.999956608 177.187866211
0.999872565 -0.004656036 0.015269010 -17.830865860 0.004689219 0.999986708 -0.002138105 1.746815920 -0.015258852 0.002209432 0.999881148 178.100738525
0.999756157 -0.000438421 0.022077980 -17.825302124 0.000452193 0.999999702 -0.000618799 1.754622459 -0.022077702 0.000628631 0.999756038 179.007034302
0.999594033 0.001894839 0.028428666 -17.807130814 -0.002031873 0.999986470 0.004792134 1.755736113 -0.028419200 -0.004847952 0.999584317 179.921539307
0.999435246 0.001040055 0.033588108 -17.769256592 -0.001289528 0.999971747 0.007406606 1.761922836 -0.033579458 -0.007445736 0.999408305 180.821395874
0.999198675 0.002421369 0.039952114 -17.741462708 -0.002680457 0.999975741 0.006432670 1.768499851 -0.039935570 -0.006534605 0.999180913 181.720077515
0.998935878 0.003279221 0.046003722 -17.706027985 -0.003491546 0.999983609 0.004535778 1.768333912 -0.045988094 -0.004691575 0.998930991 182.634155273
0.998661399 0.003774450 0.051586714 -17.656940460 -0.003995896 0.999983251 0.004190231 1.776463509 -0.051570036 -0.004390757 0.998659730 183.524139404
0.998363435 0.002536726 0.057131469 -17.600208282 -0.002900923 0.999975979 0.006292692 1.782868147 -0.057114135 -0.006448127 0.998346806 184.421157837
0.998050213 0.002759184 0.062354747 -17.546493530 -0.003167178 0.999974191 0.006445226 1.787573934 -0.062335357 -0.006630148 0.998033226 185.311462402
0.997776628 -0.000083838 0.066646665 -17.481504440 -0.000249572 0.999987483 0.004994303 1.791552544 -0.066646248 -0.004999832 0.997764111 186.209869385
0.997495770 -0.000355121 0.070725612 -17.423885345 0.000177200 0.999996781 0.002521905 1.803199053 -0.070726275 -0.002503057 0.997492611 187.093902588
0.997142375 -0.001198455 0.075535372 -17.368715286 0.001026899 0.999996781 0.002310002 1.808246970 -0.075537898 -0.002225833 0.997140467 187.981246948
0.996816754 -0.001133252 0.079718769 -17.303544998 0.000996013 0.999997973 0.001761283 1.811446190 -0.079720601 -0.001676276 0.996815860 188.854934692
0.996576250 0.000378549 0.082677864 -17.218885422 -0.000293322 0.999999404 -0.001042982 1.807887316 -0.082678214 0.001015160 0.996575773 189.753082275
0.996261835 -0.002420507 0.086351342 -17.138015747 0.002652510 0.999993145 -0.002572103 1.810862780 -0.086344525 0.002791536 0.996261418 190.627471924
0.995932221 -0.005799252 0.089918584 -17.070932388 0.005802804 0.999983132 0.000221921 1.817616105 -0.089918360 0.000300762 0.995949090 191.521881104
0.995721221 -0.007774969 0.092080243 -16.980886459 0.007427566 0.999963939 0.004114932 1.823960662 -0.092108913 -0.003413393 0.995743096 192.411834717
0.995535374 -0.010552391 0.093797266 -16.884895325 0.009972472 0.999928176 0.006649281 1.824943304 -0.093860693 -0.005684204 0.995569110 193.314407349
0.995416343 -0.010415469 0.095067270 -16.798908234 0.009945067 0.999935865 0.005420577 1.836161256 -0.095117629 -0.004450281 0.995456100 194.206405640
0.995250583 -0.010981780 0.096725032 -16.716102600 0.010661330 0.999935806 0.003829203 1.842956662 -0.096760876 -0.002779799 0.995303750 195.113861084
0.995141387 -0.010147981 0.097931817 -16.629570007 0.010052817 0.999948382 0.001465137 1.842664957 -0.097941630 -0.000473528 0.995192051 196.000045776
0.995074332 -0.010519331 0.098571651 -16.543411255 0.010547831 0.999944329 0.000232017 1.862849236 -0.098568603 0.000808843 0.995129943 196.933166504
0.995056868 -0.010996600 0.098695911 -16.453250885 0.010959651 0.999939501 0.000916536 1.866802812 -0.098700024 0.000169667 0.995117247 197.844406128
0.995036662 -0.011528398 0.098839216 -16.357143402 0.011396882 0.999933243 0.001895130 1.872793913 -0.098854467 -0.000759265 0.995101631 198.770675659
0.994924366 -0.012727733 0.099817343 -16.274990082 0.012488868 0.999917448 0.003017540 1.875071287 -0.099847510 -0.001755618 0.995001197 199.691848755
0.994881213 -0.012148344 0.100318193 -16.176839828 0.011850915 0.999923408 0.003560283 1.880665421 -0.100353770 -0.002353197 0.994949043 200.627761841
0.994721651 -0.011087501 0.102009460 -16.085054398 0.010704494 0.999933481 0.004301284 1.895318389 -0.102050364 -0.003186620 0.994774103 201.564880371
0.994505227 -0.008476432 0.104343385 -15.985610008 0.007972579 0.999954462 0.005244938 1.903865576 -0.104383089 -0.004384232 0.994527519 202.509460449
0.994119406 -0.010499997 0.107778952 -15.885511398 0.009835937 0.999929249 0.006691084 1.911071062 -0.107841581 -0.005591630 0.994152367 203.463317871
0.993735373 -0.011878269 0.111125700 -15.775993347 0.011441455 0.999924123 0.004567699 1.912506938 -0.111171529 -0.003267644 0.993795872 204.420486450
0.993242323 -0.011679818 0.115469828 -15.659966469 0.011617312 0.999931753 0.001214305 1.926023722 -0.115476139 0.000135349 0.993310273 205.384811401
0.992548168 -0.012776813 0.121181265 -15.534898758 0.012919392 0.999916494 -0.000390917 1.937587500 -0.121166140 0.001953591 0.992630303 206.355728149
0.991689563 -0.012004621 0.128092498 -15.417954445 0.011861145 0.999927878 0.001882868 1.946205616 -0.128105864 -0.000347896 0.991760433 207.337310791
0.990766048 -0.011645292 0.135081470 -15.301314354 0.011176610 0.999928594 0.004227479 1.953845501 -0.135121062 -0.002678690 0.990825474 208.364593506
0.989924431 -0.009315702 0.141290113 -15.160973549 0.008706609 0.999949932 0.004928520 1.965788126 -0.141328961 -0.003648704 0.989955962 209.357345581
0.988988161 -0.007902837 0.147783473 -15.017039299 0.007455249 0.999965787 0.003582364 1.977120638 -0.147806734 -0.002441153 0.989013255 210.355850220
0.988032699 -0.007356224 0.154069230 -14.860465050 0.007206693 0.999972880 0.001529029 1.987570047 -0.154076293 -0.000400401 0.988058865 211.360229492
0.986995459 -0.006995160 0.160595998 -14.700783730 0.007038821 0.999975204 0.000297030 2.001938105 -0.160594091 0.000837239 0.987020195 212.378036499
0.985872567 -0.006043958 0.167387992 -14.532179832 0.005849744 0.999981523 0.001653309 2.011235952 -0.167394891 -0.000650775 0.985889733 213.399185181
0.984722972 -0.005661797 0.174036205 -14.361206055 0.005343705 0.999983072 0.002296257 2.018089533 -0.174046263 -0.001331179 0.984736562 214.428878784
0.983642757 -0.006591391 0.180009618 -14.173298836 0.006452921 0.999978244 0.001354809 2.030082464 -0.180014640 -0.000171060 0.983663917 215.466644287
0.982445061 -0.003237024 0.186524078 -13.983010292 0.003079414 0.999994636 0.001134714 2.038794279 -0.186526746 -0.000540409 0.982449710 216.500656128
0.981028974 -0.001737124 0.193853423 -13.787578583 0.001185576 0.999994934 0.002961159 2.048668146 -0.193857580 -0.002675155 0.981026053 217.553527832
0.979624391 -0.001263606 0.200834319 -13.573056221 -0.000061316 0.999978304 0.006590729 2.060552597 -0.200838283 -0.006468753 0.979603052 218.604125977
0.977905631 -0.001110616 0.209043950 -13.356814384 -0.000484236 0.999971151 0.007577934 2.070538759 -0.209046334 -0.007511731 0.977876902 219.669189453
0.976320982 0.001942152 0.216318190 -13.140241623 -0.001968704 0.999998033 -0.000092737 2.078278780 -0.216317952 -0.000335325 0.976322889 220.729034424
0.975055635 0.002571609 0.221945614 -12.887743950 -0.000193634 0.999942362 -0.010735315 2.082517624 -0.221960425 0.010424554 0.974999964 221.787750244
0.973528266 0.001733359 0.228560135 -12.639867783 0.001574949 0.999896646 -0.014291367 2.083052874 -0.228561282 0.014273020 0.973424911 222.858032227
0.971902430 -0.000007468 0.235384002 -12.379220963 0.001907521 0.999967396 -0.007844446 2.079328537 -0.235376269 0.008073037 0.971870780 223.940765381
0.970064402 0.000841922 0.242846236 -12.112729073 -0.000375631 0.999997973 -0.001966406 2.080630541 -0.242847413 0.001816320 0.970062792 225.015869141
0.967751861 0.003004551 0.251887590 -11.845752716 -0.002395911 0.999993443 -0.002722974 2.083362579 -0.251894116 0.002031663 0.967752695 226.108383179
0.965466440 0.003532815 0.260503411 -11.554704666 -0.001647989 0.999970853 -0.007453392 2.087941170 -0.260522157 0.006766693 0.965444148 227.183303833
0.963041544 0.003246567 0.269333422 -11.265666008 -0.000464500 0.999945879 -0.010392541 2.081136227 -0.269352585 0.009883343 0.962990940 228.255111694
0.960641921 -0.000465988 0.277789235 -10.957822800 0.002721277 0.999966383 -0.007733204 2.074141026 -0.277776301 0.008184782 0.960610926 229.302017212
0.958285928 -0.004188964 0.285780489 -10.632555008 0.003466004 0.999989390 0.003035534 2.081339121 -0.285790175 -0.001918393 0.958290279 230.376770020
0.955698192 -0.008255217 0.294232577 -10.304751396 0.003653478 0.999862313 0.016186040 2.095926285 -0.294325680 -0.014393997 0.955596805 231.455917358
0.952806830 -0.012947764 0.303301096 -9.965850830 0.006052777 0.999701679 0.023662213 2.112332821 -0.303517014 -0.020709705 0.952600956 232.553833008
0.950268984 -0.008429121 0.311316222 -9.614154816 0.003161837 0.999843240 0.017420247 2.137536526 -0.311414272 -0.015569589 0.950146675 233.606307983
0.947188795 -0.001631611 0.320672363 -9.281454086 0.000579084 0.999994099 0.003377590 2.153383255 -0.320675999 -0.003013519 0.947184145 234.649871826
0.944246590 0.001095026 0.329237282 -8.926445007 0.000983126 0.999980628 -0.006145474 2.163737297 -0.329237640 0.006126524 0.944227219 235.695648193
0.941529036 0.002434784 0.336923093 -8.535646439 -0.000026181 0.999974430 -0.007153179 2.166519165 -0.336931884 0.006726105 0.941505015 236.776321411
0.938448370 0.001554958 0.345416009 -8.160301208 -0.000513995 0.999995053 -0.003105218 2.168899536 -0.345419139 0.002736544 0.938444555 237.821899414
0.935735822 -0.002332342 0.352694005 -7.762873173 0.001877137 0.999996901 0.001632664 2.169167995 -0.352696717 -0.000865687 0.935737312 238.860076904
0.933236718 -0.004755544 0.359230578 -7.373415470 0.003118339 0.999981940 0.005136839 2.172668219 -0.359248519 -0.003673684 0.933234692 239.912994385
0.931077182 -0.008492171 0.364723444 -6.955419540 0.006728391 0.999958694 0.006106460 2.179603338 -0.364760250 -0.003231584 0.931095898 240.968429565
0.929520249 -0.009247203 0.368655115 -6.551504135 0.007293545 0.999951005 0.006692576 2.191124916 -0.368698925 -0.003532082 0.929542184 241.992919922
0.927637041 -0.011386614 0.373309374 -6.148391247 0.008555494 0.999920726 0.009239838 2.198088169 -0.373384982 -0.005377370 0.927660882 243.028305054
0.926244974 -0.016278436 0.376570374 -5.719280720 0.012112111 0.999836445 0.013429077 2.211184978 -0.376727402 -0.007877554 0.926290691 244.052780151
0.924859762 -0.017635103 0.379899234 -5.298707962 0.012857342 0.999803185 0.015110304 2.226002216 -0.380090922 -0.009090418 0.924904466 245.077270508
0.923843563 -0.016915198 0.382396370 -4.874568462 0.014623445 0.999853492 0.008899002 2.240565777 -0.382490844 -0.002629334 0.923955560 246.111923218
0.923429728 -0.015378998 0.383459240 -4.433319092 0.016796859 0.999858856 -0.000349172 2.252262831 -0.383399755 0.006763346 0.923557758 247.151931763
0.922694087 -0.017024271 0.385156840 -4.012892723 0.018686049 0.999825239 -0.000571744 2.268772125 -0.385079771 0.007724604 0.922850966 248.176223755
0.922710121 -0.018791247 0.385036290 -3.582178116 0.016281150 0.999819636 0.009778496 2.273407459 -0.385150582 -0.002753883 0.922849655 249.205108643
0.922700167 -0.018938268 0.385052919 -3.158706188 0.015439642 0.999806643 0.012176109 2.279780388 -0.385209054 -0.005289819 0.922814190 250.220062256
0.922514319 -0.015656440 0.385645151 -2.746661186 0.015848178 0.999870837 0.002681855 2.292662382 -0.385637313 0.003637723 0.922643304 251.250946045
0.922981679 -0.015378878 0.384536445 -2.324046135 0.019410484 0.999789774 -0.006605035 2.299273491 -0.384354025 0.013560364 0.923086166 252.261642456
