1.000000000 0.000000000 0.000000000 0.000000000 0.000000000 1.000000000 0.000000000 0.000000000 0.000000000 0.000000000 1.000000000 0.000000000
0.999997735 -0.000021989 -0.002115071 -0.002785276 0.000022573 0.999999940 0.000276224 -0.000484782 0.002115065 -0.000276272 0.999997735 0.069082618
0.999991477 -0.000282678 -0.004121242 -0.004828302 0.000286800 0.999999464 0.000999635 0.000116185 0.004120957 -0.001000809 0.999991000 0.142294481
0.999978185 -0.001336290 -0.006471842 -0.005952009 0.001346086 0.999997973 0.001509580 0.000961858 0.006469811 -0.001518259 0.999977946 0.214113086
0.999963045 -0.001738302 -0.008417965 -0.009985808 0.001755827 0.999996305 0.002074823 -0.000939904 0.008414327 -0.002089527 0.999962389 0.292636454
0.999949098 -0.000624030 -0.010071908 -0.016733950 0.000647068 0.999997199 0.002284161 -0.001194623 0.010070454 -0.002290562 0.999946654 0.372874498
0.999918640 0.001203692 -0.012700250 -0.023948541 -0.001176244 0.999996960 0.002168515 -0.001178622 0.012702822 -0.002153400 0.999916971 0.457832366
0.999879003 0.001605157 -0.015473855 -0.029421575 -0.001584287 0.999997795 0.001360879 -0.000195575 0.015476006 -0.001336199 0.999879360 0.546518564
0.999846756 0.001526076 -0.017439306 -0.035236023 -0.001511200 0.999998510 0.000866129 0.001035948 0.017440600 -0.000839642 0.999847531 0.638658643
0.999793530 0.002353427 -0.020183435 -0.039836917 -0.002326652 0.999996364 0.001349963 0.001885324 0.020186540 -0.001302724 0.999795377 0.735515237
0.999726653 0.004567070 -0.022928823 -0.050764613 -0.004517809 0.999987364 0.002199760 0.004994710 0.022938581 -0.002095571 0.999734700 0.838362694
0.999630988 0.007211621 -0.026189266 -0.062182240 -0.007127406 0.999969125 0.003307556 0.006174641 0.026212310 -0.003119674 0.999651551 0.944466352
0.999536157 0.009352728 -0.028982889 -0.073160745 -0.009243788 0.999949694 0.003890494 0.006249298 0.029017817 -0.003620778 0.999572337 1.053500891
0.999431849 0.010462745 -0.032039620 -0.083101243 -0.010327217 0.999936998 0.004392586 0.005371544 0.032083560 -0.004059210 0.999476969 1.166661739
0.999295890 0.011478140 -0.035721026 -0.087080099 -0.011333881 0.999926805 0.004238376 0.009476171 0.035767060 -0.003830534 0.999352813 1.286808014
0.999184489 0.012352141 -0.038441826 -0.096324205 -0.012166615 0.999913216 0.005056363 0.011905506 0.038500946 -0.004584532 0.999248028 1.407914162
0.999037147 0.014758674 -0.041314974 -0.112116277 -0.014531754 0.999877632 0.005787400 0.015606049 0.041395336 -0.005181449 0.999129415 1.532383323
0.998826802 0.017404173 -0.045189936 -0.125051588 -0.017087366 0.999826729 0.007387433 0.017070733 0.045310676 -0.006606589 0.998951077 1.659333944
0.998631001 0.019500798 -0.048536524 -0.141793594 -0.019094041 0.999778688 0.008830057 0.018977180 0.048697975 -0.007891211 0.998782396 1.792947769
0.998434603 0.020864494 -0.051893707 -0.155512989 -0.020324232 0.999733865 0.010917033 0.021712353 0.052107673 -0.009845245 0.998592913 1.928944111
0.998234451 0.021863606 -0.055226404 -0.170085758 -0.021135530 0.999682307 0.013733362 0.022478398 0.055509120 -0.012541875 0.998379409 2.068847179
0.998044968 0.021765089 -0.058588196 -0.183394969 -0.020847077 0.999650836 0.016234843 0.024072193 0.058921095 -0.014981710 0.998150229 2.210030556
0.997837126 0.022235421 -0.061860289 -0.197663158 -0.021125143 0.999604821 0.018544748 0.025769860 0.062248196 -0.017197831 0.997912526 2.353940248
0.997603714 0.023213381 -0.065176815 -0.212370053 -0.021879900 0.999537945 0.021099312 0.028816584 0.065636486 -0.019622689 0.997650623 2.500628710
0.997310817 0.024707681 -0.068997905 -0.229160503 -0.023151400 0.999461234 0.023264904 0.032490648 0.069535553 -0.021604942 0.997345507 2.646373034
0.997009039 0.026970895 -0.072426386 -0.251084059 -0.025199644 0.999363244 0.025259426 0.036185127 0.073061541 -0.023358757 0.997053862 2.797700405
0.996680796 0.026987473 -0.076805733 -0.263933748 -0.024936363 0.999309599 0.027540212 0.039153211 0.077495947 -0.025533544 0.996665657 2.948542595
0.996433616 0.025199698 -0.080529563 -0.279776424 -0.022914957 0.999311745 0.029170914 0.044445939 0.081209235 -0.027221547 0.996325254 3.102549553
0.996173382 0.022731151 -0.084391259 -0.290351003 -0.020204334 0.999325156 0.030676082 0.049238410 0.085031606 -0.028853627 0.995960414 3.263720989
0.995913029 0.021610109 -0.087694094 -0.309127897 -0.018751854 0.999269903 0.033287477 0.049372420 0.088349417 -0.031507008 0.995591104 3.423645496
0.995570481 0.022933759 -0.091178104 -0.329740286 -0.019739622 0.999164701 0.035780691 0.052953392 0.091922529 -0.033822380 0.995191574 3.586901665
0.995253980 0.025689790 -0.093859360 -0.352179974 -0.022253519 0.999049723 0.037475999 0.061686084 0.094732918 -0.035209436 0.994879901 3.751247168
0.994984150 0.028921146 -0.095760472 -0.378264666 -0.025205979 0.998890400 0.039781597 0.066457637 0.096804745 -0.037168320 0.994609177 3.919462681
0.994686961 0.031610455 -0.097972564 -0.404054165 -0.027452933 0.998676300 0.043497264 0.070919029 0.099217847 -0.040576529 0.994238079 4.093019009
0.994441926 0.033884671 -0.099684730 -0.427985787 -0.029181587 0.998408198 0.048265547 0.079127736 0.101161510 -0.045088325 0.993847787 4.270998478
0.994224966 0.035144664 -0.101397887 -0.449935555 -0.029878411 0.998147607 0.052996185 0.088047482 0.103072591 -0.049660522 0.993433356 4.454606056
0.994004071 0.037360426 -0.102762535 -0.474081457 -0.031632096 0.997883260 0.056819439 0.102488019 0.104667813 -0.053228159 0.993081748 4.638390064
0.993909717 0.038549747 -0.103234649 -0.499422669 -0.032505892 0.997692883 0.059600990 0.112734683 0.105294079 -0.055882271 0.992869735 4.824204445
0.993773103 0.037620105 -0.104879417 -0.519605279 -0.031324837 0.997643769 0.061038516 0.123736352 0.106928572 -0.057373106 0.992609978 5.009303570
0.993715286 0.034466267 -0.106499113 -0.537231863 -0.027751697 0.997570395 0.063899517 0.133668423 0.108442739 -0.060542397 0.992257416 5.196043491
0.993706584 0.032455605 -0.107209310 -0.555216968 -0.025300970 0.997402847 0.067434207 0.143542022 0.109119490 -0.064297311 0.991946995 5.382724762
0.993642569 0.032712679 -0.107723348 -0.575983882 -0.025155585 0.997174740 0.070779406 0.153245673 0.109734386 -0.067619585 0.991658211 5.569212914
0.993521214 0.033574320 -0.108574174 -0.603359401 -0.025699668 0.996991158 0.073130980 0.165326923 0.110702813 -0.069866858 0.991394758 5.764481068
0.993438065 0.031933039 -0.109823227 -0.621678293 -0.023560204 0.996775091 0.076709256 0.177141905 0.111918613 -0.073618434 0.990986645 5.958441734
0.993565202 0.027426584 -0.109890915 -0.640835524 -0.018733341 0.996668935 0.079373501 0.192407697 0.111701809 -0.076804124 0.990769327 6.162797451
0.993455768 0.027411899 -0.110879533 -0.661830723 -0.018291278 0.996427059 0.082453296 0.203428194 0.112743564 -0.079885572 0.990407586 6.359374523
0.993434191 0.028030708 -0.110917874 -0.689242780 -0.018656548 0.996234596 0.084667243 0.216416121 0.112873510 -0.082041994 0.990216494 6.556021690
0.993496239 0.028713845 -0.110184848 -0.712960362 -0.019418264 0.996231914 0.084527746 0.227709025 0.112196773 -0.081838399 0.990310252 6.752169132
0.993680954 0.028227817 -0.108633868 -0.734865963 -0.019202417 0.996343851 0.083247848 0.240271375 0.110586591 -0.080635771 0.990589976 6.948216915
0.993740797 0.029028980 -0.107872650 -0.758214533 -0.020334739 0.996519566 0.080840588 0.256053060 0.109843932 -0.078141026 0.990872502 7.153677940
0.993798912 0.028985230 -0.107347943 -0.784595966 -0.020640459 0.996735990 0.078046747 0.277956903 0.109259762 -0.075347058 0.991153419 7.366649151
0.993885815 0.029369930 -0.106435135 -0.814562857 -0.021330928 0.996887565 0.075896092 0.294977903 0.108332925 -0.073161684 0.991418839 7.593128204
0.994075537 0.025721701 -0.105604015 -0.834423900 -0.017906701 0.997075498 0.074295133 0.311251491 0.107206173 -0.071963958 0.991629004 7.818882465
0.994301856 0.021237483 -0.104464449 -0.853831887 -0.013642011 0.997246444 0.072893016 0.327852398 0.105724864 -0.071052551 0.991853714 8.055636406
0.994515240 0.019040743 -0.102844223 -0.874704301 -0.011729442 0.997390687 0.071233481 0.350571215 0.103932209 -0.069636472 0.992143571 8.304986000
0.994649053 0.020092536 -0.101338819 -0.900686026 -0.013184903 0.997572303 0.068378605 0.367164791 0.102466695 -0.066676572 0.992499292 8.550438881
0.994884253 0.018626183 -0.099289238 -0.923683643 -0.011980722 0.997673571 0.067111187 0.389131039 0.100308277 -0.065578304 0.992792904 8.807476997
0.995275617 0.016165217 -0.095734507 -0.947842896 -0.009848088 0.997764766 0.066094488 0.412130028 0.096588947 -0.064839430 0.993210137 9.075001717
0.995701730 0.006356605 -0.092399403 -0.959381402 -0.000629068 0.998083115 0.061884142 0.430354178 0.092615657 -0.061560024 0.993797123 9.335920334
0.995959878 -0.002292136 -0.089770041 -0.970012009 0.007565222 0.998262048 0.058443833 0.436882943 0.089480065 -0.058886845 0.994246304 9.613558769
0.996243536 -0.010249720 -0.085987046 -0.980449915 0.015082810 0.998331010 0.055747215 0.451852083 0.085272141 -0.056834728 0.994735360 9.884607315
0.996412694 -0.012287636 -0.083730452 -1.000122547 0.016787274 0.998440146 0.053249255 0.468601942 0.082945533 -0.054463841 0.995064676 10.170314789
0.996432245 -0.013766469 -0.083266564 -1.023870826 0.018119209 0.998495817 0.051747099 0.488655567 0.082428947 -0.053071201 0.995182872 10.452678680
0.996504188 -0.018205902 -0.081535235 -1.039683342 0.022436894 0.998432279 0.051279657 0.501400948 0.080473818 -0.052929789 0.995350420 10.740680695
0.996679723 -0.022161763 -0.078347877 -1.056300402 0.026069485 0.998448133 0.049210727 0.517838180 0.077135697 -0.051089823 0.995710731 11.025585175
0.996869147 -0.024264496 -0.075253539 -1.078377247 0.027736587 0.998581827 0.045441888 0.530712545 0.074044198 -0.047386896 0.996128500 11.329370499
0.997216046 -0.020345395 -0.071737267 -1.104362249 0.023190340 0.998968124 0.039050523 0.555271447 0.070868745 -0.040605418 0.996658802 11.617230415
0.997547567 -0.018056529 -0.067622870 -1.128286481 0.020506818 0.999151528 0.035717480 0.572911441 0.066920556 -0.037016615 0.997071445 11.919103622
0.997759104 -0.023432769 -0.062671088 -1.134797454 0.025643935 0.999068260 0.034713551 0.578431547 0.061799262 -0.036242899 0.997430325 12.225786209
0.997898400 -0.033561550 -0.055428982 -1.133834362 0.035403837 0.998841345 0.032596115 0.587037504 0.054270782 -0.034490008 0.997930408 12.538928032
0.997961760 -0.041010268 -0.048892025 -1.130517244 0.042479750 0.998664498 0.029404946 0.593877912 0.047620825 -0.031421933 0.998371124 12.852931023
0.998211801 -0.043237820 -0.041275192 -1.137869954 0.044350848 0.998666048 0.026441993 0.604376197 0.040076837 -0.028225299 0.998797894 13.167273521
0.998513460 -0.043382160 -0.032997545 -1.148024559 0.044171430 0.998745680 0.023578275 0.616182327 0.031933278 -0.025000775 0.999177277 13.490733147
0.998645008 -0.045162708 -0.025855314 -1.149895191 0.045724168 0.998721600 0.021552276 0.627270103 0.024848903 -0.022705285 0.999433339 13.823101044
0.998913527 -0.042538300 -0.019032687 -1.139683723 0.042912368 0.998884678 0.019697012 0.636058390 0.018173583 -0.020492351 0.999624848 14.155885696
0.999207020 -0.038480189 -0.010227655 -1.147903323 0.038656298 0.999097228 0.017618379 0.633831322 0.009540464 -0.017999770 0.999792457 14.486668587
0.999399841 -0.034542181 -0.002616143 -1.159426689 0.034580104 0.999270737 0.016192576 0.648610294 0.002054909 -0.016273325 0.999865472 14.814826965
0.999335825 -0.036378015 0.002126938 -1.138686776 0.036337998 0.999202907 0.016527342 0.648802996 -0.002726475 -0.016439077 0.999861181 15.148879051
0.999195158 -0.039279759 0.008132302 -1.132622361 0.039153494 0.999118447 0.015143597 0.656013310 -0.008719970 -0.014813000 0.999852240 15.479217529
0.999146044 -0.039774440 0.011185747 -1.129013658 0.039617907 0.999118447 0.013883771 0.662060618 -0.011728105 -0.013428760 0.999841034 15.806845665
0.999226868 -0.038057029 0.009866085 -1.116451263 0.037944689 0.999215543 0.011334016 0.678186476 -0.010289684 -0.010950888 0.999887109 16.149250031
0.999264777 -0.037451737 0.008203055 -1.119100094 0.037352920 0.999231458 0.011885464 0.681435406 -0.008641882 -0.011570318 0.999895692 16.478473663
0.999332964 -0.036285587 0.004121983 -1.122428536 0.036236860 0.999278903 0.011337700 0.687781215 -0.004530407 -0.011180770 0.999927223 16.806903839
0.999445140 -0.033266325 -0.001662044 -1.134855032 0.033283621 0.999376655 0.011771249 0.692529500 0.001269422 -0.011820036 0.999929309 17.132558823
0.999511778 -0.030238058 -0.007867481 -1.153331757 0.030338828 0.999454856 0.013020774 0.697852135 0.007469469 -0.013253107 0.999884248 17.461112976
0.999530733 -0.025820391 -0.016480325 -1.172428370 0.026066421 0.999549270 0.014892618 0.699438393 0.016088363 -0.015315213 0.999753296 17.791284561
0.999479711 -0.020052079 -0.025262231 -1.203393936 0.020458568 0.999663711 0.015936391 0.704103589 0.024934176 -0.016444929 0.999553800 18.117696762
0.999305189 -0.016424157 -0.033457249 -1.244665504 0.016975181 0.999723792 0.016252544 0.708209634 0.033181075 -0.016809195 0.999307990 18.441896439
0.998863995 -0.013105388 -0.045814306 -1.253999710 0.013903690 0.999756277 0.017149709 0.714165449 0.045578383 -0.017767215 0.998802781 18.769561768
0.998387933 -0.012772306 -0.055302855 -1.279871941 0.013809855 0.999734938 0.018419884 0.721843421 0.055052932 -0.019153913 0.998299718 19.078691483
0.997845054 -0.010573327 -0.064756557 -1.311738491 0.011930815 0.999716341 0.020612238 0.729100764 0.064520247 -0.021340419 0.997688174 19.382265091
0.997263849 -0.009729304 -0.073281564 -1.347589016 0.011365936 0.999694467 0.021949658 0.732822418 0.073045619 -0.022722514 0.997069716 19.673324585
0.996580362 -0.006765001 -0.082351670 -1.385522246 0.008594587 0.999723613 0.021882555 0.739121199 0.082180873 -0.022515504 0.996363044 19.968059540
0.996033311 -0.003773289 -0.088901192 -1.428374529 0.005712136 0.999751151 0.021564698 0.745593488 0.088797696 -0.021986974 0.995806992 20.240087509
0.995384455 0.001089116 -0.095961750 -1.463718414 0.000943918 0.999776125 0.021137938 0.751088202 0.095963284 -0.021130955 0.995160580 20.519733429
0.994956434 0.004790191 -0.100193821 -1.503483534 -0.002703575 0.999776840 0.020951215 0.753098965 0.100271821 -0.020574665 0.994747341 20.777723312
0.994710684 0.006603709 -0.102503777 -1.535355091 -0.004450125 0.999764860 0.021224290 0.751056910 0.102619834 -0.020655874 0.994506180 21.032966614
0.994650304 0.007717952 -0.103010863 -1.564471006 -0.005471923 0.999741495 0.022068618 0.756040037 0.103154555 -0.021386890 0.994435370 21.290172577
0.994572222 0.008686693 -0.103685394 -1.595855594 -0.006222340 0.999690950 0.024067450 0.764330924 0.103862412 -0.023291651 0.994318902 21.551950455
0.994575500 0.003941064 -0.103942439 -1.620048046 -0.001195670 0.999649107 0.026461734 0.772964537 0.104010254 -0.026193911 0.994231224 21.819498062
0.994609714 -0.006744179 -0.103469774 -1.634757876 0.009298926 0.999663174 0.024228288 0.780046463 0.103271522 -0.025059849 0.994337440 22.082847595
0.994375587 -0.015330476 -0.104795806 -1.648835659 0.017587319 0.999632180 0.020645516 0.785350978 0.104440749 -0.022372475 0.994279444 22.350540161
0.994266450 -0.020171305 -0.105011076 -1.675788760 0.022311663 0.999565780 0.019247413 0.787861764 0.104577228 -0.021480029 0.994284749 22.614530563
0.994350612 -0.019265944 -0.104382344 -1.706683040 0.021273796 0.999608815 0.018156370 0.788694620 0.103991710 -0.020274406 0.994371474 22.892139435
0.994374990 -0.015894501 -0.104717687 -1.743902206 0.017723260 0.999705851 0.016556352 0.788572133 0.104423732 -0.018319162 0.994364142 23.163825989
0.994314015 -0.009054526 -0.106102280 -1.786618114 0.010672582 0.999835134 0.014692098 0.790716410 0.105951756 -0.015740944 0.994246662 23.439167023
0.994283855 -0.005772941 -0.106612906 -1.824498653 0.007214663 0.999887586 0.013142223 0.797435224 0.106525056 -0.013836276 0.994213760 23.714429855
0.994276404 -0.008562136 -0.106494591 -1.858043313 0.009703998 0.999900818 0.010208692 0.803954601 0.106396616 -0.011183685 0.994260848 23.994932175
0.994279385 -0.006830438 -0.106591754 -1.896068692 0.007444317 0.999957919 0.005362337 0.813835979 0.106550641 -0.006125164 0.994288385 24.275173187
0.993891239 -0.011262945 -0.109787516 -1.922590733 0.011276780 0.999936283 -0.000494911 0.819206357 0.109786101 -0.000746162 0.993954957 24.559370041
0.993455946 -0.026819687 -0.111022502 -1.934320807 0.026316131 0.999635696 -0.005998779 0.816439748 0.111142933 0.003037840 0.993799806 24.841613770
0.993088067 -0.038711403 -0.110803872 -1.947071791 0.037673950 0.999224603 -0.011442146 0.809456229 0.111160897 0.007188639 0.993776441 25.127201080
0.992730677 -0.044848271 -0.111689113 -1.969945431 0.043454517 0.998944521 -0.014883300 0.805643141 0.112238720 0.009921712 0.993631721 25.415819168
0.992758572 -0.041427743 -0.112756848 -2.009874344 0.039924510 0.999081552 -0.015558173 0.803352237 0.113297835 0.010943748 0.993500769 25.706346512
0.993096471 -0.034650356 -0.112066023 -2.061142445 0.033172913 0.999336720 -0.015022140 0.799091339 0.112512216 0.011200877 0.993587196 25.993501663
0.993339658 -0.025280664 -0.112415515 -2.110054016 0.023415776 0.999565899 -0.017878959 0.801643014 0.112818711 0.015127582 0.993500412 26.286043167
0.993164241 -0.021368984 -0.114752367 -2.151144743 0.018838672 0.999555886 -0.023089707 0.800075293 0.115194805 0.020770090 0.993125737 26.573259354
0.992992759 -0.024695301 -0.115565918 -2.181518555 0.021593526 0.999374211 -0.028015461 0.793692350 0.116185449 0.025323674 0.992904663 26.862201691
0.992967904 -0.025327342 -0.115642764 -2.217693567 0.021728182 0.999242723 -0.032278489 0.793587446 0.116372719 0.029538797 0.992766261 27.154285431
0.992674708 -0.027672712 -0.117605992 -2.248841524 0.024298958 0.999253750 -0.030024836 0.781196594 0.118349098 0.026947191 0.992606342 27.446693420
0.992506504 -0.029015472 -0.118696965 -2.278853178 0.026085367 0.999317229 -0.026165500 0.767714024 0.119375125 0.022873174 0.992585719 27.746883392
0.992531478 -0.029778689 -0.118298106 -2.319080830 0.026767096 0.999277949 -0.026965782 0.758389294 0.119015694 0.023597892 0.992611885 28.034683228
0.992464781 -0.028548894 -0.119157739 -2.357014894 0.025177408 0.999241590 -0.029704750 0.753600419 0.119915403 0.026480837 0.992430866 28.319187164
0.992373645 -0.026593860 -0.120363355 -2.394328356 0.023004578 0.999251127 -0.031112533 0.745199680 0.121100619 0.028106350 0.992242217 28.611867905
0.992450655 -0.027575405 -0.119504392 -2.432026148 0.024028420 0.999229848 -0.031021006 0.740097702 0.120267779 0.027915316 0.992348909 28.899568558
0.992394626 -0.023271494 -0.120877430 -2.471262217 0.019768624 0.999351442 -0.030097643 0.729962289 0.121499449 0.027479159 0.992211044 29.192199707
0.992426157 -0.022389982 -0.120784909 -2.514521122 0.019014940 0.999397874 -0.029023295 0.723005533 0.121362008 0.026506761 0.992254317 29.471710205
0.992348671 -0.021865435 -0.121515326 -2.549395561 0.018605417 0.999437630 -0.027898349 0.714375556 0.122056991 0.025424046 0.992197394 29.763898849
0.992482901 -0.018975085 -0.120903522 -2.591372013 0.015718827 0.999489069 -0.027829805 0.707790494 0.121369824 0.025720144 0.992274046 30.057336807
0.992484987 -0.016818916 -0.121205054 -2.631825209 0.013432954 0.999497831 -0.028699012 0.699513197 0.121626876 0.026855197 0.992212534 30.347541809
0.992372394 -0.013116518 -0.122576460 -2.676934242 0.009608780 0.999528468 -0.029164208 0.690425873 0.122901194 0.027763944 0.992030501 30.630674362
0.992371559 -0.012158454 -0.122681729 -2.722164154 0.008671606 0.999544203 -0.028915949 0.681622565 0.122977391 0.027631519 0.992024720 30.910745621
0.992087305 -0.012348664 -0.124941267 -2.757387161 0.008856137 0.999555409 -0.028470283 0.671943009 0.125237286 0.027138509 0.991755605 31.210083008
0.991791427 -0.016728424 -0.126767278 -2.793302059 0.013218184 0.999506950 -0.028481280 0.665180624 0.127181217 0.026571855 0.991523504 31.501914978
0.991644025 -0.016606880 -0.127930850 -2.833597422 0.013113202 0.999518991 -0.028103184 0.657554686 0.128336027 0.026190773 0.991384864 31.793224335
0.991625667 -0.012256139 -0.128562540 -2.879751444 0.008567936 0.999536812 -0.029201953 0.654629529 0.128860891 0.027855890 0.991271377 32.081348419
0.991391718 -0.010053219 -0.130542740 -2.925017118 0.006178187 0.999529123 -0.030055152 0.646325290 0.130783424 0.028989911 0.990987003 32.375419617
0.991246939 -0.006655140 -0.131852925 -2.974123478 0.002561212 0.999510050 -0.031194497 0.632791638 0.131995931 0.030583747 0.990778327 32.666839600
0.991319597 -0.002433584 -0.131451711 -3.022918224 -0.001794406 0.999485135 -0.032035802 0.624756217 0.131461993 0.031993594 0.990804791 32.962944031
0.991305470 -0.000646545 -0.131578937 -3.066977501 -0.003439443 0.999518931 -0.030823875 0.613305688 0.131535560 0.031008435 0.990826368 33.264320374
0.991373062 -0.001140781 -0.131065443 -3.107248783 -0.002982202 0.999506950 -0.031256858 0.603189409 0.131036475 0.031378072 0.990880847 33.558105469
0.991579354 -0.003937912 -0.129440650 -3.145032883 -0.000029993 0.999530554 -0.030638015 0.594667733 0.129500523 0.030383905 0.991113722 33.861122131
0.991667211 -0.003884859 -0.128767565 -3.185487747 0.000038844 0.999554157 -0.029856956 0.589481711 0.128826141 0.029603161 0.991225243 34.164424896
0.991785705 -0.002474115 -0.127886727 -3.227225780 -0.001395965 0.999544024 -0.030163301 0.584855378 0.127903029 0.030094055 0.991329968 34.473705292
0.992076159 0.001971905 -0.125622526 -3.275684834 -0.005739641 0.999544203 -0.029637644 0.574774861 0.125506818 0.030123828 0.991635323 34.784721375
0.992320299 0.004778802 -0.123602636 -3.321738958 -0.008645866 0.999489129 -0.030768821 0.562788188 0.123392455 0.031601179 0.991854668 35.096179962
0.992497563 0.006826985 -0.122073792 -3.366924763 -0.010609669 0.999482632 -0.030363746 0.554385900 0.121803343 0.031431105 0.992056489 35.412647247
0.992814481 0.004152281 -0.119591855 -3.404008150 -0.007538949 0.999582827 -0.027880071 0.548488557 0.119426198 0.028581334 0.992431581 35.735046387
0.992979765 0.003106569 -0.118243374 -3.435258150 -0.006298909 0.999625385 -0.026633916 0.541690648 0.118116342 0.027191745 0.992627382 36.072093964
0.993139327 0.000406102 -0.116936594 -3.473346949 -0.003419010 0.999667287 -0.025565876 0.529689610 0.116887309 0.025790283 0.992810249 36.405044556
0.993309855 0.000501451 -0.115478367 -3.517322302 -0.003666531 0.999623358 -0.027197637 0.524338007 0.115421236 0.027439086 0.992937565 36.732875824
0.993660748 0.003238333 -0.112373725 -3.561626911 -0.006349214 0.999606133 -0.027336530 0.517324150 0.112240940 0.027876722 0.993289948 37.076980591
0.993625343 0.009935948 -0.112294219 -3.610442162 -0.013074627 0.999543190 -0.027248701 0.510048747 0.111972176 0.028543206 0.993301332 37.432777405
0.993809760 0.010131810 -0.110632338 -3.652010679 -0.012810339 0.999641120 -0.023527173 0.499266118 0.110354260 0.024798773 0.993582904 37.788536072
0.994100094 0.003987904 -0.108393230 -3.678699732 -0.006310372 0.999757648 -0.021091765 0.492167562 0.108282849 0.021651326 0.993884325 38.156116486
0.994266927 -0.002697538 -0.106892318 -3.711244822 0.000324436 0.999753237 -0.022212040 0.487282753 0.106925860 0.022050017 0.994022489 38.515758514
0.994410157 -0.007632463 -0.105309688 -3.739631891 0.005354173 0.999745846 -0.021899967 0.481187820 0.105450071 0.021213703 0.994198322 38.884529114
0.994603097 -0.005592538 -0.103602000 -3.785060406 0.003185751 0.999721527 -0.023382006 0.470425606 0.103703909 0.022925766 0.994343936 39.250263214
0.994793534 -0.003211612 -0.101859994 -3.829576731 0.000722407 0.999700427 -0.024464997 0.460852385 0.101908050 0.024264036 0.994497895 39.615360260
0.994811118 -0.001592934 -0.101726629 -3.868504524 -0.000870557 0.999707520 -0.024167791 0.451634556 0.101735376 0.024130946 0.994518757 39.989536285
0.994845271 -0.002495088 -0.101373881 -3.902211189 0.000106010 0.999722302 -0.023565555 0.444897830 0.101404525 0.023433335 0.994569242 40.371360779
0.994819582 -0.007419930 -0.101385094 -3.933429241 0.004956356 0.999686837 -0.024529506 0.439453632 0.101535350 0.023899931 0.994544804 40.744144440
0.994871080 -0.010795020 -0.100573547 -3.968502522 0.008259064 0.999638200 -0.025597308 0.431970417 0.100813486 0.024635376 0.994600296 41.111404419
0.994913399 -0.014922224 -0.099622697 -3.996032000 0.012459002 0.999602199 -0.025302069 0.434048474 0.099960633 0.023932168 0.994703531 41.509845734
0.995030582 -0.014958180 -0.098439917 -4.034568787 0.012725771 0.999648273 -0.023266857 0.422956049 0.098753326 0.021898512 0.994870961 41.892478943
0.995239079 -0.013085433 -0.096581087 -4.078674316 0.011046873 0.999705374 -0.021611875 0.409372628 0.096835434 0.020442063 0.995090485 42.267711639
0.995435774 -0.010553235 -0.094848506 -4.118503571 0.008483296 0.999717534 -0.022200437 0.403490335 0.095056005 0.021294480 0.995244145 42.631034851
0.995669365 -0.007133137 -0.092690937 -4.154047489 0.005027419 0.999724388 -0.022931308 0.403491378 0.092828967 0.022366006 0.995430827 42.998550415
0.995963335 -0.005912429 -0.089566045 -4.192273617 0.003933165 0.999744534 -0.022258768 0.388552755 0.089674771 0.021816639 0.995732129 43.352909088
0.996313632 -0.009198234 -0.085290730 -4.225967407 0.007133176 0.999674737 -0.024485214 0.371040076 0.085488208 0.023786560 0.996055186 43.724872589
0.996644974 -0.013634267 -0.080702357 -4.249465466 0.011429379 0.999550402 -0.027720431 0.362095475 0.081044018 0.026705051 0.996352732 44.086311340
0.996965289 -0.018312236 -0.075663038 -4.270086765 0.016119290 0.999435008 -0.029492838 0.351894021 0.076160371 0.028183701 0.996697187 44.453254700
0.997441888 -0.014516477 -0.069992520 -4.303079605 0.012534479 0.999510229 -0.028673828 0.348203599 0.070374481 0.027723156 0.997135341 44.817714691
0.997910023 -0.010502747 -0.063759200 -4.329898834 0.008772958 0.999587417 -0.027349645 0.336176276 0.064020142 0.026733128 0.997590482 45.193710327
0.998389661 -0.007308902 -0.056255728 -4.364111900 0.005861042 0.999648392 -0.025859214 0.325437486 0.056424949 0.025487855 0.998081446 45.569717407
0.998732984 -0.007103468 -0.049818885 -4.381061554 0.005879456 0.999678314 -0.024672899 0.316074908 0.049978118 0.024348732 0.998453438 45.942974091
0.998908579 -0.013661228 -0.044665765 -4.371273041 0.012621576 0.999644697 -0.023476016 0.315907866 0.044970606 0.022886641 0.998726130 46.330265045
0.999118626 -0.017262595 -0.038262129 -4.381919861 0.016403649 0.999608874 -0.022650385 0.305507600 0.038638167 0.022002783 0.999010980 46.708160400
0.999340832 -0.020055449 -0.030259257 -4.392805099 0.019367576 0.999551117 -0.022857048 0.294316500 0.030704083 0.022255933 0.999280691 47.086627960
0.999549508 -0.017709313 -0.024230393 -4.400408268 0.017155642 0.999591231 -0.022870470 0.278421581 0.024625508 0.022444479 0.999444783 47.468490601
0.999716282 -0.014700773 -0.018740056 -4.404992580 0.014290261 0.999659002 -0.021854447 0.277259201 0.019054944 0.021580447 0.999585509 47.868347168
0.999770880 -0.016130339 -0.014070993 -4.409377575 0.015828606 0.999647856 -0.021297777 0.281226099 0.014409578 0.021070175 0.999674141 48.247898102
0.999796867 -0.018085074 -0.008893842 -4.401684761 0.017886909 0.999600649 -0.021877600 0.272463173 0.009285948 0.021714075 0.999721110 48.625392914
0.999761641 -0.021561923 -0.003420816 -4.401265621 0.021470813 0.999463141 -0.024746399 0.260536313 0.003952560 0.024667054 0.999687910 49.001247406
0.999754786 -0.022111595 0.001180511 -4.403701782 0.022133732 0.999460697 -0.024256127 0.251134008 -0.000643533 0.024276309 0.999705076 49.371257782
0.999750733 -0.021759743 0.004993489 -4.399443626 0.021860527 0.999538243 -0.021104118 0.241171375 -0.004531963 0.021208018 0.999764800 49.746639252
0.999652028 -0.024931867 0.008612677 -4.385372162 0.025096212 0.999494195 -0.019532057 0.234131470 -0.008121351 0.019741405 0.999772131 50.124530792
0.999552310 -0.026904887 0.013086962 -4.376326561 0.027133262 0.999476910 -0.017597808 0.238316119 -0.012606649 0.017945021 0.999759495 50.498153687
0.999596775 -0.023353865 0.016151173 -4.372503281 0.023624806 0.999579847 -0.016793000 0.237074330 -0.015752206 0.017167797 0.999728501 50.877506256
0.999511003 -0.024972145 0.018819680 -4.368750572 0.025241558 0.999580264 -0.014216586 0.228491187 -0.018456763 0.014684672 0.999721825 51.242988586
0.999485075 -0.024835778 0.020318011 -4.359687805 0.025075827 0.999617696 -0.011646330 0.213320434 -0.020020999 0.012149825 0.999725759 51.609699249
0.999367356 -0.028219299 0.021645252 -4.349177361 0.028487677 0.999519765 -0.012192358 0.198880181 -0.021290798 0.012801268 0.999691367 51.971431732
0.999424875 -0.026148576 0.021590218 -4.341909409 0.026472000 0.999539495 -0.014832665 0.195510432 -0.021192422 0.015395670 0.999656856 52.327384949
0.999596715 -0.019174667 0.020946661 -4.344821930 0.019518569 0.999675989 -0.016338838 0.198588744 -0.020626582 0.016741099 0.999647081 52.685112000
0.999625504 -0.017732106 0.020843254 -4.342120171 0.018113798 0.999669015 -0.018268587 0.200186849 -0.020512417 0.018639294 0.999615848 53.040977478
0.999624074 -0.016385835 0.021982998 -4.339289188 0.016801000 0.999681413 -0.018835809 0.194040939 -0.021667354 0.019198064 0.999580920 53.399612427
0.999583840 -0.018068561 0.022486959 -4.331074238 0.018493822 0.999651253 -0.018849336 0.185526758 -0.022138538 0.019257361 0.999569416 53.750904083
0.999631524 -0.015789192 0.022080818 -4.324721336 0.016201874 0.999695003 -0.018637346 0.182281315 -0.021779815 0.018988229 0.999582469 54.107616425
0.999562442 -0.019120660 0.022569342 -4.316125870 0.019510323 0.999662161 -0.017173132 0.176185846 -0.022233354 0.017605951 0.999597788 54.477615356
0.999584854 -0.018382382 0.022185048 -4.308748245 0.018725524 0.999706686 -0.015359866 0.168336287 -0.021896191 0.015768915 0.999635875 54.828845978
0.999585748 -0.015627064 0.024168100 -4.313481808 0.016005907 0.999750793 -0.015562191 0.166373551 -0.023918886 0.015942577 0.999586761 55.194171906
0.999590516 -0.012728720 0.025627939 -4.316589832 0.013155323 0.999776542 -0.016546853 0.162688240 -0.025411593 0.016877221 0.999534607 55.545131683
0.999607801 -0.011714218 0.025436351 -4.313532352 0.012122283 0.999799311 -0.015948102 0.160174608 -0.025244426 0.016250195 0.999549210 55.898014069
0.999571860 -0.012396177 0.026503550 -4.304647923 0.012722454 0.999844909 -0.012177689 0.150770217 -0.026348483 0.012509665 0.999574542 56.255706787
0.999570310 -0.010607257 0.027325565 -4.289089203 0.010941445 0.999866784 -0.012109545 0.154615447 -0.027193477 0.012403323 0.999553263 56.602958679
0.999565721 -0.006362660 0.028773244 -4.292539597 0.006745579 0.999889731 -0.013230742 0.144864529 -0.028685888 0.013419088 0.999498427 56.958950043
0.999528110 -0.003280898 0.030542200 -4.297019958 0.003708215 0.999895871 -0.013944925 0.137179971 -0.030493269 0.014051601 0.999436200 57.326286316
0.999467492 -0.004287671 0.032347180 -4.287672997 0.004762731 0.999881744 -0.014623536 0.131182864 -0.032280654 0.014769809 0.999369681 57.677665710
0.999401033 -0.008817759 0.033464380 -4.270354748 0.009328866 0.999841750 -0.015147885 0.123077877 -0.033325512 0.015450997 0.999325097 58.028682709
0.999294519 -0.012688247 0.035347078 -4.246411324 0.013247610 0.999790013 -0.015635865 0.120451920 -0.035141263 0.016093099 0.999252796 58.379467010
0.999208570 -0.008794195 0.038792979 -4.242378712 0.009520219 0.999782205 -0.018570486 0.117465071 -0.038621217 0.018925108 0.999074697 58.731143951
0.999110341 -0.007008457 0.041586269 -4.230842590 0.007906617 0.999738157 -0.021472486 0.116898723 -0.041424893 0.021782190 0.998904169 59.069442749
0.998999417 -0.001691496 0.044691008 -4.221518517 0.002649195 0.999767959 -0.021378817 0.108987086 -0.044644475 0.021475820 0.998772085 59.416946411
0.998794556 -0.003050275 0.048991006 -4.202989578 0.004061343 0.999780536 -0.020551566 0.100463256 -0.048917565 0.020725762 0.998587787 59.764701843
0.998564482 0.000293542 0.053561773 -4.189592361 0.000874818 0.999762237 -0.021788567 0.087901644 -0.053555433 0.021804146 0.998326778 60.112472534
0.998223603 -0.002413781 0.059529595 -4.167523861 0.003785771 0.999729574 -0.022945192 0.082551129 -0.059458110 0.023129798 0.997962773 60.456764221
0.997866392 -0.003390142 0.065200560 -4.140514851 0.004773450 0.999766588 -0.021072134 0.078235961 -0.065113902 0.021338407 0.997649670 60.797912598
0.997369111 -0.007177249 0.072134502 -4.107354641 0.008617804 0.999769211 -0.019679055 0.076529726 -0.071976610 0.020248922 0.997200727 61.142852783
0.996775687 -0.007398661 0.079897024 -4.076356888 0.008807981 0.999811530 -0.017301215 0.069981828 -0.079753958 0.017949160 0.996652961 61.485813141
0.996140599 -0.007241691 0.087472647 -4.039112568 0.008837176 0.999801338 -0.017866366 0.064853340 -0.087325886 0.018570423 0.996006668 61.824871063
0.995571852 -0.005820291 0.093823269 -4.008970261 0.007470583 0.999823332 -0.017247738 0.061253712 -0.093706310 0.017872278 0.995439470 62.171962738
0.994990826 -0.007058640 0.099717036 -3.968654394 0.008564237 0.999855578 -0.014678685 0.053191431 -0.099599019 0.015459157 0.994907558 62.512187958
0.994358718 -0.005391472 0.105932161 -3.934249401 0.006712997 0.999903977 -0.012122596 0.044840142 -0.105856635 0.012765331 0.994299471 62.861858368
0.993737698 -0.003962218 0.111668035 -3.900210142 0.005275147 0.999920368 -0.011464423 0.038377013 -0.111613713 0.011981694 0.993679464 63.212535858
0.993346393 -0.002156066 0.115144640 -3.856900454 0.003610240 0.999916315 -0.012422053 0.033303954 -0.115108222 0.012755102 0.993271053 63.551597595
0.992824376 -0.005692662 0.119445942 -3.811367750 0.007522572 0.999861062 -0.014874700 0.032239869 -0.119344674 0.015666505 0.992729247 63.902881622
0.992322445 -0.009234903 0.123332173 -3.762016296 0.010963601 0.999850869 -0.013345276 0.030555982 -0.123190537 0.014594981 0.992275715 64.252899170
0.991712153 -0.012727425 0.127847433 -3.711470366 0.014311507 0.999831676 -0.011479416 0.028644051 -0.127679810 0.013213966 0.991727412 64.600891113
0.991391718 -0.010104321 0.130538583 -3.669569254 0.011474718 0.999886632 -0.009750109 0.025540814 -0.130425259 0.011164071 0.991395295 64.948226929
0.991020501 -0.010059105 0.133330896 -3.629242420 0.011237666 0.999904156 -0.008089778 0.024755672 -0.133236736 0.009515464 0.991038561 65.304252625
0.990768492 -0.011468988 0.135078698 -3.581282377 0.012541786 0.999896169 -0.007093711 0.020845300 -0.134983316 0.008722353 0.990809500 65.650527954
0.990499794 -0.014310678 0.136767372 -3.530230999 0.015452505 0.999854028 -0.007290584 0.016044863 -0.136643067 0.009334721 0.990576386 65.991935730
0.990148246 -0.014644118 0.139255285 -3.481324911 0.015737027 0.999853373 -0.006750323 0.011779021 -0.139136016 0.008875284 0.990233481 66.329467773
0.989904463 -0.013834165 0.141059592 -3.432849407 0.014688578 0.999879539 -0.005017664 0.008963786 -0.140973195 0.007038973 0.989988387 66.668937683
0.989658892 -0.012313495 0.142911181 -3.388806581 0.013466982 0.999884069 -0.007106868 0.009093083 -0.142807111 0.008957958 0.989709973 67.004936218
0.989316106 -0.011400457 0.145339698 -3.341794491 0.013035063 0.999862015 -0.010299423 0.005834162 -0.145202219 0.012083896 0.989328206 67.335502625
0.989020944 -0.011304333 0.147342578 -3.292746544 0.013326406 0.999830008 -0.012743655 0.004228443 -0.147173464 0.014567288 0.989003420 67.667129517
0.988774478 -0.011923556 0.148939162 -3.242789507 0.014156152 0.999802649 -0.013938829 0.002338294 -0.148743570 0.015890764 0.988748133 67.996078491
0.988528728 -0.012864824 0.150483996 -3.189952135 0.015080331 0.999793947 -0.013590593 -0.004555676 -0.150278151 0.015704039 0.988519013 68.329460144
0.988122225 -0.012449045 0.153164968 -3.135923624 0.014770166 0.999792516 -0.014025842 -0.012066543 -0.152958587 0.016121518 0.988101065 68.661140442
0.987790406 -0.011432322 0.155368745 -3.091283083 0.014133948 0.999767303 -0.016294887 -0.015730310 -0.155146301 0.018291907 0.987722158 68.992973328
0.987544715 -0.010154812 0.157010689 -3.042627811 0.013296780 0.999731541 -0.018973736 -0.017440159 -0.156775862 0.020825148 0.987414598 69.315895081
0.987203598 -0.009983712 0.159151927 -2.996451855 0.013117937 0.999739945 -0.018654881 -0.021114506 -0.158924296 0.020503910 0.987077832 69.646499634
0.987034857 -0.006599283 0.160370216 -2.947315454 0.009781988 0.999770403 -0.019064607 -0.028693099 -0.160207585 0.020386171 0.986872792 69.963172913
0.986941159 -0.001219955 0.161076680 -2.897495508 0.004760210 0.999755502 -0.021594627 -0.032676406 -0.161010951 0.022079384 0.986705601 70.298385620
0.986692309 -0.001446484 0.162592292 -2.845725775 0.004944392 0.999764919 -0.021110771 -0.034373410 -0.162523538 0.021633755 0.986467481 70.620857239
0.986503303 -0.002576797 0.163721010 -2.788825989 0.005576863 0.999824822 -0.017867282 -0.033139296 -0.163646281 0.018539183 0.986344874 70.945289612
0.986345649 -0.006411654 0.164563462 -2.730769396 0.008995519 0.999847591 -0.014960882 -0.038699411 -0.164442465 0.016236935 0.986253023 71.269538879
0.986039817 -0.009108810 0.166260242 -2.680847645 0.011586418 0.999835730 -0.013938128 -0.041974433 -0.166105971 0.015669910 0.985983372 71.592697144
0.985864997 -0.009246659 0.167286143 -2.629902363 0.011339651 0.999868870 -0.011560544 -0.054220222 -0.167157307 0.013294103 0.985840619 71.922569275
0.985793173 -0.008513634 0.167748004 -2.578380585 0.010558211 0.999880433 -0.011300262 -0.051727414 -0.167631730 0.012910840 0.985765159 72.255584717
0.985495687 -0.008076816 0.169508114 -2.531914711 0.009765715 0.999910593 -0.009132167 -0.056463510 -0.169419199 0.010655079 0.985486507 72.583366394
0.985484481 -0.002919530 0.169740349 -2.479303360 0.003853866 0.999979198 -0.005175298 -0.066575997 -0.169721708 0.005754332 0.985475242 72.931434631
0.985661387 -0.001863951 0.168725252 -2.423050165 0.002670228 0.999986053 -0.004551871 -0.071253136 -0.168714419 0.004937138 0.985652626 73.261329651
0.985483348 -0.001509054 0.169765294 -2.372865200 0.002801638 0.999968886 -0.007374658 -0.069162019 -0.169748887 0.007743224 0.985456944 73.586700439
0.985432804 -0.003250296 0.170034274 -2.311410904 0.005107873 0.999931931 -0.010488421 -0.068628713 -0.169988602 0.011204147 0.985382318 73.919120789
0.985369384 -0.007748066 0.170255959 -2.250257015 0.009978892 0.999875188 -0.012250950 -0.068586573 -0.170139790 0.013770676 0.985323727 74.256225586
0.985040069 -0.012455400 0.171874776 -2.189633846 0.014658944 0.999825776 -0.011557354 -0.071094528 -0.171700880 0.013903959 0.985051036 74.595932007
0.984682024 -0.013761814 0.173815742 -2.129749298 0.015820054 0.999820113 -0.010461569 -0.074152082 -0.173640504 0.013051094 0.984722614 74.933593750
0.984298825 -0.015795279 0.175801992 -2.069796562 0.018175455 0.999763548 -0.011936914 -0.074932605 -0.175571874 0.014944772 0.984353185 75.271957397
0.984091222 -0.012183227 0.177245632 -2.008895159 0.014858228 0.999794781 -0.013772561 -0.083944730 -0.177041456 0.016187012 0.984070301 75.607055664
0.983514309 -0.010596608 0.180519700 -1.948470354 0.013748203 0.999773979 -0.016216192 -0.092577219 -0.180307060 0.018430678 0.983437657 75.936599731
0.982967019 -0.007169602 0.183642015 -1.889986038 0.010835936 0.999761343 -0.018968849 -0.096107043 -0.183462188 0.020635687 0.982810140 76.268669128
0.982075095 -0.008191459 0.188311934 -1.823635221 0.011829968 0.999764264 -0.018205903 -0.098078445 -0.188118413 0.020107288 0.981940508 76.600120544
0.981265068 -0.009491852 0.192428663 -1.755906940 0.012788109 0.999791861 -0.015894974 -0.101342581 -0.192237735 0.018057980 0.981182218 76.931579590
0.980420589 -0.009660436 0.196677834 -1.686372757 0.013452642 0.999748290 -0.017954450 -0.105003037 -0.196454883 0.020248748 0.980303764 77.252777100
0.979324281 -0.013376124 0.201853976 -1.612702370 0.017941231 0.999622583 -0.020803191 -0.106905989 -0.201499537 0.023994580 0.979194641 77.571022034
0.978383243 -0.019257493 0.205901518 -1.531909943 0.023906577 0.999511838 -0.020114968 -0.112192228 -0.205413640 0.024602545 0.978365958 77.888977051
