1.000000000 0.000000000 0.000000000 0.000000000 0.000000000 1.000000000 0.000000000 0.000000000 0.000000000 0.000000000 1.000000000 0.000000000
0.999991715 0.003433937 -0.002196596 -0.009926225 -0.003434589 0.999994040 -0.000292822 -0.001179954 0.002195577 0.000300364 0.999997556 0.406013459
0.999973893 0.002559403 -0.006759990 -0.015389039 -0.002549973 0.999995768 0.001403303 -0.001042233 0.006763553 -0.001386029 0.999976158 0.800899029
0.999889374 -0.005018216 -0.014000568 -0.015692629 0.005051356 0.999984503 0.002332701 0.007090172 0.013988645 -0.002403165 0.999899268 1.195129275
0.999650419 -0.011769278 -0.023674166 -0.018919652 0.011833203 0.999926686 0.002561898 0.013965460 0.023642279 -0.002841143 0.999716461 1.587787509
0.999266982 -0.013698460 -0.035746455 -0.041533101 0.013811964 0.999900341 0.002930229 0.015946096 0.035702750 -0.003421810 0.999356568 1.982268810
0.998596430 -0.010022468 -0.052006770 -0.079290301 0.010294599 0.999934673 0.004967393 0.017284084 0.051953588 -0.005495810 0.998634398 2.374715805
0.997586608 -0.004011971 -0.069316715 -0.129896462 0.004577813 0.999957442 0.008006209 0.018321821 0.069281645 -0.008304206 0.997562587 2.775896549
0.996230841 0.000316295 -0.086740904 -0.192085207 0.000509966 0.999954700 0.009503304 0.020786202 0.086739987 -0.009511719 0.996185601 3.181932211
0.994428813 -0.000758465 -0.105407447 -0.247138023 0.001665766 0.999962330 0.008519786 0.028259987 0.105397008 -0.008647905 0.994392633 3.590590954
0.992256045 -0.007142050 -0.124003805 -0.302689761 0.008008108 0.999946892 0.006487088 0.036989320 0.123950891 -0.007429888 0.992260516 4.002407074
0.989742339 -0.010581771 -0.142471597 -0.371684164 0.011190720 0.999931335 0.003473565 0.041782662 0.142425060 -0.005032294 0.989792824 4.421830177
0.986797333 -0.011438615 -0.161555663 -0.453613937 0.011840920 0.999928713 0.001527574 0.045387667 0.161526680 -0.003420374 0.986862421 4.850774288
0.983680785 -0.006631607 -0.179800272 -0.563452899 0.006919994 0.999975562 0.000976749 0.051387195 0.179789409 -0.002205026 0.983702660 5.287478924
0.980338097 -0.000933304 -0.197322905 -0.674886584 0.001469669 0.999995589 0.002571789 0.060102522 0.197319627 -0.002811222 0.980335176 5.733067513
0.977026045 0.005217882 -0.213056013 -0.795275033 -0.004036827 0.999974012 0.005978061 0.072850585 0.213081658 -0.004980652 0.977021694 6.192215919
0.974037886 0.008505521 -0.226225168 -0.924232185 -0.006502796 0.999932826 0.009596548 0.081701621 0.226291582 -0.007876306 0.974027753 6.661677361
0.971401215 0.011729958 -0.237154216 -1.052768469 -0.008654768 0.999864459 0.014004039 0.087544948 0.237286344 -0.011551025 0.971371055 7.143920898
0.969802082 0.013469406 -0.243520990 -1.180740237 -0.008843618 0.999759316 0.020078786 0.096944265 0.243732825 -0.017318841 0.969687760 7.637865067
0.968713045 0.019147297 -0.247443736 -1.320469856 -0.013731172 0.999627292 0.023595644 0.112938024 0.247803301 -0.019459717 0.968614936 8.140604019
0.968145967 0.027536184 -0.248867750 -1.460653186 -0.022664256 0.999491692 0.022421053 0.128553718 0.249358639 -0.016066449 0.968277931 8.648929596
0.968775988 0.031363372 -0.245946065 -1.602704406 -0.026923805 0.999408543 0.021393668 0.145569265 0.246471569 -0.014103869 0.969047368 9.167605400
0.970248938 0.033513870 -0.239778683 -1.742676973 -0.028851347 0.999320686 0.022929965 0.162228599 0.240384266 -0.015329836 0.970556736 9.715632439
0.972004473 0.035058156 -0.232332259 -1.865918398 -0.029821040 0.999216616 0.026016647 0.183153793 0.233062342 -0.018359905 0.972288489 10.261723518
0.974153697 0.039778419 -0.222356141 -1.990678549 -0.034239464 0.999001145 0.028711533 0.205367267 0.223276138 -0.020356093 0.974542677 10.807952881
0.976678610 0.047171157 -0.209460616 -2.114974976 -0.040961679 0.998585880 0.033887297 0.219016641 0.210762918 -0.024517141 0.977229714 11.358794212
0.979683995 0.046496805 -0.195082933 -2.232454777 -0.040355317 0.998560190 0.035340875 0.239552349 0.196445301 -0.026750257 0.980149806 11.926638603
0.982679844 0.044879328 -0.179794699 -2.319045305 -0.039467741 0.998656929 0.033565499 0.253089339 0.181059629 -0.025888050 0.983131349 12.464528084
0.985669613 0.046352427 -0.162194088 -2.402574778 -0.041912459 0.998649776 0.030691661 0.272128016 0.163397729 -0.023453884 0.986281455 13.008126259
0.988419235 0.049666975 -0.143389538 -2.480132341 -0.046150889 0.998549104 0.027746001 0.299050212 0.144559547 -0.020807128 0.989277303 13.543133736
0.991016567 0.050401576 -0.123878486 -2.537078381 -0.047326233 0.998496830 0.027645910 0.311221480 0.125085682 -0.021534853 0.991912186 14.088726044
0.993734837 0.044726800 -0.102423437 -2.576658964 -0.041983709 0.998703599 0.028783867 0.326629907 0.103578061 -0.024303416 0.994324386 14.633686066
0.995991170 0.042099483 -0.078925610 -2.602105618 -0.039951198 0.998792112 0.028604053 0.335080743 0.080034494 -0.025336212 0.996470034 15.175884247
0.997602284 0.042278778 -0.054791920 -2.616661787 -0.040877175 0.998813927 0.026454074 0.350461453 0.055845376 -0.024150906 0.998147309 15.704579353
0.998587012 0.043059006 -0.031143490 -2.618580341 -0.042255539 0.998768151 0.026012866 0.368426383 0.032225214 -0.024660124 0.999176383 16.231849670
0.998926401 0.045741994 -0.007330512 -2.610268354 -0.045525290 0.998587012 0.027412396 0.385913134 0.008574052 -0.027049242 0.999597311 16.763055801
0.998785853 0.046168432 0.017185582 -2.588755369 -0.046665359 0.998467922 0.029734310 0.398506314 -0.015786467 -0.030500179 0.999410093 17.281688690
0.998022139 0.047374927 0.041321039 -2.555253506 -0.048761882 0.998257518 0.033229098 0.408223271 -0.039674815 -0.035178266 0.998593211 17.805652618
0.996781468 0.046167281 0.065538406 -2.505785227 -0.048462536 0.998250425 0.033874001 0.423337907 -0.063859873 -0.036941137 0.997274935 18.325342178
0.995106816 0.044868656 0.088030040 -2.442014933 -0.047894314 0.998321474 0.032564051 0.438198239 -0.086421177 -0.036620848 0.995585382 18.827339172
0.993027389 0.044686940 0.109085500 -2.403092623 -0.048260704 0.998373806 0.030342553 0.445684612 -0.107552193 -0.035395529 0.993569136 19.278495789
0.990770102 0.047106393 0.127104759 -2.332947016 -0.051150203 0.998277366 0.028738875 0.464141905 -0.125532016 -0.034975052 0.991472900 19.774045944
0.988623857 0.049612202 0.141991124 -2.262395859 -0.054017611 0.998165667 0.027339065 0.478493661 -0.140374303 -0.034698073 0.989490330 20.262693405
0.987037659 0.049035303 0.152814284 -2.178767443 -0.053611789 0.998224080 0.025970323 0.494241059 -0.151269436 -0.033826333 0.987913609 20.745927811
0.985883474 0.045686036 0.161079466 -2.100586176 -0.050549675 0.998377204 0.026224263 0.507929921 -0.159619972 -0.033996582 0.986592948 21.222705841
0.984888554 0.044272613 0.167435020 -2.012613773 -0.049422618 0.998420596 0.026715342 0.520360053 -0.165987819 -0.034586713 0.985521078 21.708982468
0.984152853 0.046382345 0.171148688 -1.936962605 -0.051885635 0.998265445 0.027820863 0.533649623 -0.169561431 -0.036260139 0.984852314 22.183389664
0.984068930 0.046617709 0.171566606 -1.856084704 -0.052063148 0.998268485 0.027375586 0.543874025 -0.169993356 -0.035871763 0.984792113 22.659486771
0.984214127 0.047412008 0.170513019 -1.777713060 -0.052874908 0.998218596 0.027638255 0.559059620 -0.168898880 -0.036217820 0.984967709 23.128858566
0.984208584 0.049132764 0.170057207 -1.709884644 -0.054750893 0.998093128 0.028503491 0.573057830 -0.168332472 -0.037364163 0.985021889 23.590822220
0.984247029 0.050883327 0.169318229 -1.638454199 -0.056631200 0.997965455 0.029289739 0.591722190 -0.167483374 -0.038417034 0.985126138 24.054533005
0.984243572 0.052895032 0.168720737 -1.582996368 -0.058689065 0.997839212 0.029537572 0.607754588 -0.166793779 -0.038974226 0.985221207 24.500257492
0.984802246 0.052347094 0.165602773 -1.495041370 -0.058105081 0.997856140 0.030115109 0.618276477 -0.163671315 -0.039279789 0.985732615 24.978017807
0.985491395 0.050546244 0.162023962 -1.430659175 -0.056224182 0.997947633 0.030649435 0.624308467 -0.160142213 -0.039314419 0.986310720 25.435503006
0.986118436 0.050671633 0.158122629 -1.365911365 -0.056200482 0.997947752 0.030689443 0.636339545 -0.156243026 -0.039149992 0.986942470 25.877899170
0.986790597 0.052299347 0.153326809 -1.307787895 -0.057572719 0.997885823 0.030154150 0.651327610 -0.151425615 -0.038583271 0.987715364 26.313442230
0.987609446 0.052654814 0.147834554 -1.255470395 -0.057493731 0.997934699 0.028648822 0.664096117 -0.146020725 -0.036793407 0.988597095 26.730247498
0.988475978 0.052628670 0.141934812 -1.203376412 -0.057028666 0.998004377 0.027109774 0.674261570 -0.140224829 -0.034891713 0.989504695 27.127164841
0.989342093 0.052759945 0.135715321 -1.157057762 -0.056721207 0.998064697 0.025485974 0.686233580 -0.134108037 -0.032912284 0.990420043 27.514514923
0.990296841 0.054514851 0.127829060 -1.123148203 -0.058076181 0.998016417 0.024297625 0.697504938 -0.126250908 -0.031485684 0.991498530 27.890907288
0.991470814 0.053718772 0.118742973 -1.084568501 -0.056903735 0.998100817 0.023594160 0.705294847 -0.117250010 -0.030149840 0.992644668 28.263454437
0.992616951 0.053065781 0.109066889 -1.059906363 -0.055909395 0.998166740 0.023179514 0.714703858 -0.107636906 -0.029106243 0.993764102 28.604080200
0.993816257 0.051617444 0.098310165 -1.028143167 -0.054157421 0.998259485 0.023343690 0.724838495 -0.096934110 -0.028523564 0.994881988 28.969270706
0.994792581 0.051547289 0.087923929 -1.006375194 -0.053901818 0.998242736 0.024616972 0.735420823 -0.086500488 -0.029228039 0.995822966 29.303457260
0.995553792 0.051737584 0.078714050 -0.997697294 -0.053959787 0.998194873 0.026369886 0.743051410 -0.077207647 -0.030500034 0.996548414 29.622209549
0.996226072 0.052177120 0.069362156 -0.981794715 -0.054171316 0.998161495 0.027186137 0.752404213 -0.067816138 -0.030840978 0.997221053 29.943922043
0.996831298 0.051782791 0.060381368 -0.972787440 -0.053549930 0.998171866 0.028023891 0.758852661 -0.058819827 -0.031168509 0.997781932 30.237625122
0.997264445 0.052460406 0.052072648 -0.968781650 -0.053994533 0.998134315 0.028504334 0.771330357 -0.050480150 -0.031237997 0.998236418 30.523056030
0.997603476 0.053475857 0.043904815 -0.973997533 -0.054798990 0.998061359 0.029506506 0.774691820 -0.042241812 -0.031841733 0.998599887 30.785007477
0.997896194 0.054401606 0.035264920 -0.978877008 -0.055509221 0.997969687 0.031228898 0.776512980 -0.033494420 -0.033120725 0.998889983 31.027156830
0.998204410 0.053685304 0.026568709 -0.989004731 -0.054522038 0.998004794 0.031839911 0.794470429 -0.024806364 -0.033231318 0.999139786 31.262830734
0.998409271 0.053584561 0.017538702 -0.997144043 -0.054126266 0.998020411 0.032025244 0.809185982 -0.015787924 -0.032923605 0.999333143 31.500633240
0.998564303 0.052770350 0.009196902 -1.002472043 -0.053030033 0.998119414 0.030748261 0.808560550 -0.007557010 -0.031191828 0.999484837 31.712121964
0.998593032 0.053026486 0.000446346 -0.998813987 -0.053017806 0.998190820 0.028358631 0.810605645 0.001058220 -0.028342396 0.999597728 31.928085327
0.998593688 0.052451417 -0.007715473 -1.000439763 -0.052226964 0.998273551 0.026874151 0.809395432 0.009111741 -0.026433401 0.999609053 32.119815826
0.998463154 0.053175125 -0.015613814 -1.008986831 -0.052749671 0.998256028 0.026501345 0.817520082 0.016995797 -0.025636991 0.999526858 32.308986664
0.998276293 0.053781148 -0.023494072 -1.023284316 -0.053136032 0.998214841 0.027270583 0.825028241 0.024918776 -0.025975196 0.999351978 32.489925385
0.998043954 0.054244984 -0.031077247 -1.037137151 -0.053370543 0.998173416 0.028308732 0.829322457 0.032556091 -0.026594749 0.999116004 32.651741028
0.997754753 0.054828431 -0.038461886 -1.052904844 -0.053720955 0.998127162 0.029260458 0.834655702 0.039994162 -0.027128551 0.998831570 32.800975800
0.997381985 0.055848129 -0.045936119 -1.069234133 -0.054479722 0.998048306 0.030521469 0.845734239 0.047551032 -0.027938979 0.998477995 32.943794250
0.996820629 0.058251213 -0.054363642 -1.083981752 -0.056573909 0.997888684 0.031899732 0.850463092 0.056107063 -0.028722748 0.998011529 33.081821442
0.996301234 0.059046350 -0.062429108 -1.105104446 -0.057055563 0.997818649 0.033205990 0.854786098 0.064253621 -0.029521240 0.997496843 33.207859039
0.995764732 0.058930196 -0.070567511 -1.123904943 -0.056635227 0.997812629 0.034094006 0.862378359 0.072422318 -0.029953001 0.996924162 33.337951660
0.995113969 0.057491466 -0.080268078 -1.137679100 -0.054827143 0.997881770 0.035013098 0.866254330 0.082111008 -0.030441156 0.996158183 33.472648621
0.994329870 0.056505989 -0.090084478 -1.161185265 -0.053441089 0.997918963 0.036080908 0.872666359 0.091935799 -0.031062111 0.995280325 33.598049164
0.993412077 0.056250434 -0.099841394 -1.188261151 -0.052798521 0.997923613 0.036887970 0.878055334 0.101709053 -0.031373478 0.994319379 33.715847015
0.992070854 0.056834348 -0.112095021 -1.209963918 -0.053165488 0.997956097 0.035454348 0.886682272 0.113880940 -0.029213639 0.993064821 33.848537445
0.990254939 0.057422470 -0.126877099 -1.239998221 -0.053713258 0.998028398 0.032467928 0.898004174 0.128491327 -0.025336545 0.991386950 33.984390259
0.988126040 0.056529924 -0.142868206 -1.277143836 -0.052831575 0.998166084 0.029551718 0.904372156 0.144276753 -0.021652870 0.989300430 34.128787994
0.985275626 0.055687595 -0.161650434 -1.320321560 -0.051715113 0.998249888 0.028682226 0.911675751 0.162964776 -0.019900128 0.986431181 34.289352417
0.981391966 0.055847060 -0.183714360 -1.379554152 -0.050937951 0.998210073 0.031336706 0.917461932 0.185135573 -0.021395558 0.982480049 34.457809448
0.976538658 0.055063095 -0.208183438 -1.454610348 -0.048661623 0.998175323 0.035750523 0.917141318 0.209772095 -0.024781223 0.977436244 34.636821747
0.970365524 0.053188570 -0.235715419 -1.526330471 -0.045163456 0.998205543 0.039318867 0.927928686 0.237383753 -0.027507951 0.971026421 34.836555481
0.962481976 0.052165300 -0.266284227 -1.615784407 -0.042351779 0.998199761 0.042468049 0.935749412 0.268020213 -0.029597120 0.962958574 35.040367126
0.952254653 0.052245166 -0.300801396 -1.720438004 -0.040184665 0.998126030 0.046147488 0.947977185 0.302648693 -0.031856559 0.952569664 35.256141663
0.940169036 0.051724121 -0.336759239 -1.839698672 -0.036803927 0.998043478 0.050543562 0.970511675 0.338714689 -0.035125431 0.940233231 35.492763519
0.925366163 0.053483542 -0.375282496 -1.973545313 -0.035698205 0.997892261 0.054190919 0.990564823 0.377389818 -0.036749531 0.925325036 35.716484070
0.907669604 0.055013746 -0.416064143 -2.126353979 -0.034537483 0.997800052 0.056587663 1.013082504 0.418261945 -0.036993094 0.907572865 35.958648682
0.887005210 0.055934649 -0.458359122 -2.289516449 -0.032786697 0.997759938 0.058311008 1.040100932 0.460593969 -0.036694087 0.886852145 36.188865662
0.863924861 0.058992341 -0.500153720 -2.469814539 -0.031892490 0.997530937 0.062568717 1.060678959 0.502609909 -0.038103528 0.863673210 36.422821045
0.837969840 0.062448904 -0.542131662 -2.651346445 -0.030466655 0.997234941 0.067780763 1.079017043 0.544865489 -0.040281303 0.837555408 36.650085449
0.809199572 0.064976633 -0.583929837 -2.851048470 -0.027211795 0.996944129 0.073225074 1.105099201 0.586903334 -0.043363921 0.808494925 36.870864868
0.777614892 0.068158761 -0.625035584 -3.071516514 -0.021713177 0.996424973 0.081644326 1.132565498 0.628365874 -0.049916334 0.776314855 37.099311829
0.744973183 0.067233898 -0.663697720 -3.301523447 -0.012188595 0.996113896 0.087227136 1.158962488 0.666983128 -0.056892335 0.742897630 37.314216614
0.709452927 0.062317528 -0.701992273 -3.554803610 -0.002756475 0.996320605 0.085659996 1.185968161 0.704747498 -0.058836710 0.707014322 37.538108826
0.672086775 0.056393564 -0.738321841 -3.833291531 0.004779226 0.996744573 0.080482565 1.220293760 0.740456998 -0.057619877 0.669629335 37.737373352
0.632268488 0.056300294 -0.772701025 -4.138544559 0.007028397 0.996898234 0.078386724 1.259954095 0.774717510 -0.054992307 0.629911661 37.934066772
0.590281665 0.060959071 -0.804892302 -4.472934723 0.006761813 0.996735930 0.080447383 1.293763757 0.807169080 -0.052929148 0.587942719 38.115432739
0.546185613 0.062506765 -0.835328817 -4.827075958 0.009007559 0.996716082 0.080472864 1.329019666 0.837615788 -0.051477395 0.543828964 38.303607941
0.501215696 0.062023435 -0.863096774 -5.188706398 0.009795103 0.996957362 0.077331059 1.373734951 0.865267038 -0.047213666 0.499083161 38.458724976
0.455121934 0.061120041 -0.888329089 -5.562978745 0.014625890 0.996993661 0.076089896 1.420065165 0.890309095 -0.047622789 0.452859759 38.603176117
0.409874558 0.061670177 -0.910054862 -5.967745781 0.024844231 0.996586859 0.078723520 1.455298185 0.911803603 -0.054876383 0.406943500 38.751819611
0.365564704 0.058358960 -0.928954542 -6.379772186 0.039260745 0.996177495 0.078032039 1.488886476 0.929957509 -0.064997211 0.361876070 38.889335632
0.319245279 0.058709539 -0.945851862 -6.804149628 0.044776782 0.996029973 0.076937251 1.528697729 0.946613729 -0.066914052 0.315349042 39.009769440
0.273570359 0.060393602 -0.959954143 -7.263240814 0.045945555 0.996067047 0.075759269 1.564259410 0.960754097 -0.064831123 0.269719601 39.101886749
0.229446769 0.063477322 -0.971249163 -7.743848801 0.041916102 0.996300936 0.075016834 1.602579594 0.972418308 -0.057923354 0.225937307 39.166854858
0.189579010 0.062228955 -0.979891598 -8.237346649 0.046217754 0.996317744 0.072213851 1.639968634 0.980777204 -0.058978625 0.186004877 39.229450226
0.153653562 0.059764892 -0.986315727 -8.728345871 0.051604860 0.996321678 0.068410471 1.678945899 0.986776352 -0.061410196 0.150004208 39.282485962
0.121865749 0.057267714 -0.990893185 -9.251346588 0.056756791 0.996298432 0.064560398 1.715155482 0.990922630 -0.064107619 0.118164301 39.323585510
0.093135595 0.056098241 -0.994071901 -9.789291382 0.055354636 0.996575534 0.061425775 1.754216075 0.994113624 -0.060747415 0.089711368 39.350776672
0.066780508 0.055286124 -0.996234834 -10.351980209 0.053320140 0.996839225 0.058893871 1.793124914 0.996342003 -0.057052344 0.063621581 39.358306885
0.042333484 0.055929448 -0.997536898 -10.923397064 0.053740617 0.996859074 0.058172088 1.835487485 0.997657180 -0.056070875 0.039194822 39.363407135
0.020867646 0.058611255 -0.998062789 -11.507551193 0.058112901 0.996521235 0.059735760 1.876858473 0.998091936 -0.059246864 0.017388999 39.364013672
0.003428221 0.062638588 -0.998030484 -12.113378525 0.066198625 0.995832801 0.062728055 1.911069393 0.997800708 -0.066283286 -0.000732660 39.361865997
-0.011692166 0.064574152 -0.997844517 -12.737033844 0.071633965 0.995402694 0.063576780 1.943267822 0.997362554 -0.070736207 -0.016264200 39.347835541
