1.000000000 0.000000000 0.000000000 0.000000000 0.000000000 1.000000000 0.000000000 0.000000000 0.000000000 0.000000000 1.000000000 0.000000000
0.999989986 0.000757523 0.004413784 0.001332097 -0.000755757 0.999999642 -0.000401692 0.008086437 -0.004414087 0.000398352 0.999990165 1.276021123
0.999960840 -0.000412798 0.008839987 0.006904020 0.000425846 0.999998808 -0.001474194 0.004856094 -0.008839368 0.001477901 0.999959826 2.527431011
0.999921739 -0.000940834 0.012477079 0.020961029 0.000979091 0.999994814 -0.003060434 0.009693277 -0.012474135 0.003072411 0.999917448 3.790621758
0.999864876 -0.001904856 0.016327998 0.042918123 0.001954108 0.999993563 -0.003001028 0.008098694 -0.016322177 0.003032529 0.999862194 5.050452232
0.999796391 -0.001314337 0.020136219 0.061495744 0.001343824 0.999998033 -0.001450931 0.010242100 -0.020134272 0.001477695 0.999796212 6.307600975
0.999713659 0.000250047 0.023927446 0.097228140 -0.000259079 0.999999881 0.000374350 0.013008838 -0.023927351 -0.000380442 0.999713600 7.576871872
0.999613464 0.003564152 0.027572593 0.124274813 -0.003590970 0.999993145 0.000923168 0.016623739 -0.027569113 -0.001021824 0.999619365 8.840231895
0.999493182 0.005355984 0.031379547 0.153353050 -0.005347078 0.999985635 -0.000367699 0.018181220 -0.031381067 0.000199724 0.999507487 10.095252991
0.999384046 0.007763896 0.034223404 0.191477612 -0.007709175 0.999968767 -0.001730589 0.025863156 -0.034235772 0.001465689 0.999412715 11.340758324
0.999305785 0.006089079 0.036754694 0.239800215 -0.005948460 0.999974549 -0.003934023 0.024027174 -0.036777712 0.003712659 0.999316573 12.602467537
0.999214411 0.006264139 0.039131586 0.283838093 -0.005969566 0.999952972 -0.007640056 0.022332955 -0.039177604 0.007400456 0.999204874 13.859533310
0.999146760 0.001532131 0.041272987 0.347439319 -0.001205353 0.999967754 -0.007941206 0.013814005 -0.041283824 0.007884681 0.999116361 15.124147415
0.999040306 -0.000349875 0.043798290 0.393317550 0.000629607 0.999979496 -0.006373200 0.010557238 -0.043795165 0.006394659 0.999020040 16.381587982
0.998915255 -0.003843672 0.046406843 0.460190058 0.004026901 0.999984443 -0.003855479 0.007445799 -0.046391301 0.004038172 0.998915195 17.652311325
0.998782873 -0.003263300 0.049215231 0.520718932 0.003374728 0.999991953 -0.002181176 0.012424779 -0.049207717 0.002344609 0.998785794 18.912281036
0.998567164 -0.005603865 0.053219080 0.589505136 0.005707637 0.999982119 -0.001798117 0.000388933 -0.053208049 0.002099296 0.998581231 20.185901642
0.998342395 -0.004559160 0.057373147 0.652549267 0.004745567 0.999983907 -0.003113199 0.000817047 -0.057358030 0.003380307 0.998347938 21.447586060
0.998115540 -0.004367366 0.061207373 0.728549063 0.004607014 0.999982238 -0.003774774 0.001168901 -0.061189801 0.004049644 0.998117924 22.693470001
0.997875571 -0.006235689 0.064849138 0.814363360 0.006321652 0.999979377 -0.001120473 0.000508045 -0.064840816 0.001528046 0.997894466 23.977893829
0.997616231 -0.006681253 0.068681739 0.901086509 0.006646431 0.999977648 0.000735504 0.002069522 -0.068685114 -0.000277262 0.997638345 25.226688385
0.997375727 -0.007229659 0.072037257 0.988245249 0.007205918 0.999973834 0.000589441 0.004574415 -0.072039634 -0.000068799 0.997401774 26.502588272
0.997193635 -0.008445605 0.074388027 1.083309770 0.008629328 0.999960482 -0.002148719 0.008830009 -0.074366942 0.002784607 0.997227073 27.738962173
0.997076988 -0.008470101 0.075932771 1.176023841 0.008695352 0.999958694 -0.002636324 0.013287120 -0.075907305 0.003288880 0.997109473 29.012712479
0.997032106 -0.007871390 0.076583743 1.273931861 0.008167583 0.999960303 -0.003555114 0.012328586 -0.076552719 0.004170067 0.997056842 30.244970322
0.996968329 -0.005440939 0.077618293 1.362793326 0.005856951 0.999969661 -0.005133071 0.003978699 -0.077588014 0.005572115 0.996969938 31.517713547
0.996878862 -0.004577992 0.078813814 1.452984929 0.005287924 0.999947309 -0.008801349 -0.003066327 -0.078769371 0.009190639 0.996850491 32.754249573
0.996759653 -0.007449469 0.080092087 1.550627828 0.008110541 0.999935627 -0.007931747 -0.008492468 -0.080027848 0.008555635 0.996755898 33.993633270
0.996721566 -0.006673086 0.080632225 1.646431327 0.007038717 0.999966204 -0.004251163 -0.014085542 -0.080601126 0.004804773 0.996734858 35.235435486
0.996618450 -0.010055031 0.081551336 1.755308270 0.010142066 0.999948382 -0.000653061 -0.013682446 -0.081540555 0.001477952 0.996668935 36.492527008
0.996485770 -0.011768361 0.082931384 1.856211901 0.011752076 0.999930680 0.000684523 -0.011935148 -0.082933694 0.000292498 0.996555030 37.728080750
0.996363521 -0.011210597 0.084463418 1.963062525 0.011220488 0.999936998 0.000357624 -0.009226073 -0.084462106 0.000591398 0.996426523 38.961563110
0.996336699 -0.009096314 0.085031912 2.064144373 0.009052040 0.999958634 0.000906221 -0.005029483 -0.085036635 -0.000133189 0.996377826 40.189239502
0.996232808 -0.009343668 0.086214535 2.161394358 0.009412402 0.999955654 -0.000390778 -0.008842619 -0.086207062 0.001200792 0.996276498 41.416416168
0.996134937 -0.007746758 0.087494075 2.265185595 0.007883157 0.999968171 -0.001213512 -0.005011993 -0.087481894 0.001898552 0.996164322 42.634651184
0.995944619 -0.006932680 0.089700833 2.364164829 0.006990238 0.999975502 -0.000327532 -0.008778857 -0.089696370 0.000953234 0.995968699 43.882404327
0.995752931 -0.005474143 0.091902554 2.469564676 0.005330525 0.999984145 0.001808107 -0.010423318 -0.091910996 -0.001310539 0.995766342 45.092811584
0.995448887 -0.005720533 0.095125169 2.580993652 0.005576883 0.999982893 0.001775903 -0.010359081 -0.095133699 -0.001237319 0.995463729 46.327537537
0.995177448 -0.005360318 0.097944513 2.697309971 0.005344171 0.999985635 0.000427210 -0.010668124 -0.097945400 0.000098282 0.995191813 47.548381805
0.994864881 -0.005459204 0.101064689 2.824990988 0.005444846 0.999985099 0.000417925 -0.006786580 -0.101065464 0.000134502 0.994879782 48.742473602
0.994548857 -0.004786069 0.104161464 2.941357136 0.004701048 0.999988377 0.001061730 -0.004180982 -0.104165338 -0.000566274 0.994559824 49.956142426
0.994235873 -0.004624110 0.107115291 3.069313288 0.004532932 0.999989152 0.001094677 -0.004768545 -0.107119188 -0.000602821 0.994246006 51.162979126
0.993846238 -0.003372138 0.110717207 3.193975210 0.003350455 0.999994338 0.000381885 -0.005600997 -0.110717863 -0.000008582 0.993851900 52.365013123
0.993510842 -0.003913887 0.113669962 3.333298683 0.003952298 0.999992192 -0.000112552 0.000199923 -0.113668635 0.000561079 0.993518531 53.548183441
0.993093133 -0.004836892 0.117228985 3.456321716 0.004934044 0.999987662 -0.000538542 -0.000347743 -0.117224932 0.001113235 0.993104756 54.748130798
0.992773235 -0.004852338 0.119907118 3.602033615 0.005150975 0.999984384 -0.002180755 -0.001303332 -0.119894661 0.002782634 0.992782712 55.923969269
0.992343426 -0.004570161 0.123424664 3.740327597 0.005121435 0.999978304 -0.004149582 -0.014445569 -0.123403020 0.004749922 0.992345273 57.111354828
0.991932452 -0.004433268 0.126690090 3.889855146 0.005057859 0.999976575 -0.004608802 -0.015693497 -0.126666680 0.005212400 0.991931617 58.279277802
0.991413355 -0.003094619 0.130728751 4.029771805 0.003581670 0.999987483 -0.003490706 -0.018514588 -0.130716324 0.003928960 0.991412044 59.461780548
0.990878582 -0.003395738 0.134714931 4.186843872 0.004020246 0.999982417 -0.004364012 -0.021643531 -0.134697735 0.004865794 0.990874767 60.622707367
0.990333736 -0.002793736 0.138676897 4.343770027 0.003213381 0.999990940 -0.002802263 -0.027602416 -0.138667807 0.003220798 0.990333736 61.807243347
0.989706695 -0.001897443 0.143097997 4.512139797 0.002166406 0.999996185 -0.001723792 -0.029399134 -0.143094182 0.002016057 0.989707053 62.960929871
0.988926291 -0.002930376 0.148378715 4.673681259 0.003171571 0.999993980 -0.001388961 -0.032441020 -0.148373753 0.001844174 0.988929629 64.152000427
0.988181710 -0.001608222 0.153278545 4.851216793 0.001924006 0.999996305 -0.001911890 -0.028197551 -0.153274909 0.002184203 0.988181174 65.296081543
0.987242341 -0.001858716 0.159213945 5.029354572 0.002141254 0.999996424 -0.001603046 -0.032071877 -0.159210399 0.001923513 0.987242818 66.478431702
0.986356020 -0.002665351 0.164604813 5.220337868 0.002922206 0.999994874 -0.001318301 -0.031700086 -0.164600462 0.001781323 0.986358702 67.633216858
0.985511363 -0.003188783 0.169579595 5.420049667 0.003366669 0.999994040 -0.000761448 -0.034823053 -0.169576153 0.001321334 0.985516191 68.782386780
0.984594941 -0.002869473 0.174827307 5.618796349 0.003098881 0.999994636 -0.001039224 -0.036816917 -0.174823388 0.001564983 0.984598577 69.916694641
0.983553648 -0.004144715 0.180568621 5.831530571 0.004805969 0.999983251 -0.003224721 -0.042510875 -0.180552229 0.004039493 0.983557105 71.054313660
0.982532322 -0.001739647 0.186083838 6.039441109 0.002448481 0.999990582 -0.003579468 -0.042263635 -0.186075866 0.003972566 0.982527375 72.185562134
0.981412232 -0.001453246 0.191906109 6.249883175 0.001891770 0.999996006 -0.002101890 -0.045396380 -0.191902280 0.002425862 0.981411040 73.303451538
0.980363905 -0.001351847 0.197192281 6.472514629 0.001530791 0.999998569 -0.000755034 -0.048306610 -0.197190970 0.001042068 0.980364561 74.402549744
0.979251742 -0.001136847 0.202644348 6.696125031 0.000949302 0.999999046 0.001022677 -0.050392114 -0.202645317 -0.000809088 0.979251862 75.497833252
0.978237033 -0.002267050 0.207478181 6.924255371 0.001921975 0.999996424 0.001864747 -0.052598208 -0.207481667 -0.001425397 0.978237867 76.578262329
0.977433085 -0.003271592 0.211220041 7.158565998 0.003019985 0.999994278 0.001513780 -0.052638695 -0.211223781 -0.000841738 0.977437377 77.634407043
0.976695657 -0.004973491 0.214571446 7.386560917 0.005237228 0.999986053 -0.000660644 -0.058171488 -0.214565173 0.001769007 0.976708055 78.694679260
0.976016998 -0.007172473 0.217576087 7.619039536 0.007781874 0.999967813 -0.001944142 -0.060759641 -0.217555150 0.003590666 0.976041436 79.721115112
0.975318551 -0.008211633 0.220649734 7.841095448 0.008566051 0.999963105 -0.000649438 -0.058980964 -0.220636263 0.002523506 0.975352883 80.725151062
0.974612534 -0.009834806 0.223682180 8.073992729 0.009551337 0.999951601 0.002349212 -0.069867782 -0.223694474 -0.000153107 0.974659324 81.753761292
0.974137127 -0.010126459 0.225730568 8.298719406 0.009479423 0.999947250 0.003950140 -0.074291773 -0.225758657 -0.001708183 0.974181771 82.742660522
0.973606646 -0.010979581 0.227968305 8.520782471 0.010445450 0.999939144 0.003549413 -0.073776148 -0.227993414 -0.001074501 0.973662078 83.699867249
0.973119140 -0.011610405 0.230009407 8.740105629 0.011432765 0.999932408 0.002105031 -0.074962027 -0.230018303 0.000581198 0.973186135 84.648551941
0.972729921 -0.011500193 0.231655359 8.963687897 0.011780611 0.999930620 0.000172848 -0.071854308 -0.231641278 0.002560907 0.972797930 85.581733704
0.972430766 -0.011697071 0.232898295 9.183182716 0.012525650 0.999919415 -0.002079017 -0.074490055 -0.232855201 0.004938903 0.972498894 86.504798889
0.972073793 -0.012978345 0.234316245 9.398880005 0.014232595 0.999891996 -0.003662523 -0.081113845 -0.234243408 0.006895170 0.972153544 87.410667419
0.971747637 -0.014439246 0.235580191 9.623215675 0.015910039 0.999863982 -0.004343577 -0.085972548 -0.235485435 0.007968951 0.971845210 88.313339233
0.971396387 -0.014727720 0.237006560 9.842422485 0.015605602 0.999876559 -0.001828325 -0.086545929 -0.236950368 0.005474659 0.971506357 89.209320068
0.971014202 -0.012754714 0.238681287 10.053183556 0.012789982 0.999917209 0.001401048 -0.086710468 -0.238679394 0.001692292 0.971096933 90.093154907
0.970651805 -0.011983526 0.240190417 10.273503304 0.011614047 0.999928176 0.002953782 -0.091956615 -0.240208566 -0.000077511 0.970721304 90.968467712
0.970181346 -0.009320051 0.242200866 10.475114822 0.009294493 0.999956012 0.001248130 -0.093582630 -0.242201850 0.001040222 0.970225334 91.816375732
0.969731688 -0.008080659 0.244039282 10.684422493 0.008480982 0.999963880 -0.000589698 -0.093664154 -0.244025692 0.002641541 0.969765186 92.640762329
0.969211221 -0.007306624 0.246122420 10.883432388 0.007957622 0.999966979 -0.001650536 -0.093802132 -0.246102229 0.003558268 0.969237328 93.481559753
0.968791306 -0.006461938 0.247793481 11.079710007 0.007117148 0.999973118 -0.001748500 -0.101786785 -0.247775525 0.003457514 0.968811274 94.293487549
0.968472719 -0.006553208 0.249033496 11.292254448 0.007284072 0.999971449 -0.002013401 -0.106989279 -0.249013186 0.003763902 0.968492806 95.066787720
0.968111157 -0.007852024 0.250398070 11.491142273 0.008666954 0.999960124 -0.002152026 -0.110530406 -0.250371188 0.004253589 0.968140602 95.828536987
0.967686176 -0.008249751 0.252022535 11.686338425 0.008989362 0.999957979 -0.001783479 -0.111674249 -0.251997232 0.003991370 0.967719734 96.599685669
0.967337847 -0.008188308 0.253358245 11.883931160 0.008915127 0.999958754 -0.001720765 -0.114193924 -0.253333718 0.003923282 0.967370987 97.334693909
0.966905594 -0.008801568 0.254982561 12.068172455 0.009412741 0.999954998 -0.001176788 -0.122367412 -0.254960716 0.003537928 0.966944933 98.044265747
0.966602087 -0.008842893 0.256129384 12.253385544 0.009404072 0.999955297 -0.000966299 -0.124639235 -0.256109387 0.003342685 0.966642022 98.729331970
0.966051877 -0.009828903 0.258161038 12.433284760 0.010318926 0.999946594 -0.000543227 -0.129977614 -0.258141935 0.003188730 0.966101766 99.409988403
0.965686619 -0.009910352 0.259520918 12.605862617 0.010337868 0.999946535 -0.000282518 -0.133985862 -0.259504229 0.002955716 0.965737462 100.064422607
0.965284169 -0.010159757 0.261004269 12.780207634 0.010637571 0.999943316 -0.000417993 -0.136979714 -0.260985255 0.003179933 0.965337574 100.712615967
0.964825690 -0.009874757 0.262704879 12.945197105 0.010409356 0.999945641 -0.000643284 -0.138462156 -0.262684226 0.003355246 0.964875996 101.318244934
0.964385867 -0.009495628 0.264328837 13.107286453 0.010016489 0.999949634 -0.000622746 -0.134063482 -0.264309615 0.003248214 0.964432418 101.914390564
0.963939130 -0.008952197 0.265972197 13.265954971 0.009270373 0.999957025 0.000059167 -0.140081853 -0.265961289 0.002408628 0.963980675 102.494735718
0.963441312 -0.008843496 0.267773390 13.420948982 0.009270713 0.999956965 -0.000331148 -0.145063788 -0.267758936 0.002801492 0.963481843 103.051780701
0.963043392 -0.009083257 0.269193143 13.575242043 0.009510987 0.999954700 -0.000284733 -0.146137148 -0.269178361 0.002834503 0.963086188 103.580650330
0.962609708 -0.009268793 0.270733625 13.718302727 0.009611383 0.999953806 0.000060410 -0.147797272 -0.270721674 0.002543973 0.962654293 104.095130920
0.962125421 -0.008980101 0.272459149 13.856018066 0.009328514 0.999956489 0.000016551 -0.150000557 -0.272447437 0.002525715 0.962167382 104.591003418
0.961710453 -0.008656589 0.273930728 14.001230240 0.009009219 0.999959409 -0.000029283 -0.150723159 -0.273919344 0.002496063 0.961749434 105.081718445
0.961399555 -0.008153690 0.275035173 14.137244225 0.008711562 0.999961734 -0.000806856 -0.156430513 -0.275018096 0.003171697 0.961433828 105.554283142
0.960961699 -0.006997555 0.276592851 14.259520531 0.007548017 0.999971092 -0.000925557 -0.157385036 -0.276578367 0.002977152 0.960986733 105.987350464
0.960609317 -0.006827400 0.277818441 14.389434814 0.007377434 0.999972343 -0.000934499 -0.159049332 -0.277804375 0.002947275 0.960633159 106.424758911
0.960332692 -0.006283130 0.278786004 14.514129639 0.006829499 0.999976218 -0.000988609 -0.157427236 -0.278773159 0.002853362 0.960352719 106.841278076
0.959864140 -0.007308434 0.280370206 14.628353119 0.007771980 0.999969661 -0.000541545 -0.163571864 -0.280357748 0.002698841 0.959891796 107.246719360
0.959587932 -0.007488382 0.281309396 14.744963646 0.007923682 0.999968529 -0.000409951 -0.168186009 -0.281297475 0.002622390 0.959617019 107.638977051
0.959477663 -0.007347268 0.281688869 14.860406876 0.007690255 0.999970436 -0.000112102 -0.162995458 -0.281679720 0.002273819 0.959505796 108.016647339
0.959513664 -0.007354209 0.281565964 14.965784073 0.007614139 0.999970973 0.000170919 -0.165672719 -0.281559050 0.001979883 0.959541857 108.373916626
0.959445775 -0.006791009 0.281811535 15.061071396 0.006931051 0.999975860 0.000499898 -0.166856036 -0.281808138 0.001473625 0.959469676 108.725616455
0.959525406 -0.006057523 0.281556845 15.158205032 0.006270397 0.999980330 0.000144903 -0.166693896 -0.281552196 0.001626435 0.959544539 109.052284241
0.959524632 -0.005544810 0.281570226 15.249239922 0.005850613 0.999982834 -0.000245381 -0.168852985 -0.281564057 0.001882807 0.959540606 109.363510132
0.959574878 -0.005754380 0.281394601 15.336266518 0.006022622 0.999981880 -0.000088418 -0.168567687 -0.281388998 0.001779577 0.959592164 109.662956238
0.959632695 -0.006601502 0.281178772 15.423966408 0.006923428 0.999976039 -0.000151522 -0.172532156 -0.281171024 0.002092126 0.959655404 109.950614929
0.959627211 -0.006911158 0.281190097 15.507246017 0.007299332 0.999973297 -0.000333100 -0.172487646 -0.281180292 0.002372151 0.959652007 110.220497131
0.959557652 -0.007143053 0.281421572 15.579712868 0.007574963 0.999971211 -0.000446896 -0.170530379 -0.281410277 0.002560581 0.959584117 110.486320496
0.959572911 -0.006984077 0.281373590 15.650332451 0.007432481 0.999972224 -0.000526430 -0.172871351 -0.281362116 0.002596451 0.959598184 110.734550476
0.959463716 -0.007055690 0.281743765 15.713582993 0.007480059 0.999971926 -0.000430724 -0.175564647 -0.281732798 0.002520724 0.959489584 110.975875854
0.959537804 -0.007364620 0.281483471 15.782150269 0.007673264 0.999970555 0.000005742 -0.174466550 -0.281475246 0.002154387 0.959566057 111.195549011
0.959520340 -0.006998232 0.281552464 15.844425201 0.007366558 0.999972820 -0.000249760 -0.172204494 -0.281543076 0.002313722 0.959545791 111.409942627
0.959432244 -0.006771812 0.281857878 15.922559738 0.007014910 0.999975383 0.000146579 -0.183244079 -0.281851947 0.001836574 0.959456146 111.653999329
0.959357917 -0.007134682 0.282101840 15.988805771 0.007328703 0.999973059 0.000367388 -0.185892254 -0.282096863 0.001714983 0.959384382 111.863067627
0.959475458 -0.006949587 0.281706542 16.011522293 0.007172030 0.999974251 0.000241461 -0.171784952 -0.281700969 0.001788732 0.959500611 111.975784302
0.959439754 -0.007518702 0.281813443 16.057388306 0.007775743 0.999969721 0.000206226 -0.171759754 -0.281806469 0.001993447 0.959469199 112.143112183
0.959409475 -0.008166829 0.281898469 16.103473663 0.008472779 0.999964118 0.000133637 -0.170394033 -0.281889439 0.002260250 0.959444225 112.299850464
0.959380746 -0.008392587 0.281989604 16.146192551 0.008793651 0.999961317 -0.000156733 -0.170365393 -0.281977385 0.002630085 0.959417462 112.443511963
0.959357977 -0.008762096 0.282055765 16.185009003 0.009105152 0.999958515 0.000094418 -0.170036539 -0.282044888 0.002477580 0.959398031 112.584350586
0.959412754 -0.008899131 0.281865239 16.227252960 0.009133066 0.999958158 0.000483844 -0.169738561 -0.281857759 0.002110088 0.959453881 112.708457947
0.959410667 -0.009224198 0.281861931 16.265251160 0.009548387 0.999954402 0.000223346 -0.170767397 -0.281851143 0.002477046 0.959454954 112.836715698
0.959432065 -0.009389185 0.281783521 16.302795410 0.009723811 0.999952674 0.000210815 -0.172260895 -0.281772166 0.002537747 0.959478021 112.964790344
0.959384561 -0.009049609 0.281956255 16.330171585 0.009391621 0.999955893 0.000138442 -0.171757698 -0.281945080 0.002515207 0.959427238 113.072853088
0.959513545 -0.008897632 0.281521976 16.365447998 0.009277964 0.999956965 -0.000018054 -0.171612874 -0.281509697 0.002629274 0.959554791 113.178352356
0.959509432 -0.008962393 0.281533986 16.399274826 0.009400390 0.999955773 -0.000205185 -0.172412470 -0.281519711 0.002843406 0.959551215 113.285224915
0.959483683 -0.008662269 0.281630963 16.428344727 0.009158298 0.999957979 -0.000445027 -0.170908555 -0.281615287 0.003006256 0.959522724 113.392112732
0.959472954 -0.008971437 0.281657964 16.456371307 0.009481884 0.999954939 -0.000449404 -0.172915623 -0.281641215 0.003101839 0.959514797 113.492248535
0.959459066 -0.009411879 0.281690747 16.485204697 0.009866009 0.999951303 -0.000193869 -0.176042080 -0.281675220 0.002965173 0.959505200 113.586601257
0.959383905 -0.009031900 0.281959057 16.510194778 0.009507766 0.999954760 -0.000319572 -0.172955200 -0.281943411 0.002987393 0.959426403 113.691879272
0.959526241 -0.008586708 0.281488329 16.539754868 0.009355073 0.999955297 -0.001385899 -0.176954389 -0.281463861 0.003963151 0.959563673 113.777587891
0.959451079 -0.007829980 0.281766444 16.563001633 0.008859301 0.999957919 -0.002379330 -0.178495184 -0.281735957 0.004779105 0.959480047 113.873764038
0.959354043 -0.007684081 0.282100737 16.596704483 0.008772271 0.999958158 -0.002594652 -0.175777137 -0.282068998 0.004963854 0.959381282 113.969291687
0.959152699 -0.007421037 0.282791585 16.621168137 0.008376427 0.999962568 -0.002169487 -0.176922977 -0.282764882 0.004449652 0.959178925 114.062919617
0.959146321 -0.007163696 0.282819778 16.647430420 0.008263328 0.999962211 -0.002695407 -0.176007718 -0.282789797 0.004922322 0.959169269 114.152130127
0.959047616 -0.007139978 0.283154815 16.680038452 0.008320145 0.999961019 -0.002965574 -0.175171599 -0.283122599 0.005200016 0.959069610 114.249916077
0.958932817 -0.007564743 0.283532470 16.708591461 0.008618488 0.999959826 -0.002469248 -0.178529203 -0.283502400 0.004811463 0.958959460 114.343444824
0.958827376 -0.007665460 0.283886045 16.735368729 0.008770333 0.999958098 -0.002621110 -0.177290484 -0.283854067 0.005002967 0.958854437 114.428146362
0.958704293 -0.007456922 0.284307092 16.754480362 0.008433736 0.999961972 -0.002211762 -0.177389786 -0.284279794 0.004518196 0.958730698 114.508064270
0.958607495 -0.007998031 0.284618616 16.781211853 0.008955435 0.999957800 -0.002062600 -0.175785109 -0.284590095 0.004526108 0.958638608 114.590164185
0.958524883 -0.007964289 0.284897625 16.802749634 0.008982081 0.999957085 -0.002266081 -0.175527886 -0.284867346 0.004731068 0.958555281 114.664909363
0.958421052 -0.008339774 0.285236031 16.828113556 0.009355832 0.999953806 -0.002199712 -0.174744159 -0.285204500 0.004776870 0.958454788 114.737976074
0.958304107 -0.008395387 0.285626918 16.845388412 0.009465807 0.999952376 -0.002367198 -0.175451666 -0.285593450 0.004972185 0.958337963 114.802131653
0.958283424 -0.008731768 0.285686374 16.865341187 0.009908682 0.999947309 -0.002674320 -0.173925281 -0.285647959 0.005393532 0.958319426 114.863159180
0.958157778 -0.008653702 0.286109716 16.880979538 0.009738912 0.999949753 -0.002370233 -0.172561631 -0.286074817 0.005057454 0.958193958 114.927749634
0.958159387 -0.008832254 0.286098838 16.899168015 0.009900878 0.999948382 -0.002288796 -0.176528677 -0.286063850 0.005025661 0.958197355 114.978630066
0.958116233 -0.008786603 0.286244869 16.917425156 0.009996354 0.999946237 -0.002765245 -0.174777240 -0.286205202 0.005510831 0.958152533 115.034072876
0.957995474 -0.008886538 0.286645561 16.934141159 0.010054684 0.999946058 -0.002603507 -0.172481656 -0.286606967 0.005376278 0.958033144 115.096878052
0.957985759 -0.009262150 0.286666214 16.951206207 0.010401182 0.999942899 -0.002450807 -0.173978046 -0.286627144 0.005329506 0.958027363 115.147468567
0.957897842 -0.009391163 0.286955625 16.965471268 0.010542132 0.999941409 -0.002466138 -0.172786027 -0.286915630 0.005387432 0.957940698 115.197433472
0.957861543 -0.009442525 0.287075132 16.982170105 0.010578949 0.999941170 -0.002407728 -0.173134163 -0.287035495 0.005343223 0.957905054 115.245422363
0.957757711 -0.009205211 0.287428945 16.991828918 0.010486446 0.999940753 -0.002918321 -0.172246113 -0.287385046 0.005809152 0.957797527 115.287704468
0.957707107 -0.009285720 0.287594914 17.004894257 0.010635428 0.999938548 -0.003131054 -0.172126904 -0.287548155 0.006057328 0.957747042 115.331268311
0.957668960 -0.009658893 0.287709743 17.016359329 0.010976878 0.999935329 -0.002968085 -0.172915891 -0.287662446 0.006000597 0.957713068 115.364814758
0.957649648 -0.009602103 0.287775785 17.025159836 0.010909610 0.999936163 -0.002940116 -0.172906488 -0.287729174 0.005955122 0.957693279 115.394729614
0.957631707 -0.009730872 0.287831217 17.034812927 0.011065012 0.999934256 -0.003008617 -0.172675237 -0.287783027 0.006066003 0.957676411 115.421691895
0.957558990 -0.009844056 0.288069218 17.041297913 0.011154681 0.999933541 -0.002908547 -0.173533827 -0.288021445 0.005998425 0.957605183 115.447151184
0.957525611 -0.009729684 0.288184106 17.046594620 0.011050083 0.999934554 -0.002955365 -0.173885271 -0.288136482 0.006014296 0.957570493 115.463439941
0.957516491 -0.009690041 0.288215607 17.052434921 0.011034046 0.999934494 -0.003038961 -0.172535554 -0.288167268 0.006090039 0.957560718 115.481292725
0.957494378 -0.009758997 0.288286716 17.056240082 0.011116821 0.999933481 -0.003073145 -0.171880767 -0.288237542 0.006147351 0.957539201 115.493225098
0.957500458 -0.009686958 0.288269103 17.060525894 0.011028519 0.999934614 -0.003030111 -0.171811566 -0.288220882 0.006080513 0.957544625 115.505645752
0.957471132 -0.009594393 0.288369626 17.059955597 0.010931059 0.999935687 -0.003025277 -0.173265815 -0.288322061 0.006048800 0.957514405 115.511795044
0.957489967 -0.009634756 0.288305551 17.063081741 0.010939636 0.999935925 -0.002915149 -0.172651038 -0.288259000 0.005945184 0.957534015 115.516166687
0.957486331 -0.009606591 0.288318694 17.063053131 0.010932602 0.999935746 -0.002989200 -0.172086164 -0.288271457 0.006014192 0.957529843 115.517906189
0.957494080 -0.009548066 0.288294882 17.059919357 0.010934755 0.999935091 -0.003199908 -0.174259230 -0.288245618 0.006216327 0.957536340 115.510307312
0.957506120 -0.009599177 0.288253248 17.061552048 0.011015333 0.999933898 -0.003291224 -0.174112022 -0.288202614 0.006326572 0.957548559 115.513412476
0.957486391 -0.009774969 0.288312912 17.063987732 0.011124344 0.999933481 -0.003042141 -0.173240259 -0.288263977 0.006120100 0.957531452 115.516563416
0.957482755 -0.009615871 0.288330287 17.062223434 0.011006564 0.999934316 -0.003202422 -0.172800809 -0.288280547 0.006239789 0.957525671 115.516578674
0.957497418 -0.009750342 0.288277090 17.061325073 0.011201103 0.999931514 -0.003383389 -0.174706563 -0.288224369 0.006468608 0.957541049 115.511543274
0.957488894 -0.009772769 0.288304627 17.062717438 0.011170857 0.999932468 -0.003204464 -0.173388273 -0.288253844 0.006288848 0.957533360 115.515716553
0.957511783 -0.009765424 0.288228780 17.064258575 0.011137738 0.999933124 -0.003121636 -0.173957422 -0.288179040 0.006199220 0.957556486 115.515739441
0.957498789 -0.009654192 0.288275748 17.061504364 0.011078279 0.999933183 -0.003308957 -0.173423648 -0.288224548 0.006361922 0.957541704 115.513977051
0.957488775 -0.009627724 0.288309842 17.063737869 0.011046661 0.999933541 -0.003294961 -0.172980458 -0.288258970 0.006339749 0.957531512 115.515243530
0.957511306 -0.009832534 0.288228124 17.063665390 0.011190705 0.999932706 -0.003064779 -0.174589068 -0.288178593 0.006160036 0.957556903 115.516952515
0.957488775 -0.009721255 0.288306713 17.064277649 0.011126679 0.999932885 -0.003236376 -0.173489630 -0.288255900 0.006306690 0.957532644 115.517494202
0.957526922 -0.009696787 0.288180739 17.064882278 0.011129473 0.999932528 -0.003333457 -0.172759697 -0.288128972 0.006399175 0.957570255 115.515815735
0.957500517 -0.009695108 0.288268596 17.062635422 0.011096948 0.999933183 -0.003229185 -0.172893420 -0.288218021 0.006290848 0.957544148 115.516876221
0.957517385 -0.009719743 0.288211644 17.064140320 0.011121774 0.999932945 -0.003227491 -0.173354983 -0.288160950 0.006295803 0.957561314 115.517669678
0.957498908 -0.009748744 0.288272142 17.063802719 0.011168145 0.999932230 -0.003279553 -0.172544718 -0.288220614 0.006359633 0.957542896 115.517303467
0.957505405 -0.009637997 0.288254321 17.062690735 0.011033298 0.999933958 -0.003216194 -0.173953503 -0.288204283 0.006259919 0.957548499 115.516426086
0.957514882 -0.009784778 0.288217902 17.064552307 0.011157020 0.999932885 -0.003118791 -0.174113348 -0.288168043 0.006201941 0.957559764 115.518775940
0.957529902 -0.009952839 0.288162261 17.065782547 0.011371102 0.999930084 -0.003248266 -0.173760667 -0.288109779 0.006387034 0.957576096 115.517669678
0.957537353 -0.009754330 0.288144141 17.064371109 0.011185587 0.999931931 -0.003321087 -0.173205495 -0.288092136 0.006403126 0.957581282 115.513549805
0.957536817 -0.009788732 0.288144767 17.066467285 0.011198919 0.999932051 -0.003245976 -0.172519073 -0.288093418 0.006335052 0.957581341 115.516693115
0.957531452 -0.009912850 0.288158357 17.065671921 0.011306604 0.999931037 -0.003172782 -0.174386874 -0.288107038 0.006296130 0.957577527 115.515068054
0.957515895 -0.009709354 0.288216919 17.065404892 0.011127278 0.999932706 -0.003281716 -0.172686428 -0.288165659 0.006349365 0.957559526 115.515411377
0.957534611 -0.009828882 0.288150698 17.065708160 0.011266921 0.999930978 -0.003332502 -0.172171399 -0.288098067 0.006437557 0.957579255 115.517486572
0.957523882 -0.009713142 0.288190275 17.063728333 0.011118436 0.999932945 -0.003239797 -0.173216656 -0.288139492 0.006306408 0.957567692 115.515556335
0.957553029 -0.009703155 0.288093895 17.065498352 0.011121475 0.999932766 -0.003286773 -0.172744825 -0.288042635 0.006351289 0.957596540 115.513366699
0.957516551 -0.009661525 0.288216501 17.064086914 0.011076243 0.999933302 -0.003278111 -0.173211619 -0.288165599 0.006331201 0.957559645 115.514587402
0.957526803 -0.009810745 0.288177371 17.066116333 0.011216588 0.999931872 -0.003227552 -0.173768327 -0.288126081 0.006322834 0.957571626 115.516609192
0.957522988 -0.009884994 0.288187474 17.064874649 0.011301750 0.999930859 -0.003252658 -0.173700884 -0.288135409 0.006371517 0.957568467 115.515739441
0.957524359 -0.009724384 0.288188487 17.064340591 0.011155321 0.999932230 -0.003323403 -0.172671199 -0.288136631 0.006397074 0.957567930 115.516342163
0.957534194 -0.009757842 0.288154662 17.064615250 0.011135236 0.999933064 -0.003141300 -0.174013495 -0.288104713 0.006216572 0.957578719 115.515289307
0.957539678 -0.009750014 0.288136661 17.065746307 0.011151937 0.999932587 -0.003224390 -0.173402756 -0.288085818 0.006300763 0.957583904 115.518440247
0.957504511 -0.009622701 0.288257748 17.064672470 0.011036733 0.999933720 -0.003280601 -0.172354564 -0.288207084 0.006322614 0.957547247 115.516471863
0.957524776 -0.009716770 0.288187325 17.064245224 0.011126660 0.999932826 -0.003254602 -0.172673479 -0.288136333 0.006322924 0.957568526 115.513717651
0.957514644 -0.009727933 0.288220614 17.063280106 0.011137646 0.999932706 -0.003251607 -0.173422903 -0.288169593 0.006323561 0.957558513 115.515281677
0.957508981 -0.009721056 0.288239598 17.063625336 0.011129757 0.999932766 -0.003248826 -0.172730014 -0.288188636 0.006318817 0.957552791 115.515914917
0.957515597 -0.009678501 0.288218975 17.064886093 0.011085596 0.999933243 -0.003250224 -0.173025563 -0.288168281 0.006307219 0.957558990 115.516510010
0.957487464 -0.009642479 0.288313597 17.063684464 0.011055915 0.999933541 -0.003274427 -0.172622368 -0.288262874 0.006322793 0.957530439 115.517898560
0.957514822 -0.009744730 0.288219452 17.064540863 0.011153880 0.999932528 -0.003247290 -0.172296137 -0.288168371 0.006324093 0.957558870 115.515907288
0.957506895 -0.009697733 0.288247347 17.063171387 0.011114470 0.999932885 -0.003278775 -0.172453001 -0.288196206 0.006343166 0.957550347 115.516227722
0.957484305 -0.009598515 0.288325697 17.062065125 0.010996842 0.999934316 -0.003230440 -0.172981963 -0.288275748 0.006263767 0.957526922 115.516967773
0.957501471 -0.009607703 0.288268328 17.064685822 0.011033644 0.999933600 -0.003322133 -0.171376005 -0.288217276 0.006361597 0.957543910 115.517967224
0.957501769 -0.009600780 0.288267583 17.061828613 0.011004012 0.999934196 -0.003247720 -0.173309326 -0.288217425 0.006281797 0.957544386 115.514144897
0.957517147 -0.009612217 0.288216174 17.063419342 0.011026589 0.999933839 -0.003284231 -0.171946242 -0.288165510 0.006322748 0.957559764 115.515983582
0.957483768 -0.009588804 0.288327754 17.063421249 0.010984039 0.999934494 -0.003221552 -0.173009992 -0.288277954 0.006251587 0.957526386 115.516113281
0.957494736 -0.009668307 0.288288623 17.063982010 0.011102819 0.999932766 -0.003341211 -0.171909481 -0.288236946 0.006400009 0.957537711 115.517189026
0.957495391 -0.009560513 0.288290054 17.063405991 0.010977118 0.999934316 -0.003297566 -0.171769321 -0.288239568 0.006321998 0.957537472 115.516929626
0.957510650 -0.009649857 0.288236320 17.063064575 0.011056365 0.999933600 -0.003252096 -0.173099011 -0.288185805 0.006300762 0.957553804 115.513107300
0.957509339 -0.009703094 0.288239002 17.065217972 0.011125765 0.999932647 -0.003297898 -0.172258362 -0.288187593 0.006364648 0.957552791 115.516845703
0.957495749 -0.009705728 0.288284123 17.061971664 0.011127320 0.999932647 -0.003292886 -0.173355490 -0.288232744 0.006360753 0.957539260 115.511711121
0.957503438 -0.009638777 0.288260758 17.062950134 0.011057297 0.999933422 -0.003293074 -0.172195703 -0.288209826 0.006340514 0.957546294 115.516296387
0.957496345 -0.009686121 0.288282663 17.063055038 0.011102477 0.999933004 -0.003278414 -0.172853470 -0.288231581 0.006339721 0.957539737 115.516090393
0.957499087 -0.009632128 0.288275361 17.063156128 0.011066750 0.999933183 -0.003347211 -0.172416091 -0.288223863 0.006395223 0.957541704 115.514892578
0.957477033 -0.009675035 0.288347244 17.062013626 0.011088984 0.999933183 -0.003270567 -0.172553942 -0.288296342 0.006328971 0.957520306 115.516326904
0.957482100 -0.009689009 0.288329899 17.063030243 0.011116115 0.999932706 -0.003312609 -0.172532290 -0.288278401 0.006376871 0.957525432 115.516319275
0.957495093 -0.009580465 0.288290381 17.064496994 0.010995859 0.999934137 -0.003290598 -0.172139704 -0.288239866 0.006320732 0.957537413 115.517959595
0.957483828 -0.009717859 0.288323283 17.062421799 0.011150172 0.999932289 -0.003325806 -0.172297001 -0.288271427 0.006399260 0.957527339 115.516471863
0.957511067 -0.009827307 0.288229078 17.063684464 0.011246026 0.999931455 -0.003266713 -0.173742190 -0.288177222 0.006369345 0.957555950 115.514274597
0.957500577 -0.009629750 0.288270503 17.062692642 0.011052948 0.999933422 -0.003309725 -0.172187254 -0.288219422 0.006355302 0.957543314 115.515975952
0.957503617 -0.009602945 0.288261324 17.064908981 0.011045232 0.999933302 -0.003377301 -0.170865193 -0.288209647 0.006417692 0.957545817 115.519065857
0.957509696 -0.009607789 0.288240969 17.065052032 0.011030494 0.999933660 -0.003311997 -0.171850190 -0.288190037 0.006350710 0.957552195 115.517776489
0.957489908 -0.009650054 0.288305253 17.062629700 0.011060062 0.999933541 -0.003262116 -0.172256455 -0.288254589 0.006312117 0.957533002 115.516098022
0.957513869 -0.009597605 0.288227528 17.063642502 0.011040759 0.999933302 -0.003381755 -0.171990931 -0.288175851 0.006420327 0.957556009 115.515007019
0.957523227 -0.009652763 0.288194448 17.065793991 0.011073101 0.999933243 -0.003298582 -0.172137976 -0.288143367 0.006349675 0.957566261 115.518127441
