1.000000000 0.000000000 0.000000000 0.000000000 0.000000000 1.000000000 0.000000000 0.000000000 0.000000000 0.000000000 1.000000000 0.000000000
0.999990046 -0.001706082 0.004117211 0.004556277 0.001707787 0.999998450 -0.000410442 0.000270864 -0.004116504 0.000417470 0.999991417 0.720795929
0.999965310 -0.002320016 0.007999460 0.009122008 0.002323311 0.999997199 -0.000402623 0.000417501 -0.007998504 0.000421194 0.999967933 1.449433684
0.999932170 -0.003118968 0.011219802 0.016316021 0.003108067 0.999994695 0.000988933 0.001289360 -0.011222827 -0.000953994 0.999936581 2.172086954
0.999892950 -0.001997688 0.014496476 0.024383010 0.001972701 0.999996543 0.001737745 0.002444471 -0.014499898 -0.001708961 0.999893427 2.888744354
0.999835908 -0.001979851 0.018006824 0.035841826 0.001947993 0.999996483 0.001786596 0.009507772 -0.018010300 -0.001751225 0.999836266 3.610032320
0.999777734 -0.002721490 0.020906789 0.046764452 0.002677737 0.999994159 0.002120498 0.003434942 -0.020912439 -0.002064044 0.999779165 4.328719139
0.999698400 -0.004241006 0.024188632 0.065439470 0.004198737 0.999989569 0.001797959 0.006640176 -0.024196004 -0.001695855 0.999705791 5.042610645
0.999632955 -0.004408422 0.026731631 0.089131005 0.004357532 0.999988556 0.001961707 0.012234583 -0.026739974 -0.001844503 0.999640703 5.761499405
0.999547005 -0.006926181 0.029287459 0.105670743 0.006847427 0.999972641 0.002788452 0.014411385 -0.029305972 -0.002586645 0.999567151 6.481512547
0.999486804 -0.008136332 0.030982334 0.133294731 0.008036840 0.999962151 0.003334420 0.020687912 -0.031008290 -0.003083709 0.999514341 7.196903706
0.999454319 -0.008978873 0.031787969 0.150019661 0.008848699 0.999951899 0.004233431 0.018702704 -0.031824451 -0.003949838 0.999485672 7.909747601
0.999460995 -0.007327943 0.032000240 0.157965004 0.007176797 0.999962568 0.004835597 0.024012193 -0.032034475 -0.004603331 0.999476135 8.620696068
0.999472320 -0.005549032 0.032005448 0.176860228 0.005443812 0.999979496 0.003373785 0.024920581 -0.032023512 -0.003197773 0.999481976 9.334576607
0.999507606 -0.005150171 0.030952044 0.192722663 0.005116697 0.999986231 0.001160568 0.024040436 -0.030957595 -0.001001624 0.999520183 10.037980080
0.999544382 -0.004906844 0.029781904 0.201907441 0.004961511 0.999986112 -0.001761948 0.023954663 -0.029772846 0.001908909 0.999554873 10.736185074
0.999585748 -0.002485423 0.028673176 0.215234071 0.002603075 0.999988317 -0.004066617 0.025654819 -0.028662734 0.004139571 0.999580562 11.441964149
0.999632835 0.002038921 0.027018124 0.240295902 -0.001931479 0.999990106 -0.004002152 0.021930706 -0.027026018 0.003948498 0.999626935 12.203473091
0.999649763 0.001954903 0.026392056 0.249071285 -0.001897009 0.999995768 -0.002218507 0.023463167 -0.026396280 0.002167664 0.999649227 12.914087296
0.999675930 0.001538741 0.025409907 0.257347822 -0.001568568 0.999998093 0.001153963 0.029765792 -0.025408084 -0.001193446 0.999676466 13.630844116
0.999692142 -0.000382662 0.024809310 0.282187670 0.000251775 0.999986053 0.005278632 0.035521831 -0.024810983 -0.005270760 0.999678254 14.375065804
0.999683022 -0.001206731 0.025147511 0.299127162 0.000986186 0.999960959 0.008780638 0.028977513 -0.025157124 -0.008753054 0.999645174 15.098962784
0.999677181 -0.004122048 0.025071379 0.319418073 0.003966201 0.999972522 0.006262688 0.026425561 -0.025096506 -0.006161228 0.999666035 15.838708878
0.999677956 -0.005716779 0.024724741 0.346969068 0.005741154 0.999983072 -0.000914983 0.035646878 -0.024719091 0.001056637 0.999693871 16.572246552
0.999700367 -0.005988620 0.023735378 0.360741973 0.006145998 0.999959588 -0.006563158 0.037180807 -0.023695115 0.006707069 0.999696732 17.281915665
0.999693274 -0.007678720 0.023544434 0.380559683 0.007870954 0.999936342 -0.008082926 0.033789869 -0.023480870 0.008265764 0.999690115 18.008962631
0.999679804 -0.010086168 0.023208149 0.400336623 0.010226290 0.999930143 -0.005926878 0.039548747 -0.023146749 0.006162313 0.999713063 18.744110107
0.999646604 -0.013017400 0.023178890 0.422413677 0.013032436 0.999914944 -0.000497737 0.033559762 -0.023170440 0.000799639 0.999731183 19.490808487
0.999647081 -0.013699166 0.022761269 0.442498356 0.013677147 0.999905825 0.001122799 0.038555831 -0.022774506 -0.000811094 0.999740303 20.225509644
0.999706328 -0.008284094 0.022773489 0.447455496 0.008309995 0.999964952 -0.001042926 0.033277977 -0.022764051 0.001231867 0.999740124 20.960462570
0.999726474 -0.005553853 0.022719730 0.463373512 0.005645038 0.999976277 -0.003951314 0.030499130 -0.022697246 0.004078487 0.999734044 21.710182190
0.999742985 -0.005856520 0.021902416 0.488995373 0.005980236 0.999966502 -0.005587274 0.035295207 -0.021868959 0.005716819 0.999744475 22.459869385
0.999717534 -0.008438942 0.022218997 0.507319868 0.008501787 0.999960124 -0.002735488 0.036423143 -0.022195026 0.002923617 0.999749362 23.210245132
0.999726057 -0.006041513 0.022612015 0.514666915 0.005999580 0.999980152 0.001921871 0.036557816 -0.022623176 -0.001785682 0.999742448 23.959794998
0.999727011 -0.004247763 0.022975123 0.524054050 0.004143105 0.999980807 0.004600970 0.033188768 -0.022994226 -0.004504525 0.999725461 24.714717865
0.999738157 -0.004308612 0.022473965 0.542518795 0.004213571 0.999981999 0.004274545 0.038406003 -0.022491978 -0.004178730 0.999738276 25.459402084
0.999736428 -0.005998314 0.022159396 0.561819196 0.005929618 0.999977410 0.003164494 0.039453503 -0.022177877 -0.003032263 0.999749422 26.214397430
0.999730527 -0.006236447 0.022359638 0.569345713 0.006215220 0.999980152 0.001018687 0.044336274 -0.022365546 -0.000879442 0.999749482 26.944431305
0.999733329 -0.006543896 0.022147410 0.590080023 0.006560642 0.999978244 -0.000683528 0.045829833 -0.022142455 0.000828647 0.999754488 27.687368393
0.999750733 -0.004111712 0.021943403 0.604678392 0.004127972 0.999991238 -0.000695755 0.050768409 -0.021940351 0.000786163 0.999758959 28.432928085
0.999727130 -0.002187808 0.023256727 0.618398130 0.002198035 0.999997497 -0.000414227 0.057409346 -0.023255762 0.000465233 0.999729455 29.188209534
0.999701679 -0.000430028 0.024420943 0.625282943 0.000423376 0.999999881 0.000277574 0.052322600 -0.024421060 -0.000267152 0.999701738 29.923646927
0.999652624 -0.003162782 0.026166221 0.652959943 0.003173701 0.999994874 -0.000375799 0.042206429 -0.026164899 0.000458712 0.999657512 30.684333801
0.999617398 -0.002591203 0.027537454 0.679836571 0.002657949 0.999993622 -0.002387496 0.051027879 -0.027531091 0.002459776 0.999617934 31.429132462
0.999587119 -0.001264320 0.028705746 0.699192822 0.001349975 0.999994695 -0.002964714 0.045267340 -0.028701846 0.003002242 0.999583483 32.159641266
0.999526441 -0.001681404 0.030726548 0.719706893 0.001822398 0.999987960 -0.004561243 0.053666476 -0.030718509 0.004615079 0.999517441 32.894947052
0.999505222 -0.001044356 0.031436525 0.744743288 0.001167566 0.999991715 -0.003901224 0.044410519 -0.031432193 0.003935998 0.999498129 33.627166748
0.999431968 -0.002251884 0.033625904 0.756567478 0.002411405 0.999986053 -0.004704209 0.044951476 -0.033614840 0.004782623 0.999423444 34.364032745
0.999390900 0.000517927 0.034894276 0.785946190 -0.000391085 0.999993265 -0.003641787 0.047234938 -0.034895930 0.003625922 0.999384403 35.094940186
0.999314249 0.001761419 0.036985327 0.805456579 -0.001619253 0.999991179 -0.003873454 0.045596719 -0.036991823 0.003810909 0.999308288 35.814571381
0.999233365 0.000022980 0.039149929 0.835572004 0.000187530 0.999985576 -0.005373335 0.043929067 -0.039149486 0.005376558 0.999218881 36.533447266
0.999150753 0.000438325 0.041201357 0.863690853 -0.000170038 0.999978781 -0.006514891 0.031545028 -0.041203335 0.006502353 0.999129653 37.270626068
0.999081194 0.001667354 0.042825483 0.895945072 -0.001348738 0.999971211 -0.007467675 0.036606759 -0.042836700 0.007403053 0.999054670 37.995559692
0.999004841 0.001952782 0.044558473 0.926107585 -0.001629132 0.999972045 -0.007298630 0.030638963 -0.044571478 0.007218775 0.998980105 38.711128235
0.998922169 -0.001980253 0.046374310 0.974657893 0.002292142 0.999975085 -0.006673258 0.019126555 -0.046359941 0.006772362 0.998901844 39.472599030
0.998859644 -0.003024283 0.047647562 1.022003889 0.003303773 0.999977767 -0.005788129 0.020608947 -0.047628999 0.005938945 0.998847425 40.202415466
0.998716593 -0.004853410 0.050414570 1.061147332 0.005187948 0.999965370 -0.006507005 0.014726027 -0.050381243 0.006760201 0.998707175 40.927337646
0.998566806 -0.003350860 0.053414021 1.086722732 0.003719629 0.999969900 -0.006806058 0.011463909 -0.053389609 0.006994984 0.998549283 41.651939392
0.998405576 -0.003462675 0.056340653 1.131038904 0.003820406 0.999973238 -0.006242967 0.009290433 -0.056317527 0.006448257 0.998392105 42.375854492
0.998245955 -0.002500254 0.059149850 1.183286071 0.002935040 0.999969304 -0.007264843 0.010421372 -0.059129871 0.007425708 0.998222709 43.106056213
0.998052537 -0.001339832 0.062364083 1.213376284 0.001807802 0.999970615 -0.007448020 0.005918203 -0.062352274 0.007546258 0.998025656 43.831867218
0.997841775 -0.001465614 0.065648176 1.272174954 0.001953281 0.999970973 -0.007364932 0.006006545 -0.065635480 0.007477265 0.997815669 44.563194275
0.997597456 -0.000809213 0.069272406 1.315922260 0.001362968 0.999967515 -0.007946984 -0.006212522 -0.069263726 0.008022306 0.997566104 45.279380798
0.997393906 -0.001236249 0.072138004 1.377203584 0.001792461 0.999969184 -0.007646170 -0.007822214 -0.072126321 0.007755547 0.997365355 45.993083954
0.997129381 0.000784409 0.075712696 1.423987746 -0.000309131 0.999980152 -0.006288901 -0.013408317 -0.075716130 0.006247443 0.997109830 46.723217010
0.996865094 0.001464860 0.079106532 1.480748773 -0.001151000 0.999991298 -0.004013017 -0.013779537 -0.079111725 0.003909385 0.996858120 47.438449860
0.996610940 0.001211071 0.082250327 1.542403817 -0.001079741 0.999998093 -0.001641172 -0.015498672 -0.082252160 0.001546801 0.996610343 48.168621063
0.996289968 -0.003167259 0.086001351 1.611404538 0.003328500 0.999992967 -0.001731540 -0.020906217 -0.085995264 0.002011371 0.996293545 48.875549316
0.995996356 -0.002658539 0.089354485 1.672859669 0.003046349 0.999986529 -0.004204037 -0.019815620 -0.089342102 0.004459410 0.995990992 49.598564148
0.995643914 -0.002765041 0.093196280 1.742290378 0.003440956 0.999968946 -0.007092685 -0.015141107 -0.093173772 0.007382473 0.995622516 50.317947388
0.995322168 -0.002696401 0.096573584 1.807508945 0.003663801 0.999944866 -0.009841307 -0.016758803 -0.096541725 0.010149098 0.995277166 51.032493591
0.995002866 -0.004851207 0.099728242 1.881703854 0.005901338 0.999930203 -0.010237622 -0.023440432 -0.099671610 0.010774993 0.994962037 51.738739014
0.994668603 -0.004879653 0.103007779 1.956612706 0.005838507 0.999942362 -0.009009100 -0.027571240 -0.102957882 0.009562479 0.994639754 52.463294983
0.994229257 -0.005282680 0.107146010 2.026442766 0.006261003 0.999941707 -0.008796413 -0.031935908 -0.107093289 0.009416493 0.994204402 53.163257599
0.993898630 -0.008377750 0.109978743 2.120463133 0.009235439 0.999930739 -0.007291593 -0.041745625 -0.109910041 0.008262806 0.993907213 53.879417419
0.993545294 -0.005935600 0.113280714 2.190911293 0.006896891 0.999943435 -0.008095900 -0.037959106 -0.113226250 0.008824928 0.993530035 54.581748962
0.993214548 -0.002087603 0.116277918 2.264064074 0.003006805 0.999965608 -0.007730370 -0.042045038 -0.116257779 0.008027541 0.993186653 55.287204742
0.992915392 -0.002700164 0.118792772 2.351606369 0.003808362 0.999951303 -0.009102819 -0.044036552 -0.118762411 0.009490736 0.992877364 55.977439880
0.992690444 -0.005448933 0.120565295 2.443636894 0.006736101 0.999924541 -0.010271124 -0.049992941 -0.120500237 0.011008186 0.992652237 56.671226501
0.992273688 -0.005346121 0.123953089 2.531674862 0.006961907 0.999896288 -0.012605985 -0.053471044 -0.123872839 0.013371537 0.992208004 57.350204468
0.991863012 -0.004435893 0.127232268 2.617003679 0.006151062 0.999895394 -0.013090882 -0.061995186 -0.127160892 0.013766976 0.991786540 58.045513153
0.991493285 -0.005683578 0.130033791 2.707562447 0.007218104 0.999909759 -0.011332721 -0.075139254 -0.129957646 0.012174915 0.991444826 58.742851257
0.991257668 -0.005642725 0.131819516 2.810131550 0.006926346 0.999932945 -0.009281226 -0.079115219 -0.131758302 0.010113114 0.991230309 59.429927826
0.990832806 -0.007438559 0.134889007 2.899616957 0.008608388 0.999930203 -0.008091347 -0.089722328 -0.134819403 0.009178350 0.990827680 60.107204437
0.990489364 -0.007480749 0.137385607 2.997147083 0.008813845 0.999919772 -0.009097540 -0.096110091 -0.137306526 0.010221913 0.990475833 60.803382874
0.990143955 -0.008147328 0.139816105 3.099527836 0.009702842 0.999898374 -0.010447367 -0.103260562 -0.139716774 0.011701011 0.990122378 61.478122711
0.989717841 -0.006467619 0.142887443 3.187586308 0.008088418 0.999909341 -0.010765246 -0.106719136 -0.142804861 0.011810290 0.989680409 62.156562805
0.989252746 -0.006920062 0.146051928 3.289899588 0.008504362 0.999911547 -0.010225909 -0.114846528 -0.145968243 0.011358087 0.989224076 62.838779449
0.988893270 -0.006460400 0.148486942 3.385500193 0.007908845 0.999926686 -0.009166311 -0.123135403 -0.148416847 0.010238864 0.988871872 63.511817932
0.988483965 -0.006096658 0.151202649 3.495697021 0.007409475 0.999939561 -0.008120611 -0.129356131 -0.151143998 0.009147426 0.988469422 64.196487427
0.988075733 -0.003296809 0.153933376 3.592411280 0.004846203 0.999941289 -0.009691208 -0.136001498 -0.153892383 0.010321639 0.988033712 64.853607178
0.987670004 -0.004863851 0.156474501 3.699456930 0.006614247 0.999921203 -0.010667716 -0.136358932 -0.156410292 0.011571145 0.987624407 65.519691467
0.987260461 -0.007662520 0.158927873 3.800090313 0.009711766 0.999879360 -0.012121516 -0.143631101 -0.158815831 0.013510564 0.987215757 66.170486450
0.986825943 -0.007529933 0.161610320 3.916383505 0.009882520 0.999856532 -0.013758244 -0.148741171 -0.161483526 0.015174109 0.986758769 66.828750610
0.986327171 -0.005697804 0.164700598 4.013312340 0.008048836 0.999874949 -0.013610724 -0.157319292 -0.164602444 0.014750275 0.986249685 67.482994080
0.985861838 -0.007317951 0.167400271 4.117124557 0.009739907 0.999859393 -0.013651593 -0.165068120 -0.167276829 0.015089047 0.985794485 68.132911682
0.985598207 -0.007147511 0.168952852 4.240056992 0.009543949 0.999864995 -0.013376232 -0.178664520 -0.168834433 0.014796068 0.985533357 68.778266907
0.985164046 -0.005256484 0.171534657 4.361985207 0.007632270 0.999883831 -0.013193633 -0.190360680 -0.171445385 0.014307092 0.985089719 69.441490173
0.984760284 -0.004943215 0.173846856 4.474007130 0.007359202 0.999885082 -0.013255361 -0.195123911 -0.173761353 0.014332727 0.984683514 70.081794739
0.984367132 -0.009827394 0.175854564 4.600289345 0.012191999 0.999849141 -0.012370968 -0.211922452 -0.175706461 0.014321593 0.984338403 70.714981079
0.983793318 -0.008780439 0.179091215 4.709968567 0.011086536 0.999867976 -0.011879864 -0.211427927 -0.178963259 0.013672831 0.983760774 71.358650208
0.983255804 -0.005727741 0.182140678 4.821532726 0.007730858 0.999917150 -0.010289546 -0.219099358 -0.182066664 0.011525360 0.983218670 71.993957520
0.982884109 -0.003224180 0.184196711 4.939541817 0.004746691 0.999958098 -0.007825343 -0.225801438 -0.184163764 0.008565730 0.982858241 72.621742249
0.982416511 -0.004877408 0.186638847 5.053914547 0.006162697 0.999961138 -0.006306926 -0.230002150 -0.186600834 0.007346227 0.982408345 73.245872498
0.981900930 -0.008621801 0.189198807 5.186277390 0.009913011 0.999933600 -0.005879360 -0.235192165 -0.189135551 0.007648479 0.981921196 73.887092590
0.981240749 -0.010295351 0.192511454 5.313870907 0.012132382 0.999891400 -0.008366018 -0.242984772 -0.192404419 0.010544700 0.981259048 74.516616821
0.980693817 -0.007790545 0.195394352 5.434762955 0.010012506 0.999895930 -0.010386522 -0.245362341 -0.195293099 0.012142384 0.980669737 75.144493103
0.980175376 -0.004378482 0.198083475 5.555193424 0.006688485 0.999917209 -0.010994202 -0.247630596 -0.198018923 0.012101124 0.980123520 75.765548706
0.979635000 -0.004075921 0.200745240 5.679868221 0.006133898 0.999934793 -0.009630744 -0.258144677 -0.200692892 0.010665964 0.979596138 76.378326416
0.979220748 -0.006247518 0.202701047 5.818645000 0.008027934 0.999936044 -0.007962466 -0.262608916 -0.202638358 0.009424282 0.979208291 76.986434937
0.978526771 -0.007898327 0.205968276 5.951088905 0.009355086 0.999937654 -0.006099815 -0.270663261 -0.205907255 0.007895683 0.978539646 77.597106934
0.977722168 -0.006278688 0.209809199 6.072946548 0.007564984 0.999957204 -0.005328814 -0.277257740 -0.209766760 0.006797302 0.977727830 78.199287415
0.976875186 -0.005435693 0.213741288 6.204276085 0.007028886 0.999952912 -0.006694577 -0.282442003 -0.213694826 0.008042130 0.976867378 78.818412781
0.976296484 -0.005342362 0.216371492 6.346256733 0.007417878 0.999933958 -0.008781378 -0.286487103 -0.216310278 0.010178246 0.976271629 79.410865784
0.975360632 -0.008810122 0.220440403 6.482739449 0.011308515 0.999885321 -0.010074242 -0.291592658 -0.220326364 0.012318873 0.975348413 80.002204895
0.974411726 -0.008090626 0.224624962 6.619041920 0.010405065 0.999904275 -0.009121719 -0.300286025 -0.224529654 0.011225547 0.974402606 80.601593018
0.973362327 -0.009902219 0.229058325 6.764740467 0.011966775 0.999899328 -0.007625945 -0.299301475 -0.228959754 0.010163898 0.973382831 81.199111938
0.972317278 -0.009989434 0.233450979 6.910681725 0.011654589 0.999915540 -0.005754391 -0.301216871 -0.233373776 0.008315870 0.972351551 81.788871765
0.971177280 -0.009730459 0.238159731 7.060245037 0.011052790 0.999930024 -0.004217506 -0.308987170 -0.238102019 0.006728275 0.971216857 82.369544983
0.969968438 -0.009042196 0.243062779 7.201357841 0.010418063 0.999936163 -0.004375713 -0.317465931 -0.243007705 0.006776547 0.970000684 82.955184937
0.968750715 -0.007863888 0.247911736 7.350440025 0.010029275 0.999921799 -0.007472803 -0.316713482 -0.247833580 0.009725658 0.968753815 83.536491394
0.967225730 -0.009931461 0.253723681 7.503355503 0.012879352 0.999867439 -0.009960037 -0.319825470 -0.253591120 0.012901401 0.967225432 84.111457825
0.965911686 -0.010756212 0.258648306 7.662653446 0.014079417 0.999840379 -0.010999409 -0.322181165 -0.258488715 0.014266075 0.965908945 84.677375793
0.964559436 -0.008298666 0.263735026 7.818114281 0.011414243 0.999881983 -0.010283156 -0.329528064 -0.263618588 0.012929052 0.964540362 85.247810364
0.963223934 -0.004516148 0.268662035 7.971007824 0.007136127 0.999936044 -0.008776191 -0.333140373 -0.268605202 0.010370644 0.963194549 85.816192627
0.962116718 -0.003058075 0.272620678 8.134645462 0.005443496 0.999953210 -0.007994060 -0.336733669 -0.272583485 0.009175229 0.962088406 86.380203247
0.960641503 -0.005124053 0.277743816 8.294264793 0.007193930 0.999953449 -0.006433895 -0.342388928 -0.277697891 0.008178736 0.960633636 86.943389893
0.959201157 -0.008633455 0.282592624 8.467513084 0.010517925 0.999931395 -0.005152092 -0.343603313 -0.282528758 0.007914181 0.959226191 87.498344421
0.957678378 -0.007279400 0.287748426 8.633674622 0.009141523 0.999945045 -0.005128225 -0.338798106 -0.287695289 0.007541650 0.957692325 88.055580139
0.956308722 -0.003174474 0.292341471 8.795534134 0.004725543 0.999978244 -0.004599669 -0.355337501 -0.292320520 0.005780175 0.956302941 88.610031128
0.954789639 -0.000184924 0.297282189 8.955446243 0.001885736 0.999983430 -0.005434434 -0.355344951 -0.297276258 0.005749337 0.954774201 89.148139954
0.953473091 0.000171989 0.301478118 9.135586739 0.001783342 0.999979138 -0.006210581 -0.352944136 -0.301472902 0.006459261 0.953452885 89.692848206
0.952089250 -0.001231178 0.305817902 9.317314148 0.003649688 0.999966443 -0.007336693 -0.358832210 -0.305798590 0.008101326 0.952061772 90.235054016
0.950529337 -0.000584722 0.310634196 9.475511551 0.003067287 0.999967158 -0.007503499 -0.363259554 -0.310619593 0.008085100 0.950499952 90.755180359
0.949075341 0.002970139 0.315035105 9.652522087 -0.000247388 0.999962270 -0.008682323 -0.364188552 -0.315049022 0.008162242 0.949040294 91.296592712
0.947765470 0.004401631 0.318937719 9.828327179 -0.001158173 0.999945700 -0.010358498 -0.374819934 -0.318966001 0.009448041 0.947719038 91.822814941
0.946838677 0.003767733 0.321686715 10.014862061 0.000443336 0.999915183 -0.013016333 -0.377490759 -0.321708471 0.012466982 0.946756721 92.336730957
0.945757329 0.003122491 0.324858993 10.197418213 0.000843982 0.999926805 -0.012068205 -0.384072244 -0.324872911 0.011687768 0.945685446 92.851799011
0.944614172 0.003502656 0.328164339 10.374313354 0.000017083 0.999942541 -0.010722043 -0.386719584 -0.328183025 0.010133799 0.944559813 93.356956482
0.943963945 0.007123481 0.329971701 10.537359238 -0.003909907 0.999938250 -0.010401589 -0.395380884 -0.330025434 0.008528566 0.943933487 93.847785950
0.943705082 0.006976098 0.330714375 10.712320328 -0.003884545 0.999942362 -0.010008126 -0.405570090 -0.330765158 0.008160045 0.943677843 94.331916809
0.943509519 0.002488386 0.331336141 10.884799957 0.000029077 0.999971151 -0.007592741 -0.412175953 -0.331345499 0.007173458 0.943482220 94.802932739
0.943334699 0.002950186 0.331829727 11.046194077 -0.000703981 0.999976039 -0.006889153 -0.413721800 -0.331842095 0.006265176 0.943314135 95.264450073
0.943015277 0.004438444 0.332719892 11.194896698 -0.002127763 0.999971032 -0.007308858 -0.417418897 -0.332742691 0.006184415 0.942997396 95.719421387
0.943079710 0.007450197 0.332483321 11.349375725 -0.005222826 0.999957561 -0.007592380 -0.420671284 -0.332525760 0.005423717 0.943078578 96.163925171
0.942980111 0.009560212 0.332711667 11.504508972 -0.007558091 0.999944687 -0.007311298 -0.425706804 -0.332763195 0.004379744 0.943000257 96.604995728
0.943013430 0.012033900 0.332536936 11.647023201 -0.010319544 0.999922812 -0.006921044 -0.434377819 -0.332594544 0.003095008 0.943064809 97.054031372
0.943305850 0.013998139 0.331629455 11.797275543 -0.011496034 0.999888718 -0.009505505 -0.436783910 -0.331725627 0.005154176 0.943361819 97.480186462
0.943240762 0.016537460 0.331697762 11.937827110 -0.013800233 0.999848545 -0.010606078 -0.441720426 -0.331822902 0.005426580 0.943326116 97.896591187
0.943434894 0.017505577 0.331095397 12.079008102 -0.014659078 0.999831021 -0.011092671 -0.441357315 -0.331233650 0.005611660 0.943532050 98.326408386
0.943800867 0.013756787 0.330228150 12.229720116 -0.011131791 0.999889612 -0.009838878 -0.438995659 -0.330327064 0.005609910 0.943849862 98.741905212
0.943922698 0.011841252 0.329954207 12.379606247 -0.009536587 0.999917507 -0.008602633 -0.445586532 -0.330028862 0.004973584 0.943957746 99.149787903
0.943810225 0.011272330 0.330295652 12.517587662 -0.009636381 0.999931872 -0.006589998 -0.449360549 -0.330347449 0.003036852 0.943854511 99.565673828
0.943654776 0.012768763 0.330685109 12.648591995 -0.012343382 0.999918103 -0.003386381 -0.450353444 -0.330701262 -0.000886198 0.943735063 99.985969543
0.943627298 0.013148971 0.330748647 12.787523270 -0.012883046 0.999912500 -0.002996315 -0.454366326 -0.330759138 -0.001433646 0.943714142 100.383743286
0.943493366 0.014744468 0.331063181 12.922713280 -0.014277088 0.999890685 -0.003843732 -0.458963275 -0.331083685 -0.001100082 0.943600774 100.784408569
0.943519115 0.016206933 0.330921412 13.058256149 -0.015185910 0.999868631 -0.005670856 -0.464367747 -0.330969840 0.000325218 0.943641305 101.175102234
0.943526149 0.013606950 0.331018597 13.194828033 -0.011954973 0.999903858 -0.007026230 -0.464282036 -0.331082374 0.002672114 0.943598092 101.565658569
0.943522453 0.010934738 0.331128150 13.336551666 -0.009104271 0.999933481 -0.007078611 -0.465300143 -0.331183523 0.003664149 0.943559229 101.957252502
0.943564475 0.006343321 0.331128061 13.483189583 -0.004091516 0.999963522 -0.007497043 -0.467170179 -0.331163555 0.005719128 0.943556011 102.339004517
0.943535626 0.006715324 0.331203073 13.610312462 -0.003812066 0.999948442 -0.009414640 -0.463938385 -0.331249207 0.007620480 0.943512559 102.718528748
0.943290472 0.009530826 0.331831723 13.736814499 -0.006935589 0.999935389 -0.009004367 -0.472904265 -0.331896096 0.006192284 0.943295598 103.101768494
0.943041146 0.017022477 0.332240343 13.848991394 -0.014418435 0.999843001 -0.010301663 -0.476708591 -0.332363546 0.004924506 0.943138480 103.480819702
0.942848206 0.024266515 0.332337826 13.969194412 -0.021526039 0.999697149 -0.011925757 -0.484259933 -0.332526565 0.004090262 0.943085015 103.855499268
0.942869902 0.022241823 0.332417995 14.095828056 -0.018555423 0.999726117 -0.014260310 -0.486287266 -0.332644105 0.007277462 0.943024337 104.214820862
0.943024755 0.014707260 0.332397401 14.235003471 -0.011430368 0.999864936 -0.011811626 -0.482169718 -0.332526207 0.007339231 0.943065464 104.585586548
0.942953050 0.007804547 0.332834244 14.374289513 -0.005232663 0.999949157 -0.008622893 -0.483596385 -0.332884610 0.006389374 0.942945957 104.934867859
0.942698717 0.009516319 0.333509445 14.497584343 -0.007652354 0.999946892 -0.006902202 -0.492698014 -0.333557427 0.003954564 0.942721486 105.300308228
0.942315340 0.015051930 0.334387898 14.610655785 -0.013355630 0.999883652 -0.007371571 -0.495707691 -0.334459960 0.002480383 0.942406714 105.651557922
0.942007422 0.021629302 0.334894359 14.722554207 -0.020471040 0.999766052 -0.006988387 -0.497307360 -0.334967166 -0.000272522 0.942229748 105.992492676
0.941303074 0.025559062 0.336593628 14.829910278 -0.025412943 0.999665320 -0.004840337 -0.511925161 -0.336604685 -0.003997610 0.941637576 106.333320618
0.940542340 0.025755541 0.338698715 14.948099136 -0.026309688 0.999649465 -0.002955841 -0.516361058 -0.338656127 -0.006130962 0.940890253 106.665428162
0.939557016 0.021218546 0.341734320 15.072148323 -0.020752359 0.999772012 -0.005020517 -0.515737593 -0.341762960 -0.002374732 0.939783216 106.979728699
0.938145041 0.014523496 0.345937759 15.194138527 -0.012645097 0.999890506 -0.007686268 -0.508017182 -0.346011490 0.002836418 0.938225985 107.286476135
0.936090350 0.008797599 0.351649582 15.316881180 -0.006852116 0.999953568 -0.006776607 -0.503351390 -0.351692885 0.003933972 0.936107159 107.578338623
0.933905423 0.012862535 0.357288748 15.426756859 -0.011551554 0.999916434 -0.005803153 -0.511261046 -0.357333541 0.001292356 0.933975935 107.861724854
0.931167781 0.020622782 0.364007235 15.523169518 -0.019092185 0.999787271 -0.007803055 -0.516394138 -0.364090711 0.000316260 0.931363463 108.139808655
0.928095758 0.026860105 0.371371567 15.625053406 -0.024841269 0.999639153 -0.010219783 -0.520192206 -0.371512085 0.000259596 0.928428113 108.410537720
0.924455762 0.028729441 0.380205363 15.728944778 -0.026660413 0.999587178 -0.010707919 -0.524106503 -0.380356044 -0.000237433 0.924840093 108.670394897
0.920889795 0.026896629 0.388894022 15.849465370 -0.024805306 0.999638200 -0.010398582 -0.527279973 -0.389033020 -0.000070685 0.921223819 108.921417236
0.916903436 0.025630860 0.398285300 15.961155891 -0.023813426 0.999671161 -0.009510321 -0.528607011 -0.398398101 -0.000764491 0.917212307 109.173690796
0.912350059 0.025820248 0.408596039 16.077732086 -0.024213040 0.999665320 -0.009106399 -0.535060465 -0.408694446 -0.001585130 0.912669897 109.422088623
0.907686770 0.026026482 0.418840498 16.198095322 -0.024195341 0.999660373 -0.009683519 -0.535818636 -0.418950289 -0.001344387 0.908008158 109.651069641
0.903167844 0.023883928 0.428622782 16.321458817 -0.021140529 0.999714196 -0.011160531 -0.535849392 -0.428766847 0.001018522 0.903414607 109.885772705
0.899460971 0.020273410 0.436530590 16.458734512 -0.016145643 0.999782979 -0.013164334 -0.542839229 -0.436702758 0.004792739 0.899593115 110.121520996
0.897391796 0.016115669 0.440940231 16.572402954 -0.011037551 0.999839962 -0.014079195 -0.548984885 -0.441096574 0.007767654 0.897426009 110.328903198
0.897111356 0.016886363 0.441481650 16.690946579 -0.012346725 0.999837279 -0.013153948 -0.553997338 -0.441631913 0.006349705 0.897173882 110.551086426
0.897276103 0.023679938 0.440834284 16.787071228 -0.020034414 0.999715745 -0.012922786 -0.557572961 -0.441015005 0.002763452 0.897495508 110.801330566
0.898382783 0.030213485 0.438172996 16.886724472 -0.026366770 0.999541879 -0.014862143 -0.557856917 -0.438421309 0.001798688 0.898767829 111.042678833
0.900525987 0.029580239 0.433794826 16.993097305 -0.025214072 0.999556959 -0.015816709 -0.560389936 -0.434070498 0.003305626 0.900872827 111.269454956
0.903012455 0.026461223 0.428798735 17.090616226 -0.022441035 0.999644041 -0.014429313 -0.564931929 -0.429027915 0.003407162 0.903284788 111.496185303
0.906939983 0.025767110 0.420471132 17.198181152 -0.022051184 0.999662995 -0.013697322 -0.566931605 -0.420682400 0.003150765 0.907202542 111.726905823
0.911204219 0.025854463 0.411142826 17.276964188 -0.022171712 0.999659956 -0.013724460 -0.569303393 -0.411357850 0.003390048 0.911467612 111.964210510
0.916047752 0.026051084 0.400222242 17.369476318 -0.022188941 0.999651790 -0.014281773 -0.574228644 -0.400454938 0.004202279 0.916306853 112.192108154
0.920708358 0.027605815 0.389273793 17.459737778 -0.023789173 0.999610066 -0.014622514 -0.573644817 -0.389525652 0.004202571 0.921006024 112.425354004
0.925028741 0.028944978 0.378792793 17.531351089 -0.025508309 0.999575317 -0.014088883 -0.574036181 -0.379039735 0.003370259 0.925374269 112.668853760
0.929916501 0.028465871 0.366667449 17.613754272 -0.024775613 0.999583960 -0.014767542 -0.575058341 -0.366935253 0.004648171 0.930234849 112.905586243
0.934419811 0.027626093 0.355100632 17.704881668 -0.023861345 0.999603093 -0.014977770 -0.580555916 -0.355373442 0.005522346 0.934708118 113.167892456
0.938794792 0.027767852 0.343355983 17.790554047 -0.024425386 0.999602854 -0.014056544 -0.585367680 -0.343609929 0.004809608 0.939100146 113.440986633
0.943217337 0.028219631 0.330975413 17.871524811 -0.025676440 0.999597609 -0.012054714 -0.586628020 -0.331182420 0.002871946 0.943562388 113.721900940
0.947370112 0.027659735 0.318943352 17.952777863 -0.025591033 0.999615490 -0.010675631 -0.589987755 -0.319115996 0.001951685 0.947713673 114.010437012
0.951281071 0.029158819 0.306943238 18.031942368 -0.027419331 0.999574184 -0.009978768 -0.595457196 -0.307103515 0.001076436 0.951675534 114.307617188
0.955072641 0.030288959 0.294820100 18.106021881 -0.028559934 0.999540329 -0.010169678 -0.595980525 -0.294992596 0.001292741 0.955498695 114.608894348
0.958753526 0.031541552 0.282483220 18.193187714 -0.029680230 0.999500394 -0.010867082 -0.595738947 -0.282684833 0.002034687 0.959210694 114.919906616
0.961766243 0.032225754 0.271969020 18.260330200 -0.029895445 0.999472260 -0.012708494 -0.597073495 -0.272235036 0.004091967 0.962222099 115.236419678
0.964625061 0.033148561 0.261533350 18.346368790 -0.030608134 0.999436438 -0.013782207 -0.606813431 -0.261842817 0.005289616 0.965096056 115.568267822
0.967125356 0.032244720 0.252247602 18.424104691 -0.028964829 0.999440789 -0.016706085 -0.596155524 -0.252645224 0.008850571 0.967518508 115.910537720
0.968928218 0.032322463 0.245221138 18.494745255 -0.028552324 0.999413311 -0.018914960 -0.609665751 -0.245688647 0.011325606 0.969282627 116.264236450
0.970528007 0.032622863 0.238770157 18.583120346 -0.028580386 0.999383867 -0.020373968 -0.611410022 -0.239287689 0.012949363 0.970862329 116.632141113
0.971713006 0.032898869 0.233862087 18.673212051 -0.028966160 0.999375641 -0.020232160 -0.612777829 -0.234381676 0.012885768 0.972059250 117.018249512
0.972286642 0.033323783 0.231404990 18.763694763 -0.029261755 0.999351919 -0.020964876 -0.615981519 -0.231953651 0.013612553 0.972631574 117.414398193
0.972450316 0.037542604 0.230067268 18.850522995 -0.033303041 0.999196827 -0.022284348 -0.624910176 -0.230719090 0.014008483 0.972919583 117.834304810
0.972749650 0.036361437 0.228988975 18.952600479 -0.031724803 0.999210894 -0.023898324 -0.630305409 -0.229677245 0.015982457 0.973135591 118.260704041
0.972830296 0.030278595 0.229530960 19.059543610 -0.025491023 0.999391794 -0.023795227 -0.638056755 -0.230111852 0.017297737 0.973010421 118.701843262
0.972788811 0.019871954 0.230839863 19.186349869 -0.015183592 0.999641120 -0.022068957 -0.645904303 -0.231195569 0.017963456 0.972741425 119.156402588
0.972397983 0.014451210 0.232880428 19.306301117 -0.009932456 0.999739170 -0.020564809 -0.650129199 -0.233116865 0.017684104 0.972287893 119.625885010
0.971866548 0.011563232 0.235248163 19.427587509 -0.007772231 0.999824643 -0.017035773 -0.651336849 -0.235403910 0.014728096 0.971786022 120.102493286
0.971054435 0.013773464 0.238460898 19.538932800 -0.010884261 0.999850571 -0.013428601 -0.663618267 -0.238610238 0.010444432 0.971059263 120.593841553
0.970204711 0.012522401 0.241962940 19.666818619 -0.010081518 0.999885082 -0.011323333 -0.668847919 -0.242076933 0.008546597 0.970219433 121.085067749
0.969105721 0.007811755 0.246522039 19.804977417 -0.005070389 0.999918103 -0.011752998 -0.671575665 -0.246593654 0.010139936 0.969065905 121.580970764
0.968002796 0.000711722 0.250938296 19.941041946 0.002751414 0.999905765 -0.013449647 -0.682959139 -0.250924230 0.013709730 0.967909634 122.087409973
0.967033029 -0.002061372 0.254642665 20.080369949 0.006716613 0.999825835 -0.017413320 -0.690874398 -0.254562438 0.018549591 0.966878414 122.583328247
0.965921164 -0.002681183 0.258822471 20.220949173 0.008500310 0.999735594 -0.021366596 -0.692439795 -0.258696765 0.022838520 0.965688586 123.095535278
0.965057194 -0.004189195 0.262005746 20.361948013 0.010621612 0.999675810 -0.023139287 -0.697914124 -0.261823893 0.025113659 0.964788854 123.600616455
0.964531839 -0.002397984 0.263955563 20.506357193 0.008634373 0.999710262 -0.022469083 -0.704252660 -0.263825208 0.023951238 0.964273095 124.114982605
0.963874400 -0.001419491 0.266353309 20.640466690 0.007171476 0.999761581 -0.020623924 -0.712246060 -0.266260535 0.021789018 0.963654816 124.646484375
0.963189721 -0.000584360 0.268821985 20.783153534 0.005700322 0.999817193 -0.018250888 -0.723839700 -0.268762171 0.019111440 0.963016987 125.169204712
0.962516308 0.001398639 0.271220297 20.926975250 0.003820242 0.999817610 -0.018713308 -0.734849274 -0.271196991 0.019047992 0.962335348 125.684913635
0.961904943 0.001161588 0.273381561 21.073230743 0.004698968 0.999773026 -0.020781523 -0.745384037 -0.273343652 0.021274462 0.961681128 126.210182190
0.961249411 0.000082739 0.275680095 21.225488663 0.006436989 0.999720573 -0.022744725 -0.752113402 -0.275604963 0.023637904 0.960980296 126.728065491
0.959938526 0.001444375 0.280206949 21.378152847 0.005338865 0.999710917 -0.023443175 -0.762538910 -0.280159801 0.023999995 0.959653318 127.245178223
0.958344102 0.001786380 0.285610646 21.530405045 0.005091988 0.999714673 -0.023338581 -0.771633685 -0.285570830 0.023820715 0.958061516 127.769981384
0.956762314 0.001169167 0.290868521 21.691682816 0.005767638 0.999719083 -0.022990109 -0.785404027 -0.290813655 0.023673696 0.956486821 128.284912109
0.955029905 -0.000889658 0.296508133 21.854814529 0.008121273 0.999698818 -0.023158448 -0.795736969 -0.296398222 0.024525035 0.954749525 128.801223755
0.953374624 -0.002075364 0.301782131 22.024303436 0.009862089 0.999656498 -0.024281140 -0.806750059 -0.301628083 0.026125226 0.953067660 129.320983887
0.951746821 -0.000956601 0.306882858 22.191562653 0.009212127 0.999633551 -0.025453886 -0.818572998 -0.306746066 0.027052699 0.951406837 129.839691162
0.949967802 0.000329296 0.312347710 22.362236023 0.008028903 0.999643266 -0.025472825 -0.830777884 -0.312244684 0.026706172 0.949626267 130.368209839
0.947953224 -0.000032226 0.318409652 22.536062241 0.008086002 0.999679923 -0.023972062 -0.843140841 -0.318306953 0.025299056 0.947650075 130.903198242
0.945577085 -0.001938313 0.325392425 22.730667114 0.009813122 0.999697268 -0.022561489 -0.855157852 -0.325250179 0.024526743 0.945309877 131.438125610
0.942851663 -0.004215971 0.333186090 22.923290253 0.012144156 0.999690413 -0.021716010 -0.866172194 -0.332991391 0.024521241 0.942610979 131.962692261
0.940157652 -0.004424432 0.340710998 23.120977402 0.012352903 0.999700963 -0.021104598 -0.875821352 -0.340515733 0.024050420 0.939931154 132.495986938
0.937394083 -0.004242446 0.348244637 23.321140289 0.012452204 0.999694705 -0.021339798 -0.884660244 -0.348047793 0.024340214 0.937160730 133.018325806
0.934241176 -0.000270340 0.356641710 23.513565063 0.008459668 0.999735117 -0.021402717 -0.894915402 -0.356541455 0.023012370 0.933996081 133.561157227
0.931501091 0.002290680 0.363731325 23.721147537 0.005770192 0.999761283 -0.021073451 -0.902031600 -0.363692790 0.021728743 0.931265533 134.099655151
0.928290725 0.002760022 0.371844947 23.932218552 0.005724163 0.999747932 -0.021710696 -0.910197556 -0.371811152 0.022282340 0.928040922 134.637374878
0.925218403 0.002733072 0.379425168 24.151081085 0.006087628 0.999738455 -0.022045836 -0.928553343 -0.379386157 0.022707012 0.924959779 135.173217773
0.922357559 0.003186394 0.386324167 24.379352570 0.005679088 0.999746144 -0.021804838 -0.937786579 -0.386295587 0.022305826 0.922105312 135.708557129
0.919365823 0.004047887 0.393382847 24.614042282 0.004888854 0.999752283 -0.021713022 -0.946034074 -0.393373311 0.021885403 0.919118285 136.260986328
0.916566074 0.006784790 0.399825782 24.840272903 0.002024129 0.999764502 -0.021605514 -0.954736114 -0.399878204 0.020612180 0.916336477 136.800323486
0.914098501 0.009355931 0.405384272 25.075017929 -0.000554647 0.999761701 -0.021822998 -0.970023036 -0.405491859 0.019723525 0.913885832 137.358093262
0.911857426 0.010300728 0.410377741 25.317861557 -0.001442281 0.999759376 -0.021889819 -0.979815423 -0.410504490 0.019368514 0.911652863 137.903778076
0.910065293 0.010901282 0.414321572 25.566610336 -0.001402330 0.999729335 -0.023223795 -0.989084244 -0.414462596 0.020554153 0.909834206 138.452331543
0.908755004 0.011328829 0.417176247 25.816183090 -0.000980499 0.999686658 -0.025011605 -1.004230499 -0.417328894 0.022320380 0.908481359 139.013092041
0.908141255 0.012770236 0.418469131 26.065382004 -0.001681167 0.999637842 -0.026857117 -1.020224810 -0.418660551 0.023686538 0.907833815 139.563995361
0.907670856 0.013224056 0.419474423 26.313934326 -0.001960492 0.999626160 -0.027271345 -1.032064319 -0.419678241 0.023931030 0.907357454 140.120544434
0.907670856 0.013916927 0.419452012 26.565193176 -0.002561290 0.999615133 -0.027623577 -1.046498895 -0.419675022 0.023998776 0.907357097 140.683517456
0.908187091 0.012815392 0.418368191 26.813686371 -0.001674073 0.999634385 -0.026986599 -1.067436576 -0.418561101 0.023808502 0.907876492 141.245193481
0.909607708 0.011326551 0.415313810 27.086658478 0.000294805 0.999610484 -0.027907318 -1.075529814 -0.415468127 0.025507148 0.909250021 141.815353394
0.911555886 0.009591734 0.411064357 27.335231781 0.002084133 0.999607265 -0.027946405 -1.088753104 -0.411170989 0.026331423 0.911177874 142.381958008
0.914074838 0.007260643 0.405480534 27.587022781 0.003659717 0.999651313 -0.026150130 -1.101595283 -0.405529022 0.025387120 0.913729548 142.950073242
0.916930556 0.004779459 0.399018228 27.844734192 0.005030899 0.999710321 -0.023535417 -1.112161160 -0.399015129 0.023587763 0.916640878 143.541336060
0.919832170 0.002196424 0.392306030 28.087526321 0.006489793 0.999762297 -0.020813912 -1.122596979 -0.392258495 0.021691289 0.919599235 144.120376587
0.922850728 0.005491946 0.385118663 28.314342499 0.002608545 0.999786258 -0.020508148 -1.133515239 -0.385148972 0.019930560 0.922639191 144.699874878
0.925632954 0.005493389 0.378382713 28.546636581 0.002742447 0.999770999 -0.021223566 -1.148465037 -0.378412634 0.020682925 0.925405920 145.301528931
0.928155303 0.006795754 0.372131169 28.773612976 0.001253090 0.999770582 -0.021382937 -1.157212734 -0.372191101 0.020313000 0.927933812 145.890258789
0.930092812 0.008083513 0.367235631 28.991851807 0.000012476 0.999757111 -0.022038044 -1.170621395 -0.367324561 0.020502008 0.929866850 146.488082886
0.932091236 0.008308430 0.362128258 29.219406128 -0.000650696 0.999773681 -0.021263301 -1.177597165 -0.362222970 0.019583702 0.931885719 147.082519531
