1.000000000 0.000000000 0.000000000 0.000000000 0.000000000 1.000000000 0.000000000 0.000000000 0.000000000 0.000000000 1.000000000 0.000000000
0.999997497 0.000134006 -0.002232751 -0.005835448 -0.000131534 0.999999404 0.001107311 0.000302432 0.002232898 -0.001107014 0.999996901 1.270550370
0.999990463 0.000993839 -0.004258982 0.000810425 -0.000994036 0.999999523 -0.000044089 -0.006550856 0.004258936 0.000048322 0.999990940 2.471915722
0.999981701 0.002168403 -0.005644802 -0.021143030 -0.002186521 0.999992490 -0.003205549 -0.004789354 0.005637808 0.003217833 0.999978960 3.723565102
0.999968886 0.003948422 -0.006825917 -0.041963164 -0.003976188 0.999983847 -0.004058884 -0.013797624 0.006809781 0.004085898 0.999968469 4.969930649
0.999959648 0.004844237 -0.007564591 -0.064520605 -0.004880056 0.999976933 -0.004723832 -0.009160019 0.007541533 0.004760557 0.999960244 6.201082230
0.999959350 0.003239307 -0.008415743 -0.064155601 -0.003280192 0.999982893 -0.004848877 -0.020220403 0.008399892 0.004876284 0.999952853 7.453091145
0.999960363 0.002843556 -0.008435924 -0.097867794 -0.002899280 0.999974012 -0.006600639 -0.018160518 0.008416935 0.006624836 0.999942660 8.695868492
0.999956012 0.001662976 -0.009232013 -0.111731678 -0.001711355 0.999984860 -0.005234902 -0.027715893 0.009223167 0.005250471 0.999943674 9.937987328
0.999950767 0.001992858 -0.009721613 -0.135500550 -0.002023968 0.999992847 -0.003191287 -0.037859943 0.009715185 0.003210806 0.999947667 11.144326210
0.999949455 0.002048420 -0.009845055 -0.163193300 -0.002056595 0.999997556 -0.000820302 -0.038711593 0.009843350 0.000840508 0.999951184 12.404179573
0.999936163 0.002832425 -0.010940890 -0.184092864 -0.002839019 0.999995768 -0.000587196 -0.037223022 0.010939181 0.000618220 0.999939978 13.655203819
0.999901175 0.002008075 -0.013915736 -0.201859072 -0.002023316 0.999997377 -0.001081273 -0.039171811 0.013913528 0.001109322 0.999902606 14.849244118
0.999852002 0.000922267 -0.017178411 -0.230684161 -0.000960880 0.999997020 -0.002239683 -0.034122292 0.017176295 0.002255858 0.999849916 16.079292297
0.999787152 -0.002940782 -0.020421755 -0.261307329 0.002872110 0.999990106 -0.003391214 -0.031493809 0.020431526 0.003331838 0.999785721 17.305673599
0.999724448 -0.003472119 -0.023216506 -0.302649885 0.003343618 0.999978900 -0.005571418 -0.038139742 0.023235360 0.005492256 0.999714911 18.521266937
0.999668181 -0.004945308 -0.025279559 -0.338226587 0.004820426 0.999975860 -0.004998614 -0.041711345 0.025303669 0.004875097 0.999667943 19.732584000
0.999613047 -0.005404268 -0.027286144 -0.371716142 0.005315072 0.999980271 -0.003340397 -0.044624072 0.027303660 0.003194076 0.999622107 20.938669205
0.999570549 -0.006239476 -0.028632356 -0.415290564 0.006167703 0.999977589 -0.002594345 -0.046181846 0.028647903 0.002416635 0.999586642 22.149477005
0.999527454 -0.006559012 -0.030030543 -0.456666112 0.006487249 0.999975860 -0.002486457 -0.052911043 0.030046126 0.002290467 0.999545872 23.332780838
0.999484360 -0.007257054 -0.031279117 -0.499309897 0.007162935 0.999969482 -0.003120009 -0.052288298 0.031300802 0.002894350 0.999505818 24.521396637
0.999438047 -0.006973738 -0.032786772 -0.538584352 0.006836270 0.999967396 -0.004303027 -0.052748650 0.032815710 0.004076470 0.999453127 25.705486298
0.999383688 -0.008693216 -0.034009133 -0.576066613 0.008510294 0.999948561 -0.005519673 -0.058234137 0.034055367 0.005226844 0.999406278 26.861230850
0.999355435 -0.007837602 -0.035032649 -0.624564171 0.007628919 0.999952376 -0.006086534 -0.053359702 0.035078682 0.005815350 0.999367654 28.074588776
0.999348521 -0.006441199 -0.035510398 -0.677346230 0.006306266 0.999972463 -0.003910504 -0.055680271 0.035534609 0.003684019 0.999361634 29.264305115
0.999364197 -0.004903178 -0.035314661 -0.728155732 0.004826053 0.999985754 -0.002268848 -0.059335321 0.035325281 0.002096975 0.999373674 30.438137054
0.999358892 -0.003601606 -0.035620529 -0.771805704 0.003517153 0.999990880 -0.002433290 -0.062453590 0.035628967 0.002306448 0.999362409 31.615861893
0.999365985 -0.004308262 -0.035341438 -0.821101606 0.004171174 0.999983490 -0.003951780 -0.063540645 0.035357878 0.003801859 0.999367476 32.784965515
0.999378920 -0.004778805 -0.034913756 -0.866757035 0.004578729 0.999972641 -0.005808282 -0.064535551 0.034940556 0.005644814 0.999373436 33.947856903
0.999387741 -0.006259656 -0.034423832 -0.906968653 0.006039902 0.999960721 -0.006484078 -0.066820897 0.034463070 0.006272191 0.999386311 35.104419708
0.999426723 -0.007199713 -0.033080883 -0.950933754 0.007023694 0.999960542 -0.005434022 -0.072399087 0.033118702 0.005198557 0.999437928 36.263481140
0.999486387 -0.008051019 -0.031017758 -0.993078172 0.007929796 0.999960423 -0.004029190 -0.075115815 0.031048970 0.003781156 0.999510705 37.417427063
0.999568582 -0.008042683 -0.028247276 -1.029134274 0.007935442 0.999960899 -0.003906539 -0.065548554 0.028277591 0.003680699 0.999593318 38.522041321
0.999640763 -0.007874985 -0.025618298 -1.055015683 0.007778944 0.999962330 -0.003846432 -0.063235395 0.025647623 0.003645767 0.999664426 39.635643005
0.999705136 -0.009180539 -0.022480626 -1.081490993 0.009100904 0.999951959 -0.003642167 -0.064659223 0.022512982 0.003436499 0.999740660 40.771728516
0.999770880 -0.009884373 -0.018987304 -1.109808326 0.009826377 0.999946773 -0.003145337 -0.066387519 0.019017382 0.002958040 0.999814749 41.899517059
0.999809504 -0.011530084 -0.015748326 -1.126578689 0.011488589 0.999930322 -0.002722770 -0.068571232 0.015778622 0.002541326 0.999872267 43.017517090
0.999837875 -0.013169445 -0.012280513 -1.139586568 0.013136296 0.999909878 -0.002776175 -0.073325589 0.012315966 0.002614404 0.999920726 44.150524139
0.999877214 -0.013239479 -0.008383747 -1.152891397 0.013218539 0.999909401 -0.002548181 -0.077262722 0.008416723 0.002437047 0.999961615 45.279125214
0.999895394 -0.013799242 -0.004336913 -1.163231015 0.013790017 0.999902606 -0.002149932 -0.080366515 0.004366158 0.002089901 0.999988258 46.413547516
0.999932230 -0.011630978 -0.000456262 -1.174278855 0.011629741 0.999928951 -0.002626296 -0.081746101 0.000486776 0.002620812 0.999996424 47.550285339
0.999929845 -0.011196473 0.003865713 -1.182317734 0.011210715 0.999930382 -0.003682466 -0.079430275 -0.003824214 0.003725545 0.999985754 48.679309845
0.999913931 -0.010839146 0.007391456 -1.180008531 0.010874506 0.999929547 -0.004760600 -0.077232301 -0.007339334 0.004840569 0.999961376 49.815914154
0.999875546 -0.011632784 0.010654870 -1.169960976 0.011685149 0.999919891 -0.004865604 -0.082032926 -0.010597416 0.004989502 0.999931395 50.942108154
0.999820888 -0.013206638 0.013557173 -1.159259796 0.013273855 0.999899983 -0.004880000 -0.084289193 -0.013491370 0.005059082 0.999896169 52.066757202
0.999788940 -0.013503243 0.015482044 -1.142353177 0.013578944 0.999896288 -0.004794938 -0.086297490 -0.015415692 0.005004156 0.999868631 53.192581177
0.999758899 -0.014270079 0.016688619 -1.124284983 0.014355032 0.999884546 -0.004981792 -0.090490296 -0.016615601 0.005220157 0.999848306 54.320407867
0.999746263 -0.013848222 0.017767603 -1.109397769 0.013961151 0.999882996 -0.006247660 -0.093856186 -0.017679006 0.006494131 0.999822617 55.445880890
0.999781370 -0.009226725 0.018763600 -1.104327440 0.009380293 0.999923110 -0.008112860 -0.096354797 -0.018687300 0.008287095 0.999791026 56.582862854
0.999778867 -0.009368631 0.018825360 -1.090131402 0.009484358 0.999936640 -0.006067584 -0.099699184 -0.018767321 0.006244789 0.999804378 57.728622437
0.999807298 -0.008049935 0.017904010 -1.073233247 0.008109317 0.999961853 -0.003246565 -0.094466291 -0.017877191 0.003391128 0.999834418 58.874988556
0.999791145 -0.010629920 0.017456174 -1.056327820 0.010640429 0.999943256 -0.000509301 -0.096295208 -0.017449770 0.000694936 0.999847472 60.024379730
0.999786019 -0.013541553 0.015638612 -1.028604388 0.013533873 0.999908209 0.000596797 -0.091645055 -0.015645260 -0.000385018 0.999877512 61.159126282
0.999773502 -0.015069778 0.015027480 -1.028720975 0.015063449 0.999886394 0.000534247 -0.093800373 -0.015033824 -0.000307760 0.999886930 62.308635712
0.999763310 -0.016452726 0.014236513 -1.016206980 0.016478511 0.999862790 -0.001695721 -0.090526551 -0.014206660 0.001929917 0.999897242 63.435436249
0.999802649 -0.014839571 0.013207921 -1.006479979 0.014897380 0.999879837 -0.004289296 -0.091039091 -0.013142682 0.004485213 0.999903560 64.597129822
0.999852180 -0.012452716 0.011856853 -1.003874302 0.012526941 0.999902248 -0.006206516 -0.090685643 -0.011778407 0.006354129 0.999910414 65.730537415
0.999866724 -0.013127131 0.009705093 -0.995465815 0.013190337 0.999891996 -0.006477665 -0.096400894 -0.009619012 0.006604815 0.999931931 66.894363403
0.999898851 -0.012468576 0.006846398 -0.997421324 0.012507662 0.999905527 -0.005696241 -0.097976923 -0.006774727 0.005781297 0.999960363 68.041358948
0.999913812 -0.012835371 0.002758684 -0.993929625 0.012848658 0.999905646 -0.004853465 -0.102660008 -0.002696128 0.004888492 0.999984443 69.181434631
0.999948740 -0.010018900 -0.001479155 -1.005017996 0.010010758 0.999935269 -0.005412547 -0.103664406 0.001533287 0.005397463 0.999984264 70.331527710
0.999949813 -0.008423300 -0.005421857 -1.011742353 0.008389996 0.999945998 -0.006136139 -0.109503306 0.005473251 0.006090342 0.999966502 71.453956604
0.999957263 -0.005387675 -0.007514555 -1.043166995 0.005343191 0.999968171 -0.005927232 -0.115595922 0.007546250 0.005886827 0.999954224 72.640510559
0.999941468 -0.005024809 -0.009579348 -1.054669976 0.004969750 0.999971032 -0.005762870 -0.115188703 0.009608028 0.005714926 0.999937534 73.780334473
0.999931514 -0.004623435 -0.010751147 -1.072430611 0.004565243 0.999974847 -0.005430946 -0.120192699 0.010775986 0.005381492 0.999927461 74.971817017
0.999892950 -0.007946841 -0.012284100 -1.106671929 0.007857937 0.999942720 -0.007268754 -0.127351239 0.012341159 0.007171448 0.999898136 76.109817505
0.999852240 -0.009104428 -0.014582829 -1.116837740 0.008930734 0.999888957 -0.011931971 -0.128738105 0.014689843 0.011799973 0.999822497 77.267433167
0.999801934 -0.011468947 -0.016266609 -1.142651439 0.011246405 0.999842823 -0.013707063 -0.139723465 0.016421257 0.013521408 0.999773741 78.449348450
0.999767601 -0.011177803 -0.018433817 -1.165477633 0.010993512 0.999888897 -0.010068677 -0.140800282 0.018544313 0.009863685 0.999779403 79.611503601
0.999736249 -0.010761966 -0.020287355 -1.195420980 0.010689967 0.999936163 -0.003654052 -0.140612006 0.020325385 0.003436217 0.999787509 80.802749634
0.999696374 -0.009338741 -0.022802833 -1.227168202 0.009337044 0.999956369 -0.000180868 -0.139432341 0.022803528 -0.000032098 0.999739945 81.970497131
0.999661744 -0.008982683 -0.024408076 -1.268320799 0.008972405 0.999959588 -0.000530545 -0.136456296 0.024411855 0.000311367 0.999701917 83.152297974
0.999606609 -0.008098554 -0.026851865 -1.304380417 0.008002022 0.999961138 -0.003700494 -0.129944906 0.026880790 0.003484169 0.999632597 84.328193665
0.999539196 -0.006009718 -0.029753281 -1.355426073 0.005827212 0.999963701 -0.006216890 -0.130092710 0.029789561 0.006040646 0.999537945 85.501106262
0.999448955 -0.005681249 -0.032703459 -1.401487112 0.005466914 0.999962986 -0.006639580 -0.132916033 0.032739971 0.006457135 0.999443054 86.679679871
0.999337018 -0.003506627 -0.036237914 -1.454437852 0.003282227 0.999975085 -0.006250055 -0.132470042 0.036258928 0.006126970 0.999323666 87.881195068
0.999177337 -0.002788694 -0.040458150 -1.506080985 0.002574620 0.999982417 -0.005342385 -0.140707895 0.040472336 0.005233826 0.999166965 89.067077637
0.998975456 -0.001122574 -0.045240965 -1.562310219 0.000849392 0.999981284 -0.006057155 -0.139819711 0.045246918 0.006012522 0.998957753 90.270034790
0.998779476 0.000226125 -0.049391102 -1.621038198 -0.000572394 0.999975383 -0.006996724 -0.140564173 0.049388304 0.007016456 0.998754978 91.468696594
0.998577833 0.002090974 -0.053271983 -1.707268715 -0.002432414 0.999976933 -0.006345354 -0.144139796 0.053257488 0.006465910 0.998559892 92.656578064
0.998347580 0.002846117 -0.057393964 -1.784750104 -0.003141773 0.999982238 -0.005061766 -0.151334092 0.057378542 0.005233720 0.998338759 93.849769592
0.998067260 0.004379912 -0.061988365 -1.871762276 -0.004647724 0.999980450 -0.004176829 -0.154378042 0.061968859 0.004456860 0.998068154 95.044715881
0.997760892 0.004657266 -0.066719584 -1.957129478 -0.004979984 0.999976695 -0.004671421 -0.161208615 0.066696271 0.004993224 0.997760832 96.243225098
0.997421443 0.005083292 -0.071586616 -2.048525333 -0.005550718 0.999964535 -0.006332095 -0.157520235 0.071551889 0.006713124 0.997414291 97.448890686
0.997100294 0.006113544 -0.075852782 -2.140681028 -0.006594028 0.999959767 -0.006085594 -0.158913955 0.075812526 0.006568123 0.997100472 98.640373230
0.996821404 0.008180887 -0.079247348 -2.244510889 -0.008542412 0.999954581 -0.004224053 -0.166531339 0.079209186 0.004887590 0.996846020 99.835861206
0.996566713 0.008564225 -0.082349464 -2.341940880 -0.008813953 0.999957621 -0.002669482 -0.168507427 0.082323112 0.003386141 0.996599913 101.031814575
0.996316493 0.008279875 -0.085351266 -2.448767424 -0.008449059 0.999962986 -0.001621171 -0.167485937 0.085334688 0.002336337 0.996349633 102.242538452
0.996117771 0.008778892 -0.087591901 -2.558557987 -0.008900802 0.999959886 -0.001001303 -0.171192989 0.087579593 0.001777054 0.996155918 103.426139832
0.995899558 0.009576649 -0.089957610 -2.670572042 -0.009734854 0.999951720 -0.001320057 -0.168806911 0.089940630 0.002190369 0.995944738 104.624771118
0.995737016 0.009408900 -0.091756843 -2.792942286 -0.009625172 0.999951839 -0.001914773 -0.159573972 0.091734409 0.002789786 0.995779574 105.826583862
0.995507360 0.008781594 -0.094276048 -2.917277575 -0.008976222 0.999958396 -0.001640568 -0.166299134 0.094257720 0.002479441 0.995544732 107.003547668
0.995255470 0.009415556 -0.096839242 -3.033965588 -0.009761726 0.999947548 -0.003101542 -0.167246997 0.096804954 0.004032145 0.995295227 108.201736450
0.995089591 0.008354547 -0.098624915 -3.166321993 -0.008771589 0.999954343 -0.003795712 -0.173242822 0.098588705 0.004642171 0.995117426 109.398468018
0.994892299 0.011466602 -0.100288540 -3.299109936 -0.011926048 0.999920964 -0.003982896 -0.168800130 0.100234941 0.005158599 0.994950414 110.604934692
0.994755685 0.011199740 -0.101664603 -3.429165125 -0.011569634 0.999928415 -0.003049457 -0.168229878 0.101623170 0.004209687 0.994814038 111.779953003
0.994511545 0.012983946 -0.103818297 -3.551787138 -0.013202355 0.999911845 -0.001416833 -0.163284421 0.103790753 0.002779703 0.994595289 112.978759766
0.994529247 0.012072574 -0.103758425 -3.697228432 -0.012013939 0.999927104 0.001190077 -0.160946697 0.103765227 0.000062981 0.994601846 114.179130554
0.994330645 0.013862341 -0.105424948 -3.825853109 -0.013897335 0.999903321 0.000402707 -0.160011336 0.105420344 0.001064702 0.994427204 115.373565674
0.994272947 0.014643414 -0.105862468 -3.975977898 -0.015190545 0.999875069 -0.004363802 -0.162559658 0.105785340 0.005946919 0.994371235 116.584510803
0.994124889 0.015474883 -0.107127316 -4.107676983 -0.016409839 0.999834538 -0.007851467 -0.158256292 0.106988095 0.009563280 0.994214296 117.780982971
0.994077146 0.015337192 -0.107588887 -4.248582363 -0.016327836 0.999831975 -0.008332771 -0.162576407 0.107443005 0.010040111 0.994160533 118.985992432
0.994073391 0.012865108 -0.107946932 -4.383867741 -0.013901853 0.999864161 -0.008857152 -0.166889995 0.107818313 0.010305322 0.994117200 120.187301636
0.994018674 0.008452002 -0.108882532 -4.510490894 -0.009561528 0.999907494 -0.009672044 -0.178343624 0.108790711 0.010655276 0.994007587 121.405868530
0.993960977 0.004659833 -0.109635197 -4.645590782 -0.005774540 0.999934793 -0.009852109 -0.181119442 0.109582141 0.010425705 0.993923068 122.619873047
0.993872046 0.001811181 -0.110521615 -4.774748802 -0.002714244 0.999964118 -0.008021013 -0.184701651 0.110503122 0.008271844 0.993841350 123.844787598
0.993757367 0.001594667 -0.111551389 -4.917421341 -0.002323600 0.999976814 -0.006404813 -0.192758292 0.111538582 0.006624031 0.993738055 125.061813354
0.993818104 0.002241608 -0.110998131 -5.067825794 -0.003011623 0.999972522 -0.006770009 -0.192335159 0.110979907 0.007062442 0.993797541 126.287292480
0.993658543 0.003991113 -0.112369038 -5.207850933 -0.004795580 0.999964774 -0.006889765 -0.192877144 0.112337582 0.007384948 0.993642628 127.544532776
0.993636310 0.004007010 -0.112564586 -5.351958275 -0.004780841 0.999966741 -0.006605450 -0.193499953 0.112534374 0.007101568 0.993622482 128.793777466
0.993528366 0.003753996 -0.113522038 -5.499931812 -0.004542215 0.999967337 -0.006685453 -0.196358576 0.113493226 0.007157828 0.993512988 130.064819336
0.993422449 0.002698241 -0.114474945 -5.645105839 -0.003527787 0.999968946 -0.007044557 -0.198202968 0.114452384 0.007402064 0.993401170 131.328659058
0.993314207 0.000734565 -0.115440063 -5.793468952 -0.001708388 0.999963760 -0.008337029 -0.205980048 0.115429759 0.008478506 0.993279457 132.612945557
0.993254721 0.000797181 -0.115950294 -5.949181080 -0.002030916 0.999942601 -0.010522452 -0.209492147 0.115935244 0.010686961 0.993199289 133.889587402
0.993105948 0.000217228 -0.117220245 -6.107438087 -0.001577607 0.999932468 -0.011512668 -0.222692862 0.117209829 0.011618227 0.993039191 135.208511353
0.992981672 0.001635440 -0.118257120 -6.265362740 -0.003002484 0.999930680 -0.011382701 -0.226244688 0.118230306 0.011657878 0.992917776 136.506729126
0.992909193 0.002147052 -0.118856139 -6.434650898 -0.003281108 0.999950945 -0.009346554 -0.227519780 0.118830241 0.009670259 0.992867470 137.832305908
0.992837250 0.002155493 -0.119455084 -6.600266457 -0.002919216 0.999976397 -0.006218774 -0.229060650 0.119438864 0.006522946 0.992820144 139.153350830
0.992730260 0.001194524 -0.120354548 -6.766195297 -0.001938876 0.999979734 -0.006067754 -0.228172049 0.120344855 0.006256995 0.992712438 140.488174438
0.992572069 -0.001589329 -0.121647626 -6.926469326 0.000596014 0.999966204 -0.008201463 -0.231388479 0.121656552 0.008068039 0.992539465 141.827545166
0.992406845 -0.003148060 -0.122958228 -7.096906662 0.001799450 0.999936998 -0.011077544 -0.229054675 0.122985356 0.010772173 0.992350042 143.182662964
0.992293894 -0.005142977 -0.123799838 -7.264062405 0.003768130 0.999928653 -0.011336996 -0.239452615 0.123849310 0.010783138 0.992242455 144.542877197
0.992193401 -0.004031773 -0.124643490 -7.449246407 0.002710945 0.999938369 -0.010764649 -0.240561470 0.124679215 0.010342712 0.992143214 145.903320312
0.992110550 -0.003943596 -0.125304267 -7.629001141 0.002853038 0.999956489 -0.008881547 -0.247402012 0.125333846 0.008453978 0.992078602 147.269821167
0.992044687 -0.002676855 -0.125857994 -7.814568520 0.001661582 0.999965250 -0.008171106 -0.253442079 0.125875488 0.007896978 0.992014647 148.649642944
0.991959393 -0.002327243 -0.126535088 -8.002002716 0.001040027 0.999947071 -0.010237914 -0.250190794 0.126552209 0.010023995 0.991909325 150.052352905
0.991812468 -0.003966903 -0.127641305 -8.183765411 0.002701023 0.999945462 -0.010089044 -0.258436650 0.127674356 0.009661677 0.991769075 151.466064453
0.991708994 -0.005599048 -0.128381938 -8.372173309 0.004644535 0.999959290 -0.007733122 -0.261992216 0.128420010 0.007072732 0.991694629 152.869659424
0.991575539 -0.005457269 -0.129414812 -8.561870575 0.004727728 0.999971151 -0.005943774 -0.265669346 0.129443511 0.005281862 0.991572738 154.283096313
0.991438568 -0.004955226 -0.130479962 -8.751123428 0.004383514 0.999979496 -0.004668457 -0.271576494 0.130500421 0.004056528 0.991439939 155.691482544
0.991288722 -0.004603004 -0.131626502 -8.943793297 0.003989183 0.999979913 -0.004926664 -0.274132401 0.131646529 0.004358665 0.991287112 157.094604492
0.991119087 -0.003799952 -0.132923022 -9.141289711 0.003267996 0.999985754 -0.004219921 -0.284016728 0.132937163 0.003748052 0.991117358 158.498901367
0.990972877 -0.004055814 -0.134001002 -9.338898659 0.003492862 0.999984086 -0.004435923 -0.285058051 0.134016857 0.003927832 0.990971267 159.908065796
0.990734696 -0.005608030 -0.135695681 -9.531351089 0.005093049 0.999978423 -0.004141979 -0.287087739 0.135715991 0.003412498 0.990741909 161.315673828
0.990528166 -0.007040825 -0.137128919 -9.727872849 0.006701424 0.999973238 -0.002936558 -0.288925529 0.137145936 0.001989785 0.990548849 162.714080811
0.990323544 -0.008087534 -0.138542056 -9.926500320 0.007995537 0.999967277 -0.001220572 -0.293264210 0.138547391 0.000101043 0.990355790 164.118087769
0.990104079 -0.009141115 -0.140036955 -10.121540070 0.009478291 0.999953568 0.001740999 -0.289263964 0.140014529 -0.003051081 0.990144730 165.529449463
0.989973187 -0.007277543 -0.141067967 -10.328540802 0.008151391 0.999951005 0.005617653 -0.286244601 0.141020179 -0.006711225 0.989983976 166.937942505
0.989906728 -0.006412543 -0.141575113 -10.545132637 0.007308648 0.999956429 0.005810457 -0.279411674 0.141531676 -0.006786533 0.989910483 168.343322754
0.989937007 -0.004875942 -0.141424611 -10.756738663 0.004764970 0.999988019 -0.001123305 -0.269829392 0.141428396 0.000438117 0.989948392 169.739181519
0.989966393 -0.003346842 -0.141263202 -10.963187218 0.002092601 0.999957085 -0.009026363 -0.267730087 0.141287357 0.008640189 0.989930928 171.131393433
0.989972234 -0.003593286 -0.141216233 -11.162064552 0.002147661 0.999943733 -0.010388034 -0.276082695 0.141245618 0.009980581 0.989924252 172.519882202
0.989972591 -0.006332208 -0.141117662 -11.359735489 0.005472241 0.999963999 -0.006481202 -0.288958609 0.141153634 0.005643982 0.989971638 173.899856567
0.989908099 -0.009502912 -0.141391963 -11.553273201 0.008819400 0.999946177 -0.005460035 -0.294855714 0.141436234 0.004157941 0.989938617 175.291549683
