1.000000000 0.000000000 0.000000000 0.000000000 0.000000000 1.000000000 0.000000000 0.000000000 0.000000000 0.000000000 1.000000000 0.000000000
0.999979675 -0.002369208 0.005923757 0.012314972 0.002380194 0.999995470 -0.001848074 0.000350437 -0.005919352 0.001862137 0.999980748 0.661163211
0.999934554 -0.004341398 0.010585599 0.023385951 0.004378327 0.999984384 -0.003467834 0.006526649 -0.010570379 0.003513954 0.999937952 1.334110856
0.999874711 -0.007534562 0.013921784 0.023644138 0.007582776 0.999965429 -0.003413637 0.006596205 -0.013895583 0.003518775 0.999897242 2.010142088
0.999821305 -0.011316846 0.015141129 0.034354527 0.011328097 0.999935627 -0.000657477 0.006968032 -0.015132713 0.000828879 0.999885142 2.700614929
0.999785304 -0.014247702 0.015045492 0.050358359 0.014227296 0.999897718 0.001462432 0.005861509 -0.015064789 -0.001248061 0.999885738 3.370035410
0.999778330 -0.016517889 0.013055732 0.061794993 0.016491609 0.999861777 0.002118060 0.008626654 -0.013088914 -0.001902280 0.999912500 4.054451942
0.999764502 -0.019075451 0.010345425 0.067760766 0.019060358 0.999817133 0.001555563 0.013197629 -0.010373206 -0.001358010 0.999945283 4.744605541
0.999756932 -0.021317925 0.005619704 0.072629854 0.021317489 0.999772727 0.000137253 0.020231351 -0.005621353 -0.000017422 0.999984205 5.436922073
0.999712169 -0.023971973 -0.000954229 0.068985738 0.023972187 0.999712586 0.000213585 0.024538528 0.000948835 -0.000236399 0.999999523 6.131271839
0.999615550 -0.026072685 -0.009431426 0.063333541 0.026087416 0.999658644 0.001442314 0.030467380 0.009390602 -0.001687802 0.999954462 6.838332653
0.999432981 -0.027686771 -0.019160006 0.047492042 0.027770955 0.999605715 0.004141614 0.036284730 0.019037783 -0.004671358 0.999807835 7.542433739
0.999105871 -0.029644072 -0.030143905 0.020217784 0.029829130 0.999538720 0.005708002 0.039718490 0.029960793 -0.006602065 0.999529243 8.255300522
0.998725355 -0.028712986 -0.041511249 -0.015839010 0.029028762 0.999553919 0.007024248 0.045983784 0.041291043 -0.008220315 0.999113321 8.959123611
0.998227119 -0.027068779 -0.053008214 -0.059665192 0.027460076 0.999600649 0.006667344 0.052681200 0.052806567 -0.008111133 0.998571813 9.677766800
0.997619152 -0.026202476 -0.063792333 -0.115470357 0.026532426 0.999638557 0.004330458 0.057931248 0.063655809 -0.006012713 0.997953773 10.415948868
0.996874154 -0.027512124 -0.074060515 -0.170399040 0.027865672 0.999604642 0.003744540 0.064089864 0.073928222 -0.005796581 0.997246742 11.129628181
0.996102571 -0.028397178 -0.083506040 -0.240654662 0.028757844 0.999581516 0.003119140 0.071240753 0.083382517 -0.005508437 0.996502399 11.848813057
0.995339334 -0.026580056 -0.092698976 -0.316467017 0.026890540 0.999636173 0.002101717 0.074871801 0.092609383 -0.004584647 0.995691955 12.589130402
0.994556487 -0.025037521 -0.101145826 -0.399558723 0.025349187 0.999677062 0.001797037 0.078108661 0.101068169 -0.004351220 0.994870007 13.306294441
0.993615150 -0.027504651 -0.109418705 -0.482678831 0.027615638 0.999618471 -0.000501197 0.081132613 0.109390743 -0.002523670 0.993995607 14.017012596
0.992642581 -0.030078912 -0.117285669 -0.565910995 0.030156462 0.999544561 -0.001113728 0.089137197 0.117265753 -0.002431387 0.993097603 14.743635178
0.991855979 -0.029692909 -0.123855121 -0.656897664 0.029998552 0.999549747 0.000603154 0.082959428 0.123781450 -0.004313717 0.992300153 15.462902069
0.991270781 -0.026173869 -0.129217476 -0.754320204 0.026641032 0.999643266 0.001887857 0.089667082 0.129121974 -0.005313865 0.991614461 16.169483185
0.990774095 -0.024975639 -0.133202553 -0.858211040 0.025735673 0.999660850 0.003986923 0.089534506 0.133057788 -0.007378197 0.991080821 16.877855301
0.990273952 -0.024910264 -0.136883095 -0.962386847 0.025825724 0.999654353 0.004915791 0.089075372 0.136713326 -0.008403084 0.990575016 17.590269089
0.989742458 -0.026573000 -0.140369937 -1.069312811 0.027611548 0.999603868 0.005455921 0.095825575 0.140169352 -0.009275788 0.990084112 18.317079544
0.989291012 -0.026026918 -0.143617079 -1.168692827 0.027386425 0.999596834 0.007497154 0.103906333 0.143364042 -0.011350024 0.989604950 19.018774033
0.989030302 -0.026544282 -0.145308122 -1.278682590 0.028207373 0.999557912 0.009396587 0.105930433 0.144994453 -0.013392270 0.989341855 19.718669891
0.988867939 -0.025787713 -0.146544322 -1.385452390 0.027518785 0.999573290 0.009797271 0.114604652 0.146229133 -0.013720929 0.989155591 20.416139603
0.988934398 -0.024859382 -0.146255925 -1.491050124 0.026420731 0.999612689 0.008742321 0.119761214 0.145981953 -0.012509771 0.989208162 21.100345612
0.989141643 -0.023134820 -0.145133048 -1.607574224 0.024315748 0.999684036 0.006368013 0.114048421 0.144939870 -0.009827885 0.989391685 21.803020477
0.989434659 -0.023519240 -0.143059075 -1.701764822 0.024371509 0.999694109 0.004207826 0.120012358 0.142916352 -0.007649934 0.989705205 22.484422684
0.989930987 -0.025068523 -0.139313564 -1.799544573 0.025893906 0.999656200 0.004114988 0.127878785 0.139162511 -0.007680926 0.990239739 23.171243668
0.990531445 -0.025111947 -0.134969905 -1.893039703 0.026147228 0.999640703 0.005903001 0.137443930 0.134773180 -0.009376197 0.990832090 23.852233887
0.991020799 -0.026736876 -0.131007105 -1.988322973 0.027901953 0.999585688 0.007065406 0.137296140 0.130763918 -0.010657318 0.991356254 24.569334030
0.991411328 -0.027177498 -0.127925813 -2.070601702 0.028308973 0.999574482 0.007034568 0.143535674 0.127680197 -0.010595597 0.991758823 25.250577927
0.991828799 -0.029795989 -0.124047704 -2.156875134 0.030606074 0.999520779 0.004629468 0.145664647 0.123850323 -0.008388253 0.992265463 25.923492432
0.992134809 -0.030284915 -0.121455014 -2.237545967 0.030573258 0.999532402 0.000510813 0.144869357 0.121382751 -0.004220070 0.992596805 26.601186752
0.992442369 -0.030795176 -0.118784606 -2.315411806 0.030856445 0.999522924 -0.001323746 0.150616497 0.118768699 -0.002351529 0.992919147 27.266046524
0.992863655 -0.028739678 -0.115740001 -2.392360926 0.028735375 0.999585569 -0.001706046 0.153425366 0.115741067 -0.001631961 0.993278086 27.927469254
0.993152916 -0.028689478 -0.113244079 -2.474168301 0.028820446 0.999584496 -0.000480789 0.151370868 0.113210820 -0.002786248 0.993567109 28.604774475
0.993420005 -0.026239967 -0.111481778 -2.544667482 0.026502494 0.999648392 0.000873390 0.155235276 0.111419663 -0.003822188 0.993766069 29.270593643
0.993790030 -0.024323689 -0.108580433 -2.618118048 0.024567777 0.999697745 0.000910611 0.155806839 0.108525462 -0.003572536 0.994087279 29.924064636
0.994088471 -0.021477073 -0.106427796 -2.700613022 0.021659071 0.999765277 0.000554367 0.155931383 0.106390908 -0.002856217 0.994320273 30.586599350
0.994313657 -0.020893592 -0.104421318 -2.772430658 0.021046856 0.999778450 0.000365964 0.162616313 0.104390539 -0.002561623 0.994533062 31.242305756
0.994516790 -0.019734018 -0.102698117 -2.844870090 0.019960746 0.999800086 0.001180404 0.159913316 0.102654293 -0.003223863 0.994711876 31.894895554
0.994707823 -0.019944595 -0.100789785 -2.911726713 0.020155653 0.999796271 0.001076036 0.163078010 0.100747786 -0.003101826 0.994907141 32.544197083
0.994799733 -0.020307267 -0.099805087 -2.978035212 0.020459609 0.999790549 0.000502990 0.165431887 0.099773973 -0.002542347 0.995006859 33.197052002
0.994755447 -0.022563769 -0.099762052 -3.045609713 0.022632256 0.999743760 -0.000445331 0.164747149 0.099746540 -0.001814845 0.995011210 33.870231628
0.994547665 -0.024672272 -0.101322465 -3.110250711 0.024706330 0.999694347 -0.000918921 0.169001088 0.101314165 -0.001589395 0.994853199 34.522350311
0.994352698 -0.024891146 -0.103165723 -3.179640293 0.024966713 0.999688148 -0.000558945 0.172211960 0.103147462 -0.002019921 0.994664013 35.169654846
0.994138658 -0.023767008 -0.105467901 -3.255581141 0.023958605 0.999712825 0.000549859 0.167881712 0.105424538 -0.003073500 0.994422555 35.833618164
0.993930697 -0.022588275 -0.107664034 -3.326801777 0.022981929 0.999732971 0.002416788 0.175020486 0.107580692 -0.004876447 0.994184375 36.485900879
0.993761301 -0.020195486 -0.109684400 -3.406221628 0.021010781 0.999759495 0.006282311 0.177488491 0.109531149 -0.008547672 0.993946612 37.140922546
0.993570328 -0.019110985 -0.111591876 -3.490422010 0.020194583 0.999759197 0.008588041 0.181947619 0.111400880 -0.010786374 0.993717015 37.807353973
0.993321359 -0.018328074 -0.113915794 -3.562445879 0.019563353 0.999761224 0.009735245 0.186492279 0.113710165 -0.011898802 0.993442714 38.451652527
0.993070185 -0.017490298 -0.116213828 -3.643472672 0.018633926 0.999787986 0.008761497 0.192640454 0.116035946 -0.010866301 0.993185580 39.086982727
0.992797196 -0.018849410 -0.118315116 -3.723302841 0.019683475 0.999788940 0.005884832 0.195724279 0.118179217 -0.008171297 0.992958665 39.736778259
0.992469549 -0.020693045 -0.120730974 -3.796384335 0.021170596 0.999772310 0.002674028 0.202777922 0.120648146 -0.005209838 0.992681682 40.373565674
0.992192149 -0.022538276 -0.122665428 -3.877095938 0.022908498 0.999736249 0.001608426 0.208607569 0.122596830 -0.004405948 0.992446780 41.013141632
0.991896927 -0.024332084 -0.124693297 -3.958759069 0.024585377 0.999697626 0.000492688 0.213651329 0.124643601 -0.003554328 0.992195189 41.651424408
0.991536379 -0.026515055 -0.127092600 -4.038211823 0.026625235 0.999645114 -0.000832126 0.218281299 0.127069563 -0.002558787 0.991890490 42.290119171
0.991066456 -0.028095191 -0.130376264 -4.118652821 0.027966445 0.999604881 -0.002818650 0.218920767 0.130403936 -0.000852691 0.991460562 42.934604645
0.990553916 -0.029532799 -0.133905977 -4.202790737 0.029155666 0.999563456 -0.004776850 0.221032411 0.133988589 0.000827610 0.990982533 43.581562042
0.990108132 -0.029962216 -0.137069821 -4.293722630 0.029435126 0.999549448 -0.005871149 0.229555890 0.137183979 0.001778405 0.990543962 44.230518341
0.989652693 -0.029292898 -0.140461743 -4.388236046 0.029045254 0.999570847 -0.003813233 0.227589622 0.140513152 -0.000305970 0.990078747 44.891567230
0.989334226 -0.026010370 -0.143322065 -4.493816853 0.026087318 0.999658763 -0.001342558 0.225409269 0.143308088 -0.002410649 0.989675164 45.544147491
0.988912165 -0.023509689 -0.146628901 -4.600635529 0.023943275 0.999712586 0.001192562 0.231760293 0.146558717 -0.004690114 0.989190876 46.208320618
0.988429308 -0.022818647 -0.149956226 -4.706270695 0.023675989 0.999711931 0.003934256 0.232638404 0.149823248 -0.007439096 0.988684833 46.872077942
0.987953126 -0.023246555 -0.152997479 -4.814184666 0.024144024 0.999700427 0.004010345 0.239601731 0.152858421 -0.007656008 0.988218427 47.537479401
0.987590134 -0.023372704 -0.155304298 -4.936526299 0.024262654 0.999698281 0.003837023 0.248260126 0.155167758 -0.007557500 0.987859249 48.226573944
0.987164915 -0.021806251 -0.158208385 -5.050014019 0.022420904 0.999746442 0.002101079 0.257316798 0.158122450 -0.005621286 0.987403512 48.911117554
0.986781657 -0.019580757 -0.160868242 -5.176104069 0.020125004 0.999795914 0.001754366 0.257541478 0.160801068 -0.004968650 0.986974359 49.624599457
0.986419916 -0.020837462 -0.162915856 -5.303711414 0.021304689 0.999772429 0.001121135 0.259592235 0.162855417 -0.004576781 0.986639321 50.304428101
0.986034095 -0.023187034 -0.164921612 -5.422883987 0.023420136 0.999725580 -0.000531269 0.265019536 0.164888680 -0.003338637 0.986306548 51.007297516
0.985651314 -0.024369728 -0.167025700 -5.542186260 0.024489652 0.999699175 -0.001341946 0.266557217 0.167008162 -0.002767710 0.985951602 51.724082947
0.985411882 -0.022789726 -0.168653652 -5.676259995 0.022780878 0.999738514 -0.001987609 0.270060301 0.168654844 -0.001883465 0.985673368 52.443241119
0.985114515 -0.021585152 -0.170538858 -5.804101467 0.021256516 0.999767005 -0.003752929 0.272073418 0.170580134 0.000072003 0.985343814 53.173412323
0.984926164 -0.021601640 -0.171621174 -5.937825680 0.021275152 0.999766648 -0.003741644 0.273604900 0.171661943 0.000033977 0.985155940 53.914546967
0.984738350 -0.022341175 -0.172601461 -6.066367149 0.022128150 0.999750137 -0.003158465 0.273784518 0.172628894 -0.000709090 0.984986663 54.652141571
0.984701395 -0.021904552 -0.172868103 -6.211998940 0.021818960 0.999759078 -0.002395547 0.277095497 0.172878921 -0.001412903 0.984942079 55.410770416
0.984731138 -0.021161072 -0.172791213 -6.372135162 0.021252766 0.999773264 -0.001319591 0.283341289 0.172779962 -0.002372849 0.984957576 56.237262726
0.984730959 -0.018629918 -0.173083514 -6.508640766 0.018880989 0.999821723 -0.000195868 0.285916686 0.173056304 -0.003075110 0.984907150 57.009460449
0.984836519 -0.019842597 -0.172346428 -6.646504402 0.020145820 0.999797046 0.000010267 0.288389802 0.172311246 -0.003482171 0.985036373 57.790443420
0.984918594 -0.021294570 -0.171702996 -6.783716679 0.021515176 0.999768376 -0.000576239 0.297797561 0.171675488 -0.003126672 0.985148609 58.592788696
0.985046268 -0.024781713 -0.170498461 -6.919863701 0.024913188 0.999688685 -0.001368666 0.301802903 0.170479313 -0.002899461 0.985356987 59.385448456
0.985078514 -0.024212191 -0.170393869 -7.058819294 0.024256337 0.999704123 -0.001823015 0.305059582 0.170387596 -0.002337318 0.985374331 60.175128937
0.985189199 -0.022883516 -0.169937149 -7.201014996 0.022751486 0.999737442 -0.002724476 0.303730100 0.169954881 -0.001182199 0.985451162 60.965915680
0.985254288 -0.024202082 -0.169376120 -7.348631859 0.024242369 0.999704421 -0.001830435 0.302447736 0.169370353 -0.002302634 0.985549808 61.779911041
0.985194087 -0.024998140 -0.169610411 -7.482183456 0.025554975 0.999672830 0.001100464 0.305772007 0.169527411 -0.005418560 0.985510588 62.577980042
0.985456109 -0.024414087 -0.168167084 -7.638792038 0.025472071 0.999666989 0.004136680 0.306517422 0.168010086 -0.008360080 0.985749841 63.375076294
0.985249817 -0.024049314 -0.169423968 -7.771500587 0.025197044 0.999671817 0.004627213 0.305740833 0.169257075 -0.008827944 0.985532403 64.159988403
0.984945238 -0.024359055 -0.171141803 -7.910665989 0.025411034 0.999669254 0.003958587 0.310065210 0.170988768 -0.008247881 0.985238433 64.944747925
0.984690070 -0.026218841 -0.172331378 -8.050034523 0.027177945 0.999625444 0.003207952 0.318110943 0.172182724 -0.007842449 0.985033810 65.722831726
0.984317422 -0.026205450 -0.174449220 -8.190346718 0.027512468 0.999608576 0.005077743 0.321559846 0.174247861 -0.009797638 0.984653056 66.503578186
0.983854949 -0.026791757 -0.176950991 -8.329531670 0.028409136 0.999574482 0.006612628 0.324085027 0.176698536 -0.011532892 0.984197438 67.281913757
0.983483016 -0.026141081 -0.179102793 -8.473399162 0.027765039 0.999592900 0.006566092 0.329211831 0.178858235 -0.011430435 0.983808458 68.058242798
0.983136594 -0.028025171 -0.180712640 -8.622359276 0.029697437 0.999537468 0.006554216 0.338830084 0.180445358 -0.011810391 0.983514071 68.836593628
0.982771337 -0.026871208 -0.182861730 -8.770873070 0.028077794 0.999597669 0.004012064 0.344878852 0.182680354 -0.009077295 0.983130455 69.603050232
0.982506752 -0.022961931 -0.184806049 -8.931131363 0.023698883 0.999717534 0.001779519 0.350492090 0.184712991 -0.006128086 0.982773423 70.375808716
0.982186496 -0.026816269 -0.185985401 -9.078783989 0.027014609 0.999633968 -0.001468232 0.352907866 0.185956702 -0.003582245 0.982551396 71.134750366
0.981778383 -0.027197367 -0.188073277 -9.223549843 0.027197972 0.999626756 -0.002577905 0.356116235 0.188073203 -0.002584281 0.982151628 71.901641846
0.981837511 -0.026298173 -0.187892139 -9.375501633 0.026508624 0.999647617 -0.001393052 0.358482301 0.187862575 -0.003613011 0.982188702 72.662689209
0.981639922 -0.025327263 -0.189054340 -9.527490616 0.026318539 0.999649882 0.002734306 0.360115230 0.188918903 -0.007659737 0.981962800 73.415321350
0.981163204 -0.026393933 -0.191369087 -9.671317101 0.027612399 0.999611855 0.003702698 0.365392864 0.191197067 -0.008917111 0.981511176 74.174179077
0.981109917 -0.024153860 -0.191937283 -9.833186150 0.025508270 0.999664068 0.004588325 0.359635353 0.191761971 -0.009397639 0.981396496 74.926841736
0.981075883 -0.024352754 -0.192085981 -9.987402916 0.025406132 0.999672651 0.003022412 0.361574471 0.191949502 -0.007845378 0.981373429 75.678413391
0.981079280 -0.021667395 -0.192390010 -10.140543938 0.022624917 0.999740183 0.002781197 0.369563520 0.192279756 -0.007081383 0.981314600 76.414260864
0.981227338 -0.017428208 -0.192065626 -10.293524742 0.018219711 0.999831259 0.002355509 0.376482368 0.191992149 -0.005810670 0.981379271 77.150756836
0.981554329 -0.012929531 -0.190745845 -10.447614670 0.014111341 0.999888718 0.004838666 0.378560811 0.190662056 -0.007441093 0.981627524 77.887512207
0.981913924 -0.010440371 -0.189039662 -10.593345642 0.012097443 0.999897838 0.007613976 0.382180095 0.188940853 -0.009763165 0.981939912 78.615913391
0.982468367 -0.008728695 -0.186224818 -10.733810425 0.011040001 0.999874294 0.011377933 0.391968042 0.186102107 -0.013234382 0.982441306 79.332420349
0.983332813 -0.005998208 -0.181715623 -10.869598389 0.008703040 0.999862850 0.014091247 0.393642843 0.181606174 -0.015437864 0.983250141 80.051834106
0.984394908 -0.005687677 -0.175881565 -10.995904922 0.008432679 0.999853969 0.014863640 0.401831299 0.175771341 -0.016114844 0.984299123 80.755485535
0.985459089 -0.005731273 -0.169816181 -11.123032570 0.008170020 0.999873221 0.013665798 0.410129368 0.169716328 -0.014854486 0.985381007 81.462562561
0.986712515 -0.008435939 -0.162256673 -11.235736847 0.010131500 0.999902368 0.009625260 0.417259187 0.162159637 -0.011141268 0.986701667 82.152816772
0.988130212 -0.010812518 -0.153237715 -11.339466095 0.011473764 0.999928296 0.003431465 0.426628441 0.153189614 -0.005148948 0.988183379 82.825454712
0.989536822 -0.010022316 -0.143932194 -11.433016777 0.009933699 0.999949753 -0.001334326 0.418769479 0.143938333 -0.000109415 0.989586651 83.487533569
0.991304457 -0.008034661 -0.131342635 -11.521176338 0.007529058 0.999962211 -0.004345651 0.420836657 0.131372586 0.003318978 0.991327524 84.138595581
0.993020773 -0.008609528 -0.117625043 -11.593258858 0.008327774 0.999961138 -0.002886638 0.425453395 0.117645331 0.001886937 0.993053913 84.785644531
0.994429588 -0.012882995 -0.104612760 -11.654367447 0.013166784 0.999911249 0.002022585 0.425291151 0.104577422 -0.003388732 0.994510949 85.442016602
0.995838106 -0.014432582 -0.089989960 -11.701626778 0.015002661 0.999871433 0.005661694 0.423714638 0.089896679 -0.006988219 0.995926559 86.098846436
0.997157454 -0.012768551 -0.074256472 -11.751288414 0.013376423 0.999880910 0.007694535 0.422637582 0.074149385 -0.008665949 0.997209489 86.713607788
0.998233080 -0.010708347 -0.058446504 -11.777389526 0.011162462 0.999909937 0.007448807 0.424961388 0.058361478 -0.008088052 0.998262763 87.342216492
0.999186099 -0.010151510 -0.039038863 -11.805972099 0.010340803 0.999935746 0.004649968 0.437145382 0.038989149 -0.005049876 0.999226868 87.962188721
0.999805450 -0.009230264 -0.017430028 -11.807005882 0.009270755 0.999954522 0.002243603 0.439133823 0.017408527 -0.002404756 0.999845564 88.570785522
0.999949157 -0.007244202 0.007017007 -11.795084953 0.007239065 0.999973536 0.000757236 0.436284661 -0.007022306 -0.000706401 0.999975085 89.170211792
0.999390125 -0.004484118 0.034630299 -11.760090828 0.004472583 0.999989927 0.000410540 0.437296808 -0.034631792 -0.000255403 0.999400079 89.776741028
0.997853398 -0.002535588 0.065438077 -11.716272354 0.002575827 0.999996543 -0.000530547 0.442632556 -0.065436505 0.000697965 0.997856498 90.375556946
0.995200932 -0.002051248 0.097831063 -11.640430450 0.002008033 0.999997854 0.000540192 0.437286407 -0.097831964 -0.000341152 0.995202899 90.985015869
0.991311669 -0.001263873 0.131528080 -11.551823616 0.001006477 0.999997437 0.002023429 0.438516587 -0.131530300 -0.001873469 0.991310358 91.557861328
0.986204803 -0.001357804 0.165524304 -11.446677208 0.000960057 0.999996483 0.002482935 0.435527444 -0.165527090 -0.002289769 0.986202598 92.123886108
0.979860306 -0.003395132 0.199655339 -11.304593086 0.002957644 0.999992549 0.002489429 0.440113425 -0.199662298 -0.001848783 0.979863048 92.693588257
0.972178221 -0.004068373 0.234207034 -11.157783508 0.003524495 0.999990046 0.002740715 0.438205957 -0.234215856 -0.001839002 0.972182870 93.254501343
0.963021994 -0.002947201 0.269406676 -10.980313301 0.002511743 0.999994934 0.001961057 0.444322139 -0.269411087 -0.001211860 0.963024497 93.813362122
0.952451408 -0.000097242 0.304690599 -10.791598320 -0.000083041 0.999999821 0.000578734 0.448852718 -0.304690599 -0.000576517 0.952451229 94.364654541
0.940404832 0.000318906 0.340056777 -10.579018593 -0.000096417 0.999999762 -0.000671167 0.452512622 -0.340056926 0.000598381 0.940404654 94.914375305
0.927112103 -0.000497143 0.374783754 -10.338026047 0.000978992 0.999998927 -0.001095279 0.454426914 -0.374782801 0.001382357 0.927111626 95.456954956
0.912151575 -0.002732176 0.409843922 -10.071895599 0.003473941 0.999993384 -0.001065290 0.454377979 -0.409838289 0.002395479 0.912155032 95.998397827
0.895885587 -0.002192099 0.444279492 -9.792306900 0.003253997 0.999993384 -0.001627635 0.456972808 -0.444272965 0.002903859 0.895886779 96.524597168
0.878021300 -0.000628884 0.478621215 -9.486951828 0.002294430 0.999993205 -0.002895147 0.457329661 -0.478616118 0.003640163 0.878016710 97.051261902
0.858682096 0.000181442 0.512508571 -9.162679672 0.002422763 0.999987304 -0.004413238 0.458157569 -0.512502909 0.005031255 0.858670771 97.572052002
0.838484049 -0.000781822 0.544925570 -8.803175926 0.004961300 0.999968469 -0.006199329 0.465836465 -0.544903517 0.007901577 0.838461518 98.068771362
0.816603184 -0.001763502 0.577196836 -8.421803474 0.007804834 0.999937654 -0.007986980 0.464228690 -0.577146769 0.011027119 0.816565990 98.561752319
0.793351054 -0.000403838 0.608764291 -8.032039642 0.007985130 0.999920666 -0.009743026 0.467292875 -0.608712077 0.012590703 0.793291330 99.047012329
0.769406676 -0.001259326 0.638757944 -7.622686386 0.009258830 0.999915004 -0.009181235 0.461765826 -0.638692081 0.012978255 0.769352973 99.515235901
0.744659185 -0.002149484 0.667441487 -7.183488846 0.010092941 0.999916732 -0.008040400 0.458974630 -0.667368650 0.012723805 0.744618893 99.971763611
0.719475985 -0.004495393 0.694502771 -6.718141556 0.013653358 0.999877334 -0.007672283 0.456163645 -0.694383085 0.015002319 0.719449162 100.420005798
0.692869902 -0.005292008 0.721043169 -6.247600555 0.015954956 0.999840736 -0.007993341 0.453765064 -0.720886052 0.017042559 0.692844033 100.856513977
0.666835129 -0.004112834 0.745193958 -5.749191284 0.017675633 0.999790728 -0.010299010 0.447648108 -0.744995654 0.020039516 0.666768253 101.277130127
0.641969681 -0.000230993 0.766730011 -5.228521347 0.018231930 0.999721825 -0.014964095 0.453329474 -0.766513228 0.023585463 0.641795278 101.708084106
0.619662762 0.003114555 0.784861982 -4.704107285 0.019187385 0.999633133 -0.019115616 0.434054375 -0.784633636 0.026904685 0.619375706 102.100578308
0.600872636 0.005606506 0.799325168 -4.152236938 0.022140017 0.999475002 -0.023653574 0.432701766 -0.799038112 0.031909857 0.600433111 102.485351562
0.583920896 0.004554427 0.811797857 -3.596843719 0.025822589 0.999374032 -0.024180807 0.419540286 -0.811399817 0.035082400 0.583437800 102.878578186
0.570453405 0.002757434 0.821325362 -3.000610352 0.027054416 0.999388635 -0.022145955 0.413666308 -0.820884287 0.034853712 0.570030093 103.282775879
0.560225606 0.001919842 0.828337848 -2.408172607 0.024783060 0.999510825 -0.019077975 0.399343133 -0.827969253 0.031216716 0.559903979 103.669029236
0.551324844 -0.000438224 0.834290624 -1.806797028 0.024335654 0.999582767 -0.015556701 0.393499911 -0.833935738 0.028879803 0.551105499 104.072753906
0.544098973 0.000630425 0.839020789 -1.187801361 0.022307958 0.999635339 -0.015217658 0.385004938 -0.838724434 0.026996752 0.543886483 104.489585876
0.539566755 0.001743201 0.841940999 -0.570365906 0.021481998 0.999643803 -0.015836682 0.376600564 -0.841668725 0.026631523 0.539337158 104.883514404
0.536424160 0.001364327 0.843947411 0.075679779 0.023174891 0.999597788 -0.016346218 0.372953534 -0.843630314 0.028326897 0.536176801 105.290771484
0.534515023 0.001805470 0.845157027 0.715347290 0.024434648 0.999546707 -0.017588846 0.367520869 -0.844805658 0.030052617 0.534228563 105.695503235
0.532873273 0.001629567 0.846193552 1.368339539 0.025231270 0.999522924 -0.017813725 0.364621937 -0.845818877 0.030842995 0.532577872 106.108581543
0.531432152 0.001628763 0.847099304 2.045600891 0.025139082 0.999527395 -0.017692978 0.358205259 -0.846727729 0.030697916 0.531140029 106.533775330
0.530613303 0.002458494 0.847610533 2.711898804 0.025016727 0.999514759 -0.018559834 0.350112855 -0.847244799 0.031052534 0.530294299 106.952964783
0.529461205 0.002888344 0.848329186 3.385524750 0.024484109 0.999525607 -0.018684208 0.340814948 -0.847980738 0.030663149 0.529139280 107.373985291
0.528506637 0.003404967 0.848922372 4.069591522 0.024984099 0.999496400 -0.019563058 0.333878338 -0.848561466 0.031548765 0.528155446 107.797721863
0.526913166 0.003985524 0.849909782 4.769397736 0.024866212 0.999488652 -0.020103101 0.321899354 -0.849555314 0.031726625 0.526544631 108.243064880
0.525559247 0.003865770 0.850748241 5.474285126 0.025045959 0.999485910 -0.020014049 0.313485444 -0.850388229 0.031826373 0.525192261 108.678443909
0.524214506 0.004044750 0.851576746 6.192981720 0.024242358 0.999512553 -0.019670542 0.307465971 -0.851241231 0.030955810 0.523860931 109.132804871
0.522989154 0.002603936 0.852335393 6.905075073 0.024258332 0.999544740 -0.017938472 0.296179473 -0.851994097 0.030057861 0.522687852 109.572860718
0.521652579 -0.000057291 0.853157997 7.628395081 0.024888545 0.999575436 -0.015150663 0.287012875 -0.852794886 0.029137244 0.521432519 110.015159607
0.520043612 -0.002241905 0.854136825 8.348571777 0.025081899 0.999605417 -0.012647459 0.276416898 -0.853771389 0.028000602 0.519894600 110.451278687
0.517264187 -0.003466245 0.855818808 9.072559357 0.025166648 0.999620974 -0.011162264 0.267098576 -0.855455697 0.027311929 0.517155349 110.899314880
0.515181005 -0.003262477 0.857075274 9.783725739 0.024388736 0.999643624 -0.010854708 0.263189167 -0.856734395 0.026495120 0.515076995 111.322662354
0.512781918 -0.003470229 0.858511865 10.517086029 0.024789369 0.999634743 -0.010765813 0.254774123 -0.858160913 0.026802482 0.512680650 111.756134033
0.510635853 -0.003495373 0.859790087 11.225868225 0.024644110 0.999640405 -0.010572411 0.247935116 -0.859443903 0.026587412 0.510538340 112.175521851
0.507842183 -0.003034591 0.861444771 11.948558807 0.024721788 0.999633253 -0.011052699 0.240689933 -0.861095309 0.026909482 0.507730961 112.601531982
0.505154788 -0.002209192 0.863025963 12.661140442 0.024388148 0.999633908 -0.011716225 0.229146153 -0.862684131 0.026966110 0.505023718 113.015373230
0.501436353 -0.001056717 0.865193963 13.372024536 0.023083711 0.999659598 -0.012157570 0.219495952 -0.864886582 0.026068132 0.501290083 113.443191528
0.497637212 0.000313211 0.867385209 14.088825226 0.021189395 0.999697089 -0.012517792 0.207990706 -0.867126405 0.024608688 0.497479856 113.851585388
0.494100749 0.000977743 0.869404078 14.791057587 0.021009587 0.999693930 -0.013064464 0.195710599 -0.869150758 0.024720984 0.493928969 114.245773315
0.489901304 0.002477573 0.871774435 15.499250412 0.020294877 0.999692559 -0.014246002 0.183263958 -0.871541739 0.024671689 0.489700377 114.648574829
0.486257493 0.002186773 0.873812914 16.207750320 0.021044586 0.999677539 -0.014212606 0.177654922 -0.873562217 0.025300017 0.486054659 115.036117554
0.482210577 0.000236244 0.876055360 16.917495728 0.022288628 0.999672949 -0.012537998 0.170959890 -0.875771821 0.025572026 0.482047558 115.421966553
0.478165209 -0.003068890 0.878264546 17.618331909 0.022588434 0.999706089 -0.008804881 0.158352256 -0.877979338 0.024048807 0.478093982 115.801094055
0.474139810 -0.003854500 0.880441189 18.319490433 0.021368681 0.999746263 -0.007130765 0.153063864 -0.880190253 0.022194846 0.474101841 116.182998657
0.469538271 -0.001305945 0.882911146 19.015268326 0.019669313 0.999766171 -0.008981488 0.144748986 -0.882692993 0.021583408 0.469454169 116.541473389
0.464272141 0.000294189 0.885692596 19.707262039 0.019830141 0.999745846 -0.010726857 0.135563493 -0.885470629 0.022543589 0.464148283 116.903854370
0.459313393 0.000774303 0.888274014 20.418512344 0.019919429 0.999739170 -0.011171511 0.134867549 -0.888050973 0.022825135 0.459178209 117.261337280
0.453169465 -0.000996410 0.891423821 21.121992111 0.020517098 0.999746144 -0.009312701 0.129386544 -0.891188264 0.022509662 0.453074872 117.610671997
0.448132217 -0.002506842 0.893963754 21.815151215 0.020255577 0.999767840 -0.007350317 0.118694633 -0.893737793 0.021401664 0.448078930 117.952156067
0.442611814 -0.002688436 0.896709323 22.511621475 0.020180652 0.999772072 -0.006963654 0.113224417 -0.896486223 0.021178374 0.442565203 118.288719177
0.437349796 -0.002272921 0.899288654 23.197780609 0.020876361 0.999752998 -0.007625933 0.107893378 -0.899049222 0.022109075 0.437289238 118.617965698
0.431697845 -0.001038229 0.902017713 23.901615143 0.022527024 0.999699831 -0.009630578 0.105821133 -0.901736975 0.024477273 0.431591630 118.942642212
0.424440384 0.001017384 0.905455291 24.601673126 0.022121023 0.999689221 -0.011492698 0.101020217 -0.905185580 0.024907563 0.424286008 119.272140503
0.416174412 0.002740784 0.909280777 25.305610657 0.021011313 0.999699473 -0.012630129 0.094059408 -0.909042120 0.024361517 0.415991783 119.589767456
0.406370580 0.003637338 0.913701117 26.013954163 0.021016387 0.999690294 -0.013326735 0.090636969 -0.913466632 0.024618289 0.406168282 119.901504517
0.395541072 0.002867686 0.918443799 26.728561401 0.020631205 0.999715030 -0.012006569 0.080819428 -0.918216527 0.023697695 0.395369232 120.204856873
0.384148896 0.002477622 0.923267901 27.456478119 0.020979889 0.999714792 -0.011411985 0.073603213 -0.923032820 0.023753958 0.383987367 120.495986938
0.371208727 0.002508705 0.928546071 28.186229706 0.021007761 0.999717712 -0.011099353 0.064938068 -0.928311765 0.023626851 0.371051252 120.783020020
0.357522249 0.002886302 0.933900177 28.925342560 0.019918013 0.999744177 -0.010714953 0.059626222 -0.933692217 0.022432270 0.357373297 121.064208984
0.342857063 0.003741609 0.939380229 29.664264679 0.019619888 0.999745429 -0.011142961 0.051331997 -0.939182758 0.022250976 0.342696369 121.326324463
0.327491283 0.005259098 0.944839597 30.426609039 0.017720398 0.999774456 -0.011706949 0.042201161 -0.944688022 0.020576857 0.327324212 121.591209412
0.311103582 0.007524977 0.950346231 31.189464569 0.017640596 0.999750674 -0.013690962 0.037796497 -0.950212300 0.021023981 0.310893238 121.840881348
0.294741631 0.010272704 0.955521822 31.953071594 0.017387047 0.999719024 -0.016111100 0.031182051 -0.955418825 0.021362314 0.294480205 122.075744629
0.278653562 0.014129477 0.960287809 32.720813751 0.017158864 0.999658942 -0.019687887 0.017215610 -0.960238457 0.021963548 0.278316081 122.291252136
0.262107134 0.017843418 0.964873850 33.499820709 0.016119152 0.999608636 -0.022864524 0.007218122 -0.964904189 0.021545906 0.261716962 122.507781982
0.245980382 0.020309046 0.969062030 34.273662567 0.016273141 0.999553025 -0.025078727 -0.006863594 -0.969138205 0.021938557 0.245539963 122.702964783
0.230821371 0.018345403 0.972823203 35.062244415 0.017160283 0.999589980 -0.022921782 -0.022372842 -0.972844779 0.021984758 0.230411947 122.886665344
0.217879653 0.015403257 0.975854218 35.841354370 0.017485989 0.999653339 -0.019683026 -0.033938885 -0.975819111 0.021352308 0.217534781 123.054229736
0.206566632 0.012135839 0.978357315 36.644744873 0.020198023 0.999657094 -0.016664585 -0.047827482 -0.978224099 0.023203231 0.206250668 123.220443726
0.197427809 0.011042845 0.980255246 37.444938660 0.023413962 0.999598205 -0.015976427 -0.061088920 -0.980037749 0.026105851 0.197089911 123.374862671
0.189931631 0.012681841 0.981715441 38.230171204 0.023378626 0.999574602 -0.017435590 -0.073599696 -0.981518924 0.026262728 0.189554334 123.521560669
0.181825340 0.015799651 0.983203888 39.027706146 0.023267096 0.999521852 -0.020364692 -0.084741950 -0.983055532 0.026579117 0.181370795 123.677207947
0.175479770 0.018787893 0.984303772 39.818534851 0.023237152 0.999460280 -0.023219869 -0.099754333 -0.984208822 0.026947033 0.174948514 123.817947388
0.170057595 0.020303048 0.985224962 40.621765137 0.024911206 0.999379635 -0.024894612 -0.113602400 -0.985119224 0.028776659 0.169446290 123.955093384
0.166380703 0.019981157 0.985859215 41.433681488 0.025492050 0.999373376 -0.024557287 -0.125463963 -0.985732138 0.029217429 0.165767074 124.092285156
0.164206386 0.017989032 0.986261964 42.247047424 0.024818167 0.999441862 -0.022361496 -0.138728857 -0.986113787 0.028149115 0.163668275 124.231552124
0.162707210 0.015985735 0.986544847 43.068851471 0.024093181 0.999506235 -0.020169357 -0.159124851 -0.986380160 0.027050704 0.162241697 124.371765137
0.161582947 0.015112205 0.986743510 43.887184143 0.024119824 0.999523580 -0.019257650 -0.171332240 -0.986564457 0.026911788 0.161141455 124.512695312
0.161979258 0.015420123 0.986673653 44.715682983 0.024598053 0.999504089 -0.019658828 -0.189666748 -0.986487508 0.027454572 0.161519647 124.645950317
0.163098454 0.016714865 0.986468196 45.525554657 0.024252458 0.999486446 -0.020945245 -0.198878527 -0.986311674 0.027340414 0.162609339 124.779846191
0.163670480 0.017384663 0.986361921 46.336124420 0.024879843 0.999453962 -0.021743814 -0.217703342 -0.986201346 0.028099351 0.163148582 124.927703857
0.164449096 0.017910816 0.986223042 47.147350311 0.024427243 0.999454558 -0.022224272 -0.234470129 -0.986083150 0.027745469 0.163921893 125.068191528
0.166032374 0.017662166 0.985962152 47.968280792 0.025197079 0.999437153 -0.022146648 -0.253071070 -0.985798359 0.028520426 0.165493846 125.204376221
0.167982757 0.017476380 0.985635102 48.775245667 0.025883570 0.999419928 -0.022132166 -0.268128514 -0.985450149 0.029229578 0.167432964 125.340309143
0.169657230 0.017667230 0.985344768 49.603137970 0.025598638 0.999422908 -0.022327242 -0.280148268 -0.985170662 0.029011464 0.169107080 125.489944458
0.171725392 0.017411478 0.984990954 50.416481018 0.027063169 0.999383092 -0.022384135 -0.293485045 -0.984773040 0.030500902 0.171148241 125.629608154
0.172970533 0.016428642 0.984790146 51.236995697 0.027858905 0.999379218 -0.021565223 -0.310455561 -0.984533072 0.031165320 0.172405422 125.789939880
0.174956977 0.014325740 0.984471917 52.047275543 0.029657541 0.999363720 -0.019813083 -0.329573154 -0.984129369 0.032663453 0.174420834 125.931915283
0.176493347 0.012655398 0.984220445 52.847831726 0.030859636 0.999354661 -0.018383838 -0.344784379 -0.983817935 0.033617310 0.175988913 126.078910828
0.178379953 0.011213178 0.983897746 53.644397736 0.031957477 0.999341488 -0.017183051 -0.358461976 -0.983442545 0.034508005 0.177904129 126.226501465
0.180045545 0.012882070 0.983573914 54.450309753 0.033009186 0.999271929 -0.019130081 -0.373222113 -0.983104289 0.035911262 0.179489255 126.377960205
0.181842029 0.015982222 0.983198047 55.231010437 0.034539647 0.999147117 -0.022629581 -0.388674498 -0.982721090 0.038074318 0.181134939 126.518844604
0.182880163 0.019802453 0.982935786 56.023990631 0.035312798 0.999019682 -0.026696611 -0.404103518 -0.982500851 0.039592493 0.182001591 126.669387817
0.183620930 0.021882031 0.982753634 56.811080933 0.034810510 0.998980403 -0.028747454 -0.420489550 -0.982380688 0.039488789 0.182672024 126.815345764
0.183467984 0.021839511 0.982783139 57.580390930 0.032510247 0.999071479 -0.028270559 -0.441859245 -0.982488036 0.037137266 0.182587624 126.965858459
0.182195425 0.018827889 0.983082175 58.351718903 0.032909241 0.999139726 -0.025234526 -0.463768721 -0.982711554 0.036950100 0.181419075 127.110778809
0.180257738 0.016292352 0.983484507 59.135112762 0.033210952 0.999191940 -0.022639623 -0.483381748 -0.983058572 0.036743421 0.179570973 127.247817993
0.177004397 0.013514667 0.984117329 59.901859283 0.032795072 0.999269485 -0.019621307 -0.503273129 -0.983663559 0.035747256 0.176431835 127.381523132
0.171860874 0.012885255 0.985037029 60.689994812 0.030980594 0.999349177 -0.018477708 -0.515519500 -0.984634042 0.033692628 0.171349883 127.529212952
0.165799022 0.011524077 0.986092329 61.458080292 0.027230930 0.999496937 -0.016259274 -0.526742935 -0.985783637 0.029547982 0.165401816 127.667327881
0.156621337 0.007936637 0.987626910 62.236373901 0.028019210 0.999529541 -0.012475674 -0.533686399 -0.987261295 0.029626479 0.156325281 127.796318054
0.147178650 0.007071207 0.989084721 63.008220673 0.028939242 0.999515593 -0.011452025 -0.545760751 -0.988686562 0.030308852 0.146902740 127.909797668
0.138203800 0.009877357 0.990354657 63.763442993 0.029780321 0.999456704 -0.014123979 -0.565244794 -0.989956081 0.031445064 0.137834549 128.004806519
0.128897548 0.017665805 0.991500676 64.515396118 0.029280456 0.999337554 -0.021611976 -0.569818497 -0.991225660 0.031817321 0.128294885 128.107604980
0.121200144 0.024653783 0.992322028 65.255569458 0.030413097 0.999129951 -0.028537523 -0.578065872 -0.992162228 0.033638336 0.120344877 128.188781738
0.112760961 0.025814388 0.993286788 66.000152588 0.033280157 0.999003470 -0.029741025 -0.595247746 -0.993064642 0.036410365 0.111789465 128.275726318
0.104746938 0.024425630 0.994198978 66.762741089 0.033287831 0.999052048 -0.028052006 -0.620428324 -0.993941665 0.036033086 0.103834569 128.361236572
0.097871125 0.022523051 0.994944274 67.499252319 0.033274148 0.999110878 -0.025890503 -0.642632008 -0.994642735 0.035639856 0.097034693 128.432006836
0.090398073 0.021621943 0.995671093 68.229049683 0.031755332 0.999193370 -0.024581539 -0.664012671 -0.995399415 0.033839989 0.089638531 128.512054443
0.084233701 0.021984648 0.996203661 68.962203979 0.029574614 0.999260962 -0.024552800 -0.681560278 -0.996007204 0.031530511 0.083521247 128.573333740
0.079428673 0.023561817 0.996562064 69.711059570 0.028848667 0.999247551 -0.025924629 -0.693058729 -0.996423066 0.030808646 0.078689218 128.629913330
0.076389909 0.023995593 0.996789396 70.429901123 0.028721180 0.999242604 -0.026255731 -0.710410833 -0.996664405 0.030634640 0.075642884 128.682281494
0.074035287 0.025537528 0.996928692 71.139465332 0.026829496 0.999259233 -0.027589684 -0.723478556 -0.996894777 0.028789705 0.073295295 128.740219116
0.072620273 0.025169244 0.997042120 71.849380493 0.025848409 0.999298215 -0.027108889 -0.750536680 -0.997024775 0.027740609 0.071918726 128.793090820
0.071389616 0.025034405 0.997134387 72.558158875 0.023731098 0.999359369 -0.026789295 -0.756259441 -0.997166216 0.025575571 0.070749819 128.847015381
0.069737852 0.024549682 0.997263312 73.272003174 0.021744959 0.999422193 -0.026123442 -0.778013945 -0.997328460 0.023507243 0.069163740 128.903137207
0.068512201 0.023627188 0.997370541 73.963073730 0.020665672 0.999471426 -0.025096545 -0.792862177 -0.997436285 0.022330752 0.067987680 128.951904297
0.067364275 0.023585394 0.997449696 74.643280029 0.018823899 0.999512553 -0.024905473 -0.807501793 -0.997550905 0.020453630 0.066887438 129.004364014
0.065858066 0.022667162 0.997571528 75.318740845 0.017536901 0.999561250 -0.023870131 -0.833258271 -0.997674882 0.019066354 0.065431654 129.058380127
0.064754844 0.022367133 0.997650564 76.023963928 0.016561223 0.999586999 -0.023485495 -0.850363851 -0.997763813 0.018043114 0.064357698 129.103118896
0.064323485 0.022835055 0.997667909 76.691375732 0.016872553 0.999570370 -0.023966443 -0.863826156 -0.997786582 0.018374810 0.063910544 129.147323608
0.064992249 0.023170352 0.997616827 77.357276917 0.017245874 0.999554992 -0.024338897 -0.885731339 -0.997736812 0.018786613 0.064563692 129.185302734
0.066023350 0.024036154 0.997528553 78.007781982 0.017118815 0.999535382 -0.025217552 -0.897220612 -0.997671247 0.018741453 0.065581203 129.235534668
0.067951262 0.024181832 0.997395635 78.663444519 0.015836898 0.999554098 -0.025313117 -0.918618321 -0.997563004 0.017515713 0.067538023 129.291687012
