1.000000000 0.000000000 0.000000000 0.000000000 0.000000000 1.000000000 0.000000000 0.000000000 0.000000000 0.000000000 1.000000000 0.000000000
1.000000000 0.000017378 0.000028167 0.000014918 -0.000017379 1.000000000 0.000012406 -0.000097296 -0.000028167 -0.000012407 1.000000000 0.000681815
1.000000000 -0.000008891 0.000022247 0.000562152 0.000008891 1.000000000 -0.000008913 0.000354411 -0.000022247 0.000008913 1.000000000 0.000653713
1.000000000 -0.000005034 0.000010033 0.000772567 0.000005034 1.000000000 -0.000001642 -0.000099596 -0.000010033 0.000001642 1.000000000 0.001232318
1.000000000 -0.000040106 0.000018065 0.000407071 0.000040107 1.000000000 -0.000007670 0.000193735 -0.000018065 0.000007670 1.000000000 0.001154761
1.000000000 -0.000051225 -0.000007426 0.000493305 0.000051225 1.000000000 0.000014697 0.000204342 0.000007425 -0.000014697 1.000000000 0.001663801
1.000000000 -0.000102120 0.000015309 0.000592259 0.000102120 1.000000000 -0.000018673 0.000254041 -0.000015307 0.000018675 1.000000000 0.000839421
1.000000000 -0.000058397 0.000034519 0.000061220 0.000058396 1.000000000 0.000027284 -0.000251027 -0.000034521 -0.000027282 1.000000000 0.000271133
1.000000000 -0.000063747 0.000000651 0.000406608 0.000063747 1.000000000 0.000015261 -0.000339071 -0.000000652 -0.000015261 1.000000000 -0.000275386
1.000000000 -0.000048702 0.000019032 0.000575071 0.000048701 1.000000000 0.000030979 -0.000021767 -0.000019034 -0.000030978 1.000000000 0.001229240
1.000000000 -0.000033622 0.000031997 -0.000111034 0.000033623 1.000000000 -0.000012388 0.000102611 -0.000031996 0.000012389 1.000000000 0.000825593
1.000000000 -0.000028333 -0.000000426 0.000504866 0.000028333 1.000000000 -0.000016204 0.000083788 0.000000427 0.000016204 1.000000000 0.000916690
1.000000000 -0.000053573 0.000025653 0.000190849 0.000053573 1.000000000 0.000021254 -0.000249587 -0.000025654 -0.000021252 1.000000000 0.000538029
1.000000000 -0.000050817 0.000028700 -0.000038702 0.000050817 1.000000000 0.000018468 0.000005186 -0.000028700 -0.000018466 1.000000000 0.000451586
1.000000000 -0.000032116 0.000029411 0.000295203 0.000032117 1.000000000 -0.000012562 0.000176505 -0.000029411 0.000012563 1.000000000 0.000935418
1.000000000 -0.000121521 0.000013676 0.000297746 0.000121520 1.000000000 0.000039999 -0.000214659 -0.000013681 -0.000039997 1.000000000 0.000675097
1.000000000 -0.000007874 0.000044223 -0.000184647 0.000007875 1.000000000 -0.000029309 0.000185848 -0.000044223 0.000029309 1.000000000 0.000817297
1.000000000 -0.000070431 0.000003222 0.000437146 0.000070431 1.000000000 0.000027934 -0.000371657 -0.000003224 -0.000027933 1.000000000 0.000433100
1.000000000 -0.000051776 0.000001232 0.000383372 0.000051776 1.000000000 -0.000008502 -0.000053457 -0.000001231 0.000008502 1.000000000 -0.000286365
1.000000000 -0.000036566 -0.000012541 0.000725472 0.000036566 1.000000000 -0.000002215 -0.000113354 0.000012541 0.000002214 1.000000000 0.000747896
1.000000000 -0.000013523 0.000040195 -0.000029944 0.000013520 1.000000000 0.000068795 -0.000615112 -0.000040196 -0.000068794 1.000000000 0.000124694
1.000000000 -0.000066816 0.000017578 0.000687192 0.000066816 1.000000000 0.000026586 -0.000238055 -0.000017580 -0.000026585 1.000000000 0.000493298
1.000000000 -0.000025470 0.000042799 0.000203791 0.000025468 1.000000000 0.000037893 -0.000523265 -0.000042800 -0.000037892 1.000000000 0.001068354
1.000000000 -0.000039692 0.000017295 0.000323018 0.000039692 1.000000000 -0.000005410 0.000004377 -0.000017295 0.000005411 1.000000000 0.000562112
1.000000000 -0.000033165 0.000020231 0.000326928 0.000033164 1.000000000 0.000016568 -0.000038125 -0.000020232 -0.000016567 1.000000000 0.000543366
1.000000000 -0.000018574 0.000035654 0.000448672 0.000018574 1.000000000 -0.000007143 -0.000073621 -0.000035654 0.000007144 1.000000000 0.001192092
1.000000000 -0.000056888 0.000037608 -0.000431307 0.000056888 1.000000000 0.000001083 -0.000398782 -0.000037608 -0.000001080 1.000000000 -0.000374909
1.000000000 -0.000029606 0.000014620 0.000506223 0.000029606 1.000000000 0.000039099 -0.000129829 -0.000014621 -0.000039098 1.000000000 0.000755909
1.000000000 -0.000030752 0.000019772 0.000413656 0.000030752 1.000000000 -0.000030087 0.000348495 -0.000019771 0.000030088 1.000000000 0.000926578
1.000000000 -0.000061286 0.000012291 0.000729726 0.000061286 1.000000000 -0.000003978 -0.000244076 -0.000012291 0.000003979 1.000000000 0.001349132
1.000000000 -0.000078137 0.000007987 0.000595519 0.000078137 1.000000000 0.000011821 0.000146145 -0.000007988 -0.000011821 1.000000000 0.001336951
1.000000000 -0.000040092 0.000004586 0.000517525 0.000040092 1.000000000 -0.000016833 0.000224805 -0.000004586 0.000016833 1.000000000 0.000460260
1.000000000 -0.000024859 0.000011886 0.000800262 0.000024859 1.000000000 0.000004000 0.000148486 -0.000011886 -0.000004000 1.000000000 0.001287475
1.000000000 -0.000017999 0.000013546 0.000408752 0.000017999 1.000000000 -0.000046666 0.000480194 -0.000013545 0.000046667 1.000000000 0.000578696
1.000000000 -0.000095324 -0.000016375 0.000740639 0.000095324 1.000000000 -0.000002026 0.000018691 0.000016375 0.000002024 1.000000000 0.000871983
1.000000000 -0.000034020 0.000014506 0.000239871 0.000034019 1.000000000 0.000014770 0.000085681 -0.000014507 -0.000014770 1.000000000 0.001448817
1.000000000 0.000003295 0.000019283 0.000465682 -0.000003294 1.000000000 -0.000047436 0.000580514 -0.000019283 0.000047436 1.000000000 0.000808561
1.000000000 -0.000029194 0.000028373 0.000501837 0.000029194 1.000000000 -0.000005198 0.000342699 -0.000028373 0.000005199 1.000000000 0.000714884
1.000000000 -0.000029121 0.000022784 -0.000140244 0.000029121 1.000000000 0.000005544 -0.000151333 -0.000022784 -0.000005543 1.000000000 0.000415897
1.000000000 -0.000004695 0.000008870 0.000766685 0.000004696 1.000000000 -0.000045586 0.000637164 -0.000008869 0.000045586 1.000000000 0.001706396
1.000000000 -0.000059702 0.000018349 0.000429474 0.000059701 1.000000000 0.000034959 -0.000237846 -0.000018351 -0.000034958 1.000000000 0.000880965
1.000000000 -0.000025348 0.000030349 0.000128051 0.000025349 1.000000000 -0.000040222 0.000360170 -0.000030348 0.000040223 1.000000000 0.000561095
1.000000000 -0.000007183 0.000034688 0.000027737 0.000007184 1.000000000 -0.000024484 0.000306477 -0.000034688 0.000024485 1.000000000 0.001140660
1.000000000 -0.000050579 0.000022270 0.000331680 0.000050579 1.000000000 0.000016432 -0.000139301 -0.000022270 -0.000016431 1.000000000 0.000610956
1.000000000 -0.000058959 -0.000015361 0.000677896 0.000058959 1.000000000 -0.000025372 0.000265424 0.000015362 0.000025371 1.000000000 0.001028274
1.000000000 -0.000034513 0.000028090 0.000197463 0.000034514 1.000000000 -0.000033399 0.000305810 -0.000028089 0.000033400 1.000000000 0.000960258
1.000000000 -0.000059873 -0.000008043 0.000886837 0.000059873 1.000000000 -0.000010387 0.000151249 0.000008043 0.000010387 1.000000000 0.000930129
1.000000000 -0.000073620 -0.000126340 0.001816009 0.000073562 0.999999881 -0.000465219 0.000959710 0.000126374 0.000465210 0.999999881 0.002524697
1.000000000 -0.000026991 -0.000102654 -0.000124008 0.000026850 0.999999046 -0.001377698 0.001866133 0.000102691 0.001377695 0.999999046 0.012045137
1.000000000 0.000108713 -0.000146255 0.000400244 -0.000108938 0.999998808 -0.001544510 0.002535325 0.000146087 0.001544526 0.999998808 0.028080871
0.999999940 -0.000027561 -0.000354384 0.001623463 0.000027079 0.999999046 -0.001359060 0.002440963 0.000354421 0.001359050 0.999998987 0.047929157
0.999999881 -0.000207452 -0.000403450 0.000477542 0.000207000 0.999999344 -0.001119323 0.000780730 0.000403682 0.001119239 0.999999285 0.073211968
0.999999821 -0.000347709 -0.000529846 0.001897152 0.000347302 0.999999642 -0.000766462 0.001477107 0.000530112 0.000766277 0.999999583 0.105014712
0.999999702 -0.000312870 -0.000743766 0.000606951 0.000312342 0.999999702 -0.000709937 0.000712717 0.000743987 0.000709704 0.999999464 0.140526682
0.999999464 -0.000349392 -0.000988834 0.001608341 0.000348677 0.999999702 -0.000723652 0.000375608 0.000989087 0.000723307 0.999999225 0.183723778
0.999999225 -0.000234595 -0.001200461 0.000090384 0.000232889 0.999998987 -0.001420994 0.001765444 0.001200794 0.001420713 0.999998271 0.233463451
0.999998748 -0.000238459 -0.001551617 -0.000446311 0.000234986 0.999997497 -0.002238160 0.001767175 0.001552147 0.002237793 0.999996305 0.297610551
0.999998271 -0.000360850 -0.001810999 -0.003506228 0.000355768 0.999996006 -0.002806210 0.003885435 0.001812004 0.002805561 0.999994397 0.371071011
0.999996305 -0.001208456 -0.002435390 0.001602836 0.001201738 0.999995470 -0.002757929 0.003348690 0.002438712 0.002754992 0.999993205 0.467044145
0.999994099 -0.001973914 -0.002816808 -0.002097316 0.001967489 0.999995470 -0.002282088 0.001967125 0.002821300 0.002276533 0.999993443 0.572635591
0.999992788 -0.002022862 -0.003209853 -0.004915236 0.002016357 0.999995887 -0.002028363 0.003806448 0.003213943 0.002021876 0.999992788 0.695542693
0.999990880 -0.002117200 -0.003704614 -0.007160531 0.002111818 0.999996722 -0.001456036 0.004279332 0.003707684 0.001448200 0.999992073 0.839019060
0.999987662 -0.002028927 -0.004536123 -0.009205819 0.002024977 0.999997556 -0.000875172 0.004612745 0.004537888 0.000865975 0.999989331 1.001037836
0.999983907 -0.001719604 -0.005411412 -0.010068347 0.001716770 0.999998391 -0.000528379 0.003315964 0.005412311 0.000519081 0.999985218 1.178632736
0.999979377 -0.001515113 -0.006244246 -0.013646990 0.001510935 0.999998629 -0.000673819 0.006269988 0.006245259 0.000664371 0.999980271 1.375769138
0.999972284 -0.001038454 -0.007375441 -0.018143516 0.001028560 0.999998569 -0.001345111 0.007209723 0.007376827 0.001337487 0.999971867 1.578096151
0.999961495 -0.001801184 -0.008589433 -0.018812498 0.001774765 0.999993682 -0.003082361 0.006176625 0.008594930 0.003066998 0.999958336 1.811302423
0.999951303 -0.002598532 -0.009518663 -0.021519784 0.002556464 0.999986947 -0.004429020 0.005494332 0.009530048 0.004404470 0.999944866 2.055429697
0.999937832 -0.003714923 -0.010512427 -0.023947649 0.003667788 0.999983132 -0.004499436 0.006487542 0.010528965 0.004460599 0.999934614 2.315775394
0.999921501 -0.005388149 -0.011313798 -0.023562243 0.005340511 0.999976754 -0.004236616 0.008983903 0.011336363 0.004175862 0.999927044 2.601660013
0.999911189 -0.005938286 -0.011930403 -0.026996588 0.005896389 0.999976337 -0.003543931 0.013056932 0.011951166 0.003473270 0.999922574 2.907342672
0.999903738 -0.006777486 -0.012105002 -0.029887034 0.006748603 0.999974310 -0.002425264 0.017522920 0.012121128 0.002343339 0.999923766 3.235331059
0.999889851 -0.008847759 -0.011916032 -0.033596311 0.008821453 0.999958515 -0.002258386 0.022126723 0.011935520 0.002153021 0.999926448 3.573672295
0.999845803 -0.013428581 -0.011314839 -0.026649335 0.013386691 0.999903262 -0.003769880 0.025570745 0.011364369 0.003617831 0.999928892 3.950504541
0.999831378 -0.015413205 -0.009981223 -0.026590301 0.015382482 0.999876738 -0.003147643 0.025820935 0.010028508 0.002993576 0.999945223 4.335236073
0.999857605 -0.014926810 -0.007873353 -0.033666082 0.014923920 0.999888539 -0.000425615 0.023910368 0.007878829 0.000308053 0.999968886 4.738602161
0.999911845 -0.011812332 -0.006059088 -0.043180812 0.011799470 0.999928057 -0.002154280 0.017509962 0.006084099 0.002082597 0.999979317 5.168573856
0.999964416 -0.007565812 -0.003727138 -0.048366129 0.007536069 0.999940157 -0.007930459 0.016275341 0.003786915 0.007902089 0.999961615 5.606540203
0.999991357 -0.004130532 -0.000498227 -0.052696306 0.004122572 0.999878347 -0.015041211 0.021868138 0.000560295 0.015039026 0.999886751 6.044905186
0.999969125 -0.007126602 0.003308013 -0.047231521 0.007195011 0.999750435 -0.021150172 0.022394160 -0.003156459 0.021173321 0.999770820 6.504663944
0.999836862 -0.016095985 0.008196545 -0.029837169 0.016292041 0.999568462 -0.024442473 0.023385866 -0.007799582 0.024572024 0.999667645 6.967996120
0.999608934 -0.024482355 0.013511753 -0.002947402 0.024819963 0.999368906 -0.025411401 0.019840268 -0.012881095 0.025736826 0.999585748 7.455228806
0.999545395 -0.022853244 0.019664183 0.007971991 0.023323622 0.999439061 -0.024033250 0.016354272 -0.019103914 0.024480965 0.999517739 7.944463730
0.999564826 -0.011703735 0.027078325 0.007655720 0.012203272 0.999757051 -0.018356744 0.005264824 -0.026856903 0.018679200 0.999464750 8.455067635
0.999328017 -0.002592056 0.036562756 0.010220728 0.003076331 0.999908209 -0.013194988 -0.003869297 -0.036525197 0.013298601 0.999244273 8.965938568
0.998880148 -0.002494094 0.047246456 0.044479549 0.003067837 0.999922395 -0.012075015 -0.006966118 -0.047212671 0.012206437 0.998810291 9.493302345
0.998177469 -0.009557470 0.059585001 0.091228694 0.010432885 0.999841928 -0.014398125 -0.018912299 -0.059437975 0.014993527 0.998119414 10.010301590
0.997152567 -0.014452155 0.074012950 0.149070933 0.015834384 0.999710381 -0.018122887 -0.026216064 -0.073729597 0.019243233 0.997092605 10.542488098
0.995875478 -0.011875208 0.089950144 0.194422260 0.013887214 0.999666452 -0.021775264 -0.034113258 -0.089661554 0.022934608 0.995708168 11.083577156
0.994332969 -0.005316764 0.106177337 0.251704454 0.008047200 0.999647439 -0.025303960 -0.035836447 -0.106005363 0.026014993 0.994025171 11.640506744
0.992188811 -0.003334710 0.124700494 0.333258033 0.006550704 0.999656200 -0.025388606 -0.044010222 -0.124572955 0.026007166 0.991869569 12.209490776
0.989340544 -0.001581966 0.145611629 0.412564963 0.004978141 0.999723971 -0.022962097 -0.054419495 -0.145535111 0.023442209 0.989075303 12.782680511
0.985728979 -0.003004019 0.168313295 0.519494593 0.006695742 0.999749184 -0.021370396 -0.066173732 -0.168206885 0.022192402 0.985501885 13.350153923
0.981551886 -0.005144833 0.191126883 0.649873078 0.009525553 0.999712408 -0.022008792 -0.078151941 -0.190958679 0.023423359 0.981318593 13.931516647
0.976562917 -0.006294307 0.215140164 0.786526382 0.011373888 0.999684811 -0.022380730 -0.088696994 -0.214931488 0.024303170 0.976326704 14.509062767
0.970933020 -0.003879145 0.239319831 0.939366221 0.009613344 0.999693871 -0.022797760 -0.098513350 -0.239158124 0.024435762 0.970673084 15.083373070
0.964465618 0.000031024 0.264208406 1.099484801 0.006554923 0.999689400 -0.024045456 -0.103688642 -0.264127076 0.024922881 0.964165807 15.670129776
0.957319736 0.001016074 0.289029151 1.281948447 0.006352789 0.999678254 -0.024555996 -0.116705939 -0.288961112 0.025344081 0.957005322 16.260307312
0.949102104 0.000037397 0.314968556 1.487041235 0.008039407 0.999671340 -0.024344027 -0.130635872 -0.314865947 0.025637127 0.948789835 16.846902847
0.940008342 0.000569745 0.341151059 1.705115438 0.008497311 0.999649286 -0.025082989 -0.142340809 -0.341045707 0.026477085 0.939673781 17.427425385
0.930255175 0.004116538 0.366890162 1.948704481 0.005895253 0.999640286 -0.026163541 -0.151712537 -0.366865903 0.026501680 0.929896295 18.021865845
0.919653177 0.006812035 0.392672479 2.206037998 0.004175307 0.999623477 -0.027120071 -0.162774652 -0.392709374 0.026580587 0.919278443 18.606540680
0.908311188 0.007803330 0.418222368 2.496373892 0.004002999 0.999618053 -0.027345067 -0.176109090 -0.418275982 0.026511973 0.907932997 19.198188782
0.896517456 0.006205213 0.442964971 2.789951324 0.005822242 0.999650478 -0.025787113 -0.192444995 -0.442970186 0.025697647 0.896167994 19.787788391
0.884639502 0.005751516 0.466240168 3.117294788 0.006170599 0.999691963 -0.024040187 -0.199920326 -0.466234803 0.024143880 0.884331465 20.355049133
0.872631669 0.005670249 0.488346010 3.456258774 0.006537923 0.999707341 -0.023290431 -0.203462273 -0.488335162 0.023516735 0.872339249 20.942466736
0.861523569 0.004778685 0.507695079 3.810709000 0.007055149 0.999746501 -0.021382224 -0.222158819 -0.507668555 0.022003153 0.861271441 21.516378403
0.851269960 0.002760422 0.524720788 4.189342499 0.009808914 0.999727726 -0.021172604 -0.233521521 -0.524636328 0.023170540 0.851011097 22.101387024
0.841702998 0.001611823 0.539938390 4.569756508 0.011740723 0.999704480 -0.021286780 -0.243426204 -0.539813101 0.024256414 0.841435313 22.678022385
0.834407210 -0.000207749 0.551148474 4.967502594 0.014881513 0.999643803 -0.022152958 -0.250353187 -0.550947607 0.026686510 0.834113121 23.251207352
0.828604162 -0.001745275 0.559832215 5.363276005 0.017069610 0.999608934 -0.022148345 -0.265840918 -0.559574664 0.027908327 0.828309894 23.833259583
0.824699879 -0.003398537 0.565560460 5.775156498 0.019110397 0.999578357 -0.021860158 -0.270177096 -0.565247715 0.028836153 0.824417114 24.423204422
0.822298348 -0.005009949 0.569034576 6.195998192 0.020260293 0.999585032 -0.020477025 -0.275623441 -0.568695843 0.028367030 0.822058558 25.019035339
0.820005953 -0.008257741 0.572295427 6.624119759 0.021632822 0.999628603 -0.016572505 -0.291239411 -0.571946025 0.025969919 0.819880068 25.631734848
0.818240047 -0.009503114 0.574798226 7.056845665 0.021854438 0.999654770 -0.014583106 -0.300686151 -0.574461222 0.024494370 0.818165243 26.229972839
0.815612793 -0.008952673 0.578528881 7.491885662 0.021622399 0.999653459 -0.015013828 -0.306652844 -0.578194022 0.024754653 0.815523684 26.850065231
0.813127756 -0.008210366 0.582027316 7.925913811 0.022407770 0.999600887 -0.017204164 -0.331620216 -0.581653774 0.027031118 0.812987208 27.477493286
0.811078310 -0.006501624 0.584901452 8.384166718 0.023546103 0.999490678 -0.021541102 -0.331243277 -0.584463477 0.031243671 0.810818315 28.096216202
0.808537185 -0.006543167 0.588408768 8.835231781 0.024278738 0.999457657 -0.022247536 -0.342606455 -0.587944031 0.032273781 0.808257520 28.727231979
0.805927396 -0.007360155 0.591968656 9.290609360 0.023905344 0.999511778 -0.020118311 -0.364413083 -0.591531575 0.030365113 0.805709839 29.363365173
0.803920388 -0.006423724 0.594702303 9.768604279 0.022075644 0.999574900 -0.019044934 -0.373415679 -0.594327152 0.028439045 0.803720415 30.002496719
0.801312923 -0.004993601 0.598224640 10.240497589 0.021227870 0.999572754 -0.020090617 -0.389255941 -0.597868741 0.028797904 0.801076591 30.645568848
0.799327791 -0.002381084 0.600890577 10.719347000 0.020220840 0.999532402 -0.022937804 -0.402601361 -0.600555003 0.030485336 0.799002171 31.291704178
0.796803951 -0.000911109 0.604237258 11.195621490 0.020343283 0.999472380 -0.025319489 -0.413252831 -0.603895366 0.032466836 0.796402037 31.938714981
0.795046329 -0.000715497 0.606548309 11.691377640 0.019863363 0.999493659 -0.024857311 -0.425405771 -0.606223404 0.031810801 0.794657946 32.580337524
0.793202519 -0.002358329 0.608953357 12.181694031 0.019527458 0.999576747 -0.021564702 -0.439072043 -0.608644724 0.028996488 0.792912841 33.225494385
0.791326344 -0.003865969 0.611381769 12.686398506 0.019282365 0.999640346 -0.018636577 -0.449797690 -0.611089885 0.026536500 0.791116297 33.885070801
0.789757550 -0.004771883 0.613400578 13.204050064 0.020775748 0.999604106 -0.018972611 -0.472125322 -0.613067210 0.027727619 0.789544046 34.568027496
0.789012849 -0.003878218 0.614364445 13.720148087 0.021935018 0.999520361 -0.021861052 -0.485715985 -0.613985002 0.030724747 0.788719475 35.217975616
0.788403869 -0.002567769 0.615152657 14.232938766 0.022783168 0.999427080 -0.025027998 -0.496722937 -0.614735961 0.033747297 0.788010716 35.870094299
0.787479818 -0.001526338 0.616338551 14.744396210 0.022499425 0.999401629 -0.026271952 -0.510181725 -0.615929663 0.034555897 0.787042916 36.548141479
0.787177622 -0.001924102 0.616723418 15.266191483 0.022002731 0.999446154 -0.024965851 -0.528950751 -0.616333783 0.033222158 0.786783934 37.211139679
0.786747456 -0.002632514 0.617269397 15.787332535 0.021854656 0.999482751 -0.023592526 -0.549758792 -0.616887987 0.032051571 0.786398053 37.884880066
0.786579728 -0.003320248 0.617479861 16.330411911 0.022525400 0.999474287 -0.023319824 -0.565949559 -0.617077768 0.032251880 0.786240935 38.565021515
0.786741376 -0.003295180 0.617274046 16.873945236 0.022567658 0.999470770 -0.023427969 -0.577495337 -0.616870165 0.032362182 0.786399364 39.249919891
0.786848545 -0.003308672 0.617137313 17.421401978 0.022822073 0.999457657 -0.023739671 -0.598201096 -0.616724074 0.032763876 0.786497295 39.940814972
0.786723077 -0.002609776 0.617300630 17.952980042 0.022915995 0.999425232 -0.024980158 -0.615590572 -0.616880596 0.033798523 0.786330700 40.635219574
0.787017763 -0.002550407 0.616925120 18.493999481 0.023145458 0.999409497 -0.025395283 -0.631235778 -0.616496027 0.034265552 0.786612034 41.329303741
0.787175715 -0.002366542 0.616724193 19.029098511 0.022669930 0.999427855 -0.025100410 -0.651380658 -0.616311967 0.033739530 0.786778986 42.025524139
0.787613928 -0.003006736 0.616161704 19.608816147 0.022772167 0.999446988 -0.024231631 -0.675829887 -0.615748107 0.033116508 0.787246823 42.756683350
0.787790060 -0.003675924 0.615932941 20.152259827 0.023214016 0.999448955 -0.023726407 -0.692883730 -0.615506291 0.032989703 0.787441254 43.464565277
0.788549483 -0.003547493 0.614961147 20.713830948 0.022536058 0.999478400 -0.023131795 -0.713028729 -0.614558280 0.032099362 0.788218081 44.180320740
0.789030552 -0.001674671 0.614351690 21.297948837 0.021984527 0.999432802 -0.025511028 -0.728493154 -0.613960505 0.033635210 0.788619816 44.930175781
0.789800882 -0.000052505 0.613363385 21.846961975 0.022077432 0.999354422 -0.028342588 -0.749597192 -0.612965941 0.035926487 0.789292157 45.647644043
0.790241599 0.000378519 0.612795353 22.406646729 0.023078911 0.999271989 -0.030379087 -0.771965802 -0.612360716 0.038149465 0.789657533 46.373298645
0.790809453 -0.001789550 0.612059772 23.001426697 0.023932613 0.999321401 -0.028000211 -0.795565188 -0.611594319 0.036791023 0.790315628 47.140773773
0.791623414 -0.003728171 0.610997975 23.561656952 0.023162998 0.999445677 -0.023912141 -0.811237752 -0.610570133 0.033081956 0.791270971 47.875152588
0.792154491 -0.009838420 0.610241354 24.149656296 0.027360855 0.999437273 -0.019404031 -0.843763113 -0.609707057 0.032067716 0.791977882 48.631507874
0.793030560 -0.011181978 0.609079242 24.716386795 0.028921571 0.999395192 -0.019308612 -0.863379478 -0.608494937 0.032927845 0.792874336 49.370510101
0.793641686 -0.008504994 0.608326077 25.274511337 0.027838569 0.999362588 -0.022347026 -0.881532729 -0.607748270 0.034670457 0.793372571 50.107574463
0.794132054 -0.007796345 0.607695222 25.850790024 0.028450290 0.999298394 -0.024358284 -0.897186458 -0.607078969 0.036632799 0.793796659 50.867134094
0.794691622 -0.005106976 0.606991887 26.408681870 0.026299875 0.999315262 -0.026024753 -0.916780353 -0.606443346 0.036645465 0.794281840 51.614124298
0.794988275 -0.002275992 0.606620491 26.970968246 0.024470624 0.999299347 -0.028319949 -0.940637529 -0.606131017 0.037358411 0.794487000 52.361732483
0.795229912 0.001288141 0.606306732 27.531026840 0.021802427 0.999290228 -0.030719059 -0.970645010 -0.605915964 0.037647672 0.794637382 53.109146118
0.795215249 0.004244566 0.606312335 28.099359512 0.019434733 0.999283254 -0.032485437 -0.992929816 -0.606015623 0.037616432 0.794562817 53.866210938
0.794944108 0.005737413 0.606655598 28.651180267 0.016487179 0.999381661 -0.031055929 -1.019478202 -0.606458664 0.034689765 0.794357955 54.613113403
0.794723749 0.006201176 0.606939614 29.210447311 0.013742635 0.999507666 -0.028206630 -1.046050310 -0.606815696 0.030757427 0.794247270 55.356468201
0.794043303 0.006388864 0.607827604 29.772790909 0.012450115 0.999564052 -0.026770769 -1.071503401 -0.607733667 0.028824674 0.793617666 56.107986450
0.793211281 0.007563651 0.608899534 30.326301575 0.010526124 0.999603152 -0.026129253 -1.096138835 -0.608855546 0.027135372 0.792816877 56.837753296
0.791437149 0.009682473 0.611173868 30.886291504 0.007564709 0.999642789 -0.025632650 -1.118288040 -0.611203790 0.024909984 0.791081190 57.578704834
0.788650155 0.013157239 0.614701450 31.450365067 0.003174098 0.999670565 -0.025469532 -1.147354841 -0.614834011 0.022037674 0.788348556 58.310779572
0.785950840 0.016248140 0.618075550 32.014873505 0.000295809 0.999644637 -0.026655091 -1.173137426 -0.618288994 0.021132424 0.785666704 59.037780762
0.783034861 0.019160643 0.621682703 32.562355042 -0.001693416 0.999587357 -0.028674973 -1.194346428 -0.621975601 0.021400737 0.782744169 59.755912781
0.780225694 0.020536005 0.625160933 33.143558502 -0.002306007 0.999548554 -0.029956333 -1.222420692 -0.625493884 0.021931075 0.779920816 60.468360901
0.777722716 0.021794621 0.628229618 33.708534241 -0.004469170 0.999565244 -0.029144397 -1.243107200 -0.628591657 0.019858595 0.777481973 61.176773071
0.774852097 0.021424098 0.631779492 34.260951996 -0.006377399 0.999639571 -0.026076881 -1.266083121 -0.632110476 0.016176617 0.774709463 61.884887695
0.772553623 0.020356549 0.634623110 34.849494934 -0.007825713 0.999715269 -0.022540890 -1.286347389 -0.634901285 0.012447668 0.772493005 62.593879700
0.770559609 0.018963993 0.637085795 35.432296753 -0.009456715 0.999787390 -0.018322492 -1.302176118 -0.637297809 0.008093834 0.770575106 63.293178558
0.768027127 0.018319238 0.640155256 36.001476288 -0.013186487 0.999831259 -0.012791532 -1.315024257 -0.640281558 0.001382845 0.768139064 63.997016907
0.765019417 0.013544654 0.643864810 36.593765259 -0.013783704 0.999894142 -0.004656909 -1.328988433 -0.643859744 -0.005312216 0.765125155 64.712677002
0.762599170 0.009318096 0.646804273 37.181091309 -0.012122053 0.999926507 -0.000113084 -1.329916716 -0.646757782 -0.007754356 0.762656093 65.405738831
0.760622859 0.010755822 0.649104953 37.766452789 -0.011195531 0.999931395 -0.003450147 -1.347954988 -0.649097562 -0.004642814 0.760691047 66.082138062
0.757676959 0.016740941 0.652415037 38.338165283 -0.010444857 0.999853969 -0.013526158 -1.348938465 -0.652546167 0.003434078 0.757741213 66.772689819
0.755654812 0.019787718 0.654671133 38.933395386 -0.006566860 0.999722183 -0.022637233 -1.353893757 -0.654937208 0.012806803 0.755574822 67.444297791
0.753009200 0.018720938 0.657743573 39.532207489 -0.002405884 0.999666870 -0.025698537 -1.370322227 -0.658005536 0.017768780 0.752803385 68.116310120
0.749579489 0.017279517 0.661688745 40.122123718 -0.001525785 0.999701619 -0.024378024 -1.389579773 -0.661912620 0.017263673 0.749382257 68.792716980
0.746243358 0.014241479 0.665520906 40.721397400 -0.000451474 0.999781728 -0.020888090 -1.408998728 -0.665673137 0.015287132 0.746086836 69.458137512
0.742214322 0.012580807 0.670044541 41.319389343 -0.000060820 0.999825060 -0.018705422 -1.426710725 -0.670162618 0.013842680 0.742085218 70.115875244
0.737976491 0.011094395 0.674735188 41.945262909 0.001538396 0.999834597 -0.018122457 -1.444458365 -0.674824655 0.014411957 0.737837374 70.790222168
0.733902574 0.010880601 0.679167569 42.550201416 0.000675729 0.999859512 -0.016748430 -1.458030343 -0.679254413 0.012750650 0.733792186 71.438049316
0.729289353 0.011176881 0.684114158 43.159599304 -0.001367697 0.999888361 -0.014877910 -1.469774246 -0.684204102 0.009914640 0.729223251 72.099082947
0.724964857 0.010460136 0.688706517 43.785968781 -0.001845686 0.999910593 -0.013243876 -1.480495930 -0.688783467 0.008330209 0.724919319 72.750534058
0.720717311 0.008687248 0.693174720 44.407257080 -0.000815541 0.999931395 -0.011683747 -1.492988348 -0.693228662 0.007855367 0.720674932 73.395385742
0.715674222 0.008038703 0.698388040 45.014492035 -0.000914769 0.999943674 -0.010572310 -1.500517130 -0.698433697 0.006927466 0.715641260 74.029724121
0.711168289 0.008916510 0.702965319 45.628368378 -0.002605211 0.999946117 -0.010047846 -1.509935856 -0.703017056 0.005314338 0.711153209 74.657424927
0.706486106 0.008099084 0.707680583 46.257694244 0.000641794 0.999926746 -0.012084420 -1.515972733 -0.707726598 0.008991661 0.706429183 75.283004761
0.702195942 0.007107780 0.711948276 46.892402649 0.006209353 0.999850988 -0.016106373 -1.527238846 -0.711956680 0.015730567 0.702047169 75.898483276
0.697862625 0.010253764 0.716158211 47.544296265 0.006468993 0.999766469 -0.020618126 -1.533468604 -0.716202438 0.019021444 0.697633386 76.522041321
0.693383753 0.011071058 0.720483482 48.185173035 0.006735802 0.999738693 -0.021844583 -1.547719955 -0.720537066 0.019999713 0.693127990 77.144271851
0.689324856 0.008160185 0.724406481 48.841270447 0.010230305 0.999727190 -0.020996450 -1.566112280 -0.724380195 0.021884274 0.689053297 77.762809753
0.685304284 0.007861757 0.728214502 49.500877380 0.010576733 0.999728799 -0.020746510 -1.580327272 -0.728180110 0.021919802 0.685035288 78.376525879
0.680984378 0.008536672 0.732248247 50.177234650 0.011152798 0.999695182 -0.022026619 -1.598315477 -0.732213020 0.023166399 0.680681586 79.003860474
0.676305413 0.008661587 0.736570477 50.842311859 0.011111343 0.999697149 -0.021958020 -1.612156391 -0.736537576 0.023034614 0.676004350 79.611724854
0.670650303 0.007518779 0.741735578 51.527477264 0.011228691 0.999731123 -0.020286586 -1.623704672 -0.741688669 0.021933924 0.670385599 80.243835449
0.664954782 0.005253198 0.746865153 52.227241516 0.011859596 0.999774933 -0.017591011 -1.637189865 -0.746789455 0.020554746 0.664742827 80.855957031
0.659113169 0.003342591 0.752036393 52.933620453 0.013382327 0.999779642 -0.016172521 -1.649925947 -0.751924753 0.020723518 0.658923209 81.464744568
0.653485894 0.002441310 0.756934822 53.633022308 0.014391328 0.999773979 -0.015649024 -1.661508560 -0.756801963 0.021119714 0.653303027 82.070190430
0.647845864 0.001654001 0.761769712 54.346004486 0.015624231 0.999758422 -0.015458341 -1.673339844 -0.761611283 0.021916687 0.647663474 82.675422668
0.642085075 0.000172873 0.766633451 55.057315826 0.018245466 0.999713302 -0.015506714 -1.684855700 -0.766416311 0.023944212 0.641897798 83.267753601
0.636918306 -0.000072526 0.770931363 55.787025452 0.018776014 0.999704838 -0.015418082 -1.693804145 -0.770702660 0.024295077 0.636731625 83.867706299
0.632540405 -0.002026014 0.774524748 56.514289856 0.021618111 0.999653161 -0.015040215 -1.705576420 -0.774225652 0.026257306 0.632364810 84.458114624
0.629282355 -0.003720101 0.777167916 57.240856171 0.024551125 0.999584615 -0.015094597 -1.714573264 -0.776788890 0.028579108 0.629112303 85.036987305
0.626069903 -0.003243242 0.779760182 57.993377686 0.025986006 0.999522686 -0.016706886 -1.729110956 -0.779333830 0.030722532 0.625855386 85.637054443
0.623380005 -0.002834211 0.781913877 58.737457275 0.027146287 0.999469042 -0.018019566 -1.736298323 -0.781447649 0.032459095 0.623125970 86.229530334
0.621184707 -0.005253220 0.783646643 59.494972229 0.030936621 0.999362409 -0.017823711 -1.749016762 -0.783053398 0.035315193 0.620951176 86.818595886
0.619699538 -0.003444796 0.784831583 60.265281677 0.029997170 0.999363661 -0.019299207 -1.758231759 -0.784265697 0.035502438 0.619408548 87.428344727
0.617851555 -0.002847881 0.786289632 61.027664185 0.030614316 0.999322295 -0.020436686 -1.771042705 -0.785698593 0.036698557 0.617520094 88.038696289
0.616587520 -0.000671350 0.787286103 61.810569763 0.029985324 0.999294102 -0.022631800 -1.784547567 -0.786715209 0.037561513 0.616172373 88.649070740
0.615221739 -0.000578003 0.788353980 62.586666107 0.029801873 0.999302030 -0.022524355 -1.805988669 -0.787790716 0.037351895 0.614809513 89.256187439
0.614342451 -0.000733098 0.789039195 63.381240845 0.031425953 0.999228835 -0.023539724 -1.825989723 -0.788413465 0.039257761 0.613891721 89.871597290
0.613484681 -0.001477321 0.789705276 64.181274414 0.033271294 0.999158680 -0.023977747 -1.842805982 -0.789005458 0.040984496 0.613017678 90.486991882
0.612557828 -0.002032189 0.790423214 64.971183777 0.036041249 0.999028385 -0.025362531 -1.851973772 -0.789603710 0.044023853 0.612035871 91.096946716
0.612448514 -0.004842361 0.790495694 65.790077209 0.038045384 0.999002993 -0.023356620 -1.871183634 -0.789594471 0.044379439 0.612022161 91.723152161
0.611943722 -0.007198027 0.790868640 66.599075317 0.038549148 0.999041557 -0.020735150 -1.893663168 -0.789961398 0.043176055 0.611634612 92.350540161
0.610896468 -0.008420127 0.791665733 67.437347412 0.040721413 0.998954058 -0.020798231 -1.908362508 -0.790662527 0.044943310 0.610600352 93.006866455
0.610350013 -0.007556448 0.792095840 68.246871948 0.039168436 0.999019206 -0.020650806 -1.925995469 -0.791162908 0.043629374 0.610047340 93.639541626
0.609806180 -0.005956660 0.792528272 69.052291870 0.036913920 0.999099970 -0.020893943 -1.942801952 -0.791690528 0.041996580 0.609477222 94.276092529
0.609609246 -0.006653095 0.792674243 69.929664612 0.037457343 0.999089539 -0.020421136 -1.957048416 -0.791816652 0.042140380 0.609303415 94.937248230
0.609016776 -0.006342574 0.793132067 70.764472961 0.035997421 0.999158680 -0.019650949 -1.973640561 -0.792340100 0.040518463 0.608732700 95.589897156
0.608321249 -0.006332889 0.793665648 71.616943359 0.035508033 0.999184132 -0.019243076 -1.989256263 -0.792896211 0.039887477 0.608049750 96.256301880
0.608646631 -0.008264911 0.793398380 72.486709595 0.036913354 0.999157965 -0.017909339 -2.004517078 -0.792582273 0.040187452 0.608439207 96.912902832
0.609032869 -0.009124515 0.793092489 73.340545654 0.037162680 0.999163866 -0.017042667 -2.020501852 -0.792273879 0.039852988 0.608862758 97.570175171
0.609967053 -0.007220018 0.792393923 74.199409485 0.038411591 0.999052405 -0.020465367 -2.038273335 -0.791495323 0.042920310 0.609666407 98.228866577
0.610416412 -0.004750340 0.792066455 75.043266296 0.038718447 0.998965561 -0.023847679 -2.055549860 -0.791133761 0.045224596 0.609968901 98.884918213
0.611164808 -0.005246682 0.791486025 75.888305664 0.038979847 0.998964131 -0.023477189 -2.074884892 -0.790542960 0.045200434 0.610736251 99.542373657
0.611827374 -0.006857101 0.790961623 76.773239136 0.038975094 0.999009132 -0.021487422 -2.103533506 -0.790030539 0.043974396 0.611488402 100.214447021
0.612253547 -0.007997159 0.790621161 77.625030518 0.038757812 0.999050319 -0.019908460 -2.119991541 -0.789711058 0.042831767 0.611981988 100.879135132
0.612576008 -0.010237891 0.790345371 78.478607178 0.040428739 0.999013066 -0.018394351 -2.139979839 -0.789377034 0.043220606 0.612385392 101.542846680
0.612842083 -0.010148026 0.790140331 79.333106995 0.039470010 0.999062538 -0.017782122 -2.157110929 -0.789219081 0.042084474 0.612668037 102.208938599
0.612629950 -0.009351375 0.790314555 80.219223022 0.040420923 0.998992205 -0.019512633 -2.176244974 -0.789335608 0.043899268 0.612390518 102.892425537
0.611724973 -0.006897294 0.791040421 81.056861877 0.037552860 0.999087870 -0.020328946 -2.197312832 -0.790178657 0.042141553 0.611425996 103.561370850
0.610269070 -0.006917256 0.792164028 81.919067383 0.037173316 0.999110401 -0.019913331 -2.209637403 -0.791321576 0.041599851 0.609983325 104.230010986
0.608708620 -0.007001963 0.793363035 82.792457581 0.034202453 0.999263048 -0.017422704 -2.225576639 -0.792656362 0.037740309 0.608499527 104.910812378
0.607218266 -0.008164644 0.794493139 83.673858643 0.034253802 0.999286532 -0.015910421 -2.249099970 -0.793796360 0.036875509 0.607064724 105.581054688
0.605462909 -0.007545610 0.795837820 84.524940491 0.033222388 0.999323070 -0.015800230 -2.262506962 -0.795179844 0.036006086 0.605303705 106.249031067
0.604418516 -0.006691699 0.796638906 85.398643494 0.031604175 0.999378979 -0.015583738 -2.277487040 -0.796039939 0.034596212 0.604254663 106.907234192
0.603500485 -0.006528271 0.797335982 86.276756287 0.031779815 0.999368846 -0.015871584 -2.294911385 -0.796729147 0.034917694 0.603327036 107.566093445
0.602807224 -0.005831181 0.797865570 87.120697021 0.031186394 0.999381363 -0.016258141 -2.312960625 -0.797277153 0.034683075 0.602616191 108.217567444
0.602777243 -0.006126899 0.797886014 87.981781006 0.032157268 0.999344647 -0.016619902 -2.327166319 -0.797261298 0.035675932 0.602579236 108.864379883
0.603039742 -0.006649154 0.797683418 88.840499878 0.032438051 0.999342561 -0.016192704 -2.339852810 -0.797051311 0.035640139 0.602858961 109.523147583
0.604086280 -0.006773605 0.796890199 89.708206177 0.032981679 0.999319613 -0.016507652 -2.356298685 -0.796236157 0.036254819 0.603898644 110.176437378
0.604810476 -0.006313251 0.796344399 90.561996460 0.033688862 0.999276280 -0.017664084 -2.373484135 -0.795656502 0.037511360 0.604585469 110.826232910
0.605674982 -0.006054444 0.795689106 91.414237976 0.035344470 0.999188781 -0.019301169 -2.389473438 -0.794926763 0.039813444 0.605397701 111.472686768
0.606938720 -0.006358426 0.794723213 92.267250061 0.035129875 0.999205232 -0.018834621 -2.405105591 -0.793971837 0.039349988 0.606679738 112.130081177
0.608542740 -0.008894188 0.793471277 93.125480652 0.039639443 0.999029517 -0.019202635 -2.423527718 -0.792530417 0.043138381 0.608304739 112.785987854
0.610979319 -0.010706508 0.791574180 93.975006104 0.042675979 0.998900056 -0.019428894 -2.447784901 -0.790495455 0.045651857 0.610764146 113.437347412
0.613773227 -0.010222198 0.789416194 94.821693420 0.042344145 0.998903155 -0.019987836 -2.460899115 -0.788345993 0.045695152 0.613532901 114.091880798
0.616044402 -0.010313939 0.787643909 95.674285889 0.040075112 0.999029756 -0.018262208 -2.483043194 -0.786691308 0.042815246 0.615860105 114.765884399
0.617510021 -0.012624720 0.786461771 96.507408142 0.037825625 0.999190986 -0.013660168 -2.494909286 -0.785653055 0.038183697 0.617487967 115.438781738
0.619151592 -0.014631687 0.785135210 97.366554260 0.033677679 0.999401271 -0.007933239 -2.508025646 -0.784548998 0.031353407 0.619273663 116.112884521
0.620671928 -0.008982631 0.784018934 98.215850830 0.030017501 0.999473512 -0.012312354 -2.520536900 -0.783495545 0.031176221 0.620614767 116.801681519
0.621863842 -0.004410446 0.783113003 99.045227051 0.030622113 0.999356329 -0.018688468 -2.530076504 -0.782526493 0.035602257 0.621598601 117.472976685
0.622926593 -0.004477107 0.782267511 99.883056641 0.032941815 0.999246716 -0.020512935 -2.549272299 -0.781586409 0.038547363 0.622604847 118.139236450
0.623350263 -0.007314260 0.781908572 100.762115479 0.035640996 0.999182761 -0.019066859 -2.566461086 -0.781130075 0.039753329 0.623101473 118.820617676
0.623085499 -0.009326043 0.782098174 101.613891602 0.036484875 0.999186993 -0.017152244 -2.583478928 -0.781302333 0.039222065 0.622919202 119.496078491
0.622598767 -0.009398242 0.782484770 102.456268311 0.034943473 0.999264359 -0.015801502 -2.598122120 -0.781760633 0.037180729 0.622469187 120.176223755
0.622034013 -0.007528763 0.782953978 103.323448181 0.034498855 0.999246240 -0.017799735 -2.612805843 -0.782229841 0.038083058 0.621824861 120.860519409
0.621119022 -0.007024153 0.783684790 104.156562805 0.034332987 0.999243736 -0.018254826 -2.632208586 -0.782963872 0.038244657 0.620890379 121.534820557
0.620262742 -0.008147703 0.784351826 105.002075195 0.033110064 0.999326766 -0.015802501 -2.652997732 -0.783694983 0.035771638 0.620114923 122.205871582
0.619216204 -0.008244632 0.785177231 105.866256714 0.033468731 0.999313235 -0.015901396 -2.668589354 -0.784506917 0.036125287 0.619066954 122.892997742
0.618549109 -0.006559091 0.785718799 106.722564697 0.034119263 0.999246180 -0.018518448 -2.681326389 -0.785005093 0.038262714 0.618306637 123.554893494
0.617417216 -0.006159674 0.786611795 107.577354431 0.034936741 0.999197364 -0.019597746 -2.703206778 -0.785859704 0.039581634 0.617136836 124.237945557
0.616387188 -0.006274685 0.787418246 108.446449280 0.035045061 0.999196053 -0.019470831 -2.717867613 -0.786663055 0.039596692 0.616111517 124.919967651
0.615199149 -0.007869179 0.788332522 109.322883606 0.035748068 0.999200106 -0.017923018 -2.736636639 -0.787560880 0.039207589 0.614988327 125.601402283
0.613954425 -0.009177350 0.789288104 110.156768799 0.036205620 0.999207377 -0.016544685 -2.759684086 -0.788510680 0.038734347 0.613800049 126.259422302
0.612708628 -0.009639597 0.790250123 111.004127502 0.034983762 0.999276280 -0.014934807 -2.770009756 -0.789534211 0.036796607 0.612602413 126.923690796
0.611807764 -0.011333207 0.790925324 111.866569519 0.035326913 0.999291182 -0.013007686 -2.792858601 -0.790217221 0.035899151 0.611774445 127.587593079
0.610685229 -0.011274481 0.791793168 112.719764709 0.034502026 0.999327958 -0.012380728 -2.809494019 -0.791121483 0.034879196 0.610663831 128.252212524
