1.000000000 0.000000000 0.000000000 0.000000000 0.000000000 1.000000000 0.000000000 0.000000000 0.000000000 0.000000000 1.000000000 0.000000000
0.999749720 -0.002788423 -0.022198038 -0.020603282 0.002761296 0.999995410 -0.001252603 0.012743416 0.022201428 0.001190994 0.999752820 0.490507931
0.999076426 -0.006326112 -0.042500086 -0.048853900 0.006386920 0.999978781 0.001295148 0.017410751 0.042490993 -0.001565396 0.999095619 0.986352503
0.998116195 -0.004131504 -0.061212689 -0.091836028 0.004498451 0.999972701 0.005858025 0.019187592 0.061186817 -0.006122352 0.998107553 1.498607159
0.996906459 0.001829889 -0.078575477 -0.150941610 -0.000912145 0.999930978 0.011714088 0.026667668 0.078591488 -0.011606178 0.996839345 2.016019106
0.995507300 0.007701576 -0.094370931 -0.228381380 -0.006182941 0.999846816 0.016374046 0.036554825 0.094482586 -0.015716994 0.995402455 2.526257515
0.993841052 0.010610442 -0.110306062 -0.296610892 -0.008499810 0.999772012 0.019586986 0.045637581 0.110488735 -0.018528771 0.993704677 3.056602001
0.992184043 0.008250357 -0.124510154 -0.366282105 -0.005838691 0.999788463 0.019721730 0.048450977 0.124646530 -0.018840609 0.992022336 3.580710888
0.990712225 0.010531962 -0.135566890 -0.448062301 -0.008078437 0.999793708 0.018635694 0.059248362 0.135735199 -0.017367441 0.990592897 4.104812145
0.989403069 0.015666630 -0.144347206 -0.548268795 -0.013911871 0.999816656 0.013157929 0.073431231 0.144526869 -0.011010356 0.989439607 4.637750149
0.987913489 0.021462973 -0.153513283 -0.641808629 -0.020857422 0.999767005 0.005554209 0.077007182 0.153596729 -0.002285186 0.988130987 5.170186996
0.986533105 0.026793806 -0.161352217 -0.742840886 -0.027076317 0.999633253 0.000448070 0.087408632 0.161305055 0.003926788 0.986896753 5.690950394
0.985482275 0.031659842 -0.166800469 -0.848439336 -0.031929117 0.999489546 0.001067766 0.094709173 0.166749135 0.004273526 0.985990107 6.215592384
0.984674633 0.035145551 -0.170823544 -0.943607569 -0.034293942 0.999380291 0.007934475 0.103414208 0.170996547 -0.001954665 0.985269666 6.753243923
0.984410644 0.036109496 -0.172138765 -1.049786329 -0.033804040 0.999295413 0.016306600 0.116143070 0.172606304 -0.010233406 0.984937727 7.299422264
0.984152138 0.039438643 -0.172884881 -1.141677260 -0.035247345 0.999007106 0.027247822 0.127307847 0.173787847 -0.020722270 0.984565079 7.839316368
0.983733296 0.047997821 -0.173103943 -1.248989224 -0.041646663 0.998325825 0.040139191 0.136210784 0.174740732 -0.032277059 0.984085321 8.364892006
0.983324528 0.054627232 -0.173461020 -1.351761937 -0.046605475 0.997661769 0.049989302 0.159029707 0.175786212 -0.041071471 0.983571231 8.921300888
0.983294129 0.055783905 -0.173265025 -1.457495928 -0.046707392 0.997335911 0.056030858 0.181483567 0.175929055 -0.047002058 0.983280122 9.441947937
0.983497858 0.046262678 -0.174904957 -1.539900303 -0.038052235 0.998023570 0.050009750 0.201045752 0.176872849 -0.042528957 0.983314455 9.953416824
0.983180881 0.042277377 -0.177673936 -1.624882460 -0.036976907 0.998769760 0.033040185 0.203535765 0.178852215 -0.025914647 0.983534575 10.454792976
0.983025312 0.042802349 -0.178407252 -1.723472118 -0.041735880 0.999081314 0.009728303 0.206780091 0.178659752 -0.002117185 0.983908653 10.950486183
0.982400596 0.047082111 -0.180754796 -1.835512400 -0.049556434 0.998728991 -0.009194784 0.223072022 0.180092156 0.017990526 0.983485222 11.433899879
0.982064962 0.041223865 -0.183980837 -1.920410275 -0.046276119 0.998658061 -0.023250293 0.247308671 0.182775483 0.031347215 0.982654810 11.933546066
0.982214510 0.030982802 -0.185188219 -1.997227311 -0.036161672 0.999041855 -0.024652785 0.261384875 0.184246957 0.030911040 0.982393801 12.438377380
0.982432604 0.027289204 -0.184611782 -2.092011452 -0.030269712 0.999452651 -0.013345209 0.253223985 0.184146568 0.018698914 0.982720912 12.948453903
0.982326210 0.030817777 -0.184622437 -2.193233728 -0.031613421 0.999499261 -0.001366827 0.239621997 0.184487864 0.007179216 0.982808590 13.460675240
0.981885374 0.036916390 -0.185844958 -2.290965080 -0.036671221 0.999316037 0.004757759 0.228133410 0.185893491 0.002143587 0.982567549 13.977202415
0.981614411 0.041276198 -0.186358199 -2.396782875 -0.040791273 0.999146938 0.006437525 0.230882436 0.186464936 0.001282619 0.982460797 14.487792969
0.981503665 0.038620397 -0.187507451 -2.502578020 -0.038747594 0.999244571 0.002988246 0.230350822 0.187481210 0.004332487 0.982258618 15.010017395
0.981373847 0.032391749 -0.189357325 -2.590251684 -0.033859521 0.999416351 -0.004520583 0.229354754 0.189100385 0.010847930 0.981897831 15.523715019
0.981326342 0.027905546 -0.190315351 -2.688230753 -0.030204894 0.999501467 -0.009191182 0.227121308 0.189963996 0.014768003 0.981679976 16.051698685
0.981278777 0.027673755 -0.190594211 -2.809478521 -0.030394508 0.999473333 -0.011366051 0.227573127 0.190179303 0.016946280 0.981603086 16.600332260
0.980918586 0.029087283 -0.192230687 -2.913649082 -0.032248095 0.999390960 -0.013333919 0.238675013 0.191725761 0.019278562 0.981259167 17.135118484
0.980427921 0.029068915 -0.194720507 -3.024753571 -0.031980731 0.999418497 -0.011826141 0.241684496 0.194263518 0.017821983 0.980787456 17.687274933
0.980044305 0.029029379 -0.196647987 -3.137724400 -0.030743450 0.999511242 -0.005668779 0.231735438 0.196387306 0.011601292 0.980457783 18.250692368
0.979723334 0.029367696 -0.198191077 -3.263002396 -0.030372970 0.999536574 -0.002033504 0.228394285 0.198039502 0.008011923 0.980161309 18.813753128
0.979253590 0.028402088 -0.200638354 -3.383076191 -0.029375916 0.999566674 -0.001877453 0.231432915 0.200498089 0.007732437 0.979663551 19.382400513
0.978562653 0.027743535 -0.204072267 -3.507989407 -0.028755680 0.999584496 -0.001995500 0.235475332 0.203932106 0.007820957 0.978953779 19.997970581
0.977779746 0.027666800 -0.207801268 -3.636176586 -0.028625196 0.999588907 -0.001605903 0.238724738 0.207671419 0.007518571 0.978169739 20.596046448
0.976802588 0.028744813 -0.212203860 -3.769348145 -0.029567605 0.999562562 -0.000704392 0.244691998 0.212090775 0.006962411 0.977225184 21.206567764
0.975732863 0.029632719 -0.216949984 -3.909342051 -0.030349365 0.999539375 0.000028568 0.244326532 0.216850892 0.006556419 0.976182699 21.824506760
0.974992335 0.028264802 -0.220433757 -4.064862251 -0.029022343 0.999578714 -0.000198105 0.248220056 0.220335305 0.006590655 0.975401938 22.429138184
0.974056423 0.027405497 -0.224639654 -4.221565247 -0.028369803 0.999596953 -0.001065435 0.249149531 0.224519908 0.007410775 0.974441350 23.082275391
0.972957313 0.028011749 -0.229280129 -4.376504898 -0.029111339 0.999575198 -0.001414176 0.252872229 0.229143113 0.008050585 0.973359466 23.724905014
0.971926451 0.030392636 -0.233313784 -4.540392876 -0.031445283 0.999505162 -0.000792517 0.258990526 0.233174250 0.008106886 0.972401202 24.379457474
0.970885456 0.031419791 -0.237474725 -4.710329533 -0.032282520 0.999478757 0.000255963 0.267700613 0.237358987 0.007417772 0.971393704 25.057844162
0.969862998 0.031565484 -0.241597548 -4.880722046 -0.031996146 0.999485672 0.002141460 0.272020131 0.241540894 0.005653268 0.970374167 25.741731644
0.968925118 0.031511109 -0.245338857 -5.049154282 -0.031514149 0.999495625 0.003914449 0.275496900 0.245338470 0.003938837 0.969429493 26.414957047
0.968054831 0.032565314 -0.248614907 -5.227892399 -0.032230031 0.999465764 0.005419954 0.277351826 0.248658597 0.002766053 0.968587279 27.088254929
0.966984212 0.034374263 -0.252507329 -5.408830643 -0.033990365 0.999404848 0.005883630 0.283558309 0.252559304 0.002893437 0.967577100 27.767030716
0.966024995 0.036273353 -0.255890548 -5.594075203 -0.035524491 0.999340296 0.007549628 0.292359412 0.255995572 0.001797252 0.966676295 28.437084198
0.964900553 0.036867242 -0.260014892 -5.776348114 -0.035703838 0.999320090 0.009197646 0.296616912 0.260177225 0.000408717 0.965560794 29.134994507
0.963926077 0.035817243 -0.263749272 -5.959059715 -0.034426033 0.999358237 0.009896165 0.306899011 0.263934463 -0.000459330 0.964540482 29.814073563
0.962981939 0.035414506 -0.267229557 -6.155808926 -0.033983279 0.999372542 0.009980187 0.311863631 0.267415345 -0.000529404 0.963581204 30.493841171
0.962014914 0.034806568 -0.270769000 -6.351472378 -0.034022655 0.999392271 0.007589904 0.319667280 0.270868629 0.001910679 0.962614417 31.171848297
0.960936368 0.032926325 -0.274803907 -6.548183918 -0.033554323 0.999433994 0.002416701 0.326435804 0.274727941 0.006898562 0.961497247 31.849742889
0.959665656 0.030180741 -0.279519171 -6.746329308 -0.032249562 0.999475896 -0.002804371 0.332467079 0.279288054 0.011705629 0.960135996 32.533638000
0.958250225 0.026542500 -0.284696281 -6.952550888 -0.029698115 0.999535978 -0.006772281 0.335683763 0.284384400 0.014944483 0.958593845 33.201347351
0.956499040 0.023337563 -0.290800482 -7.155326366 -0.026707781 0.999614179 -0.007625183 0.329070002 0.290510356 0.015060116 0.956753314 33.884120941
0.954307079 0.021712426 -0.298037946 -7.362666130 -0.024348127 0.999690354 -0.005133195 0.329964876 0.297834218 0.012155309 0.954540253 34.573467255
0.951843679 0.022749320 -0.305738658 -7.592826843 -0.024230896 0.999705851 -0.001051213 0.330623448 0.305624813 0.008408911 0.952114880 35.240295410
0.949078500 0.023912530 -0.314130843 -7.839852810 -0.024233328 0.999702156 0.002884394 0.325964004 0.314106256 0.004874919 0.949375331 35.918369293
0.945935726 0.024119325 -0.323456109 -8.083162308 -0.023747033 0.999705017 0.005098197 0.330155015 0.323483646 0.002858556 0.946229458 36.588748932
0.942241430 0.024990337 -0.334000885 -8.321125984 -0.024102384 0.999686360 0.006803079 0.333629787 0.334066123 0.001640075 0.942548215 37.259693146
0.938818753 0.024914293 -0.343509257 -8.582835197 -0.024449080 0.999684930 0.005685980 0.345119983 0.343542665 0.003060379 0.939132094 37.931423187
0.935042739 0.025619853 -0.353608042 -8.853945732 -0.025878301 0.999657094 0.003998068 0.346679628 0.353589207 0.005412410 0.935385168 38.603462219
0.930621028 0.026110524 -0.365051717 -9.120421410 -0.026512662 0.999640822 0.003911519 0.344319940 0.365022749 0.006038350 0.930979013 39.262687683
0.926333427 0.021206450 -0.376107365 -9.390969276 -0.021168770 0.999766946 0.004233283 0.354071259 0.376109481 0.004040298 0.926566422 39.927017212
0.921869338 0.022371560 -0.386854619 -9.693393707 -0.022420142 0.999738991 0.004387387 0.353329122 0.386851788 0.004628737 0.922130287 40.584125519
0.917194247 0.019661384 -0.397955000 -9.983982086 -0.020226758 0.999791563 0.002777753 0.358001411 0.397926658 0.005501600 0.917400718 41.258506775
0.912103295 0.020030623 -0.409470797 -10.281645775 -0.022164216 0.999754250 -0.000464879 0.362227321 0.409360856 0.009499617 0.912323117 41.911613464
0.907091498 0.013727440 -0.420709610 -10.590678215 -0.017144304 0.999843597 -0.004340666 0.370816946 0.420584232 0.011150154 0.907185018 42.572364807
0.901928425 0.013060178 -0.431688100 -10.909431458 -0.015029118 0.999886394 -0.001150124 0.372896492 0.431624025 0.007525221 0.902022243 43.229297638
0.896759510 0.012500070 -0.442341626 -11.233407974 -0.011414262 0.999921739 0.005116505 0.377245188 0.442370951 0.000460729 0.896832049 43.881084442
0.891770601 0.014870474 -0.452243388 -11.584330559 -0.011492440 0.999881744 0.010215953 0.386856973 0.452341825 -0.003912908 0.891836047 44.522087097
0.885897875 0.015640043 -0.463616610 -11.918218613 -0.010404134 0.999849975 0.013849151 0.389215082 0.463763624 -0.007445404 0.885927677 45.186378479
0.880133331 0.014588715 -0.474502385 -12.274427414 -0.010061341 0.999876440 0.012079158 0.400575042 0.474619985 -0.005857138 0.880171299 45.837177277
0.874457002 0.011723867 -0.484961390 -12.635688782 -0.008026001 0.999920726 0.009700865 0.407239139 0.485036671 -0.004590688 0.874481797 46.471347809
0.868734300 0.008025995 -0.495213419 -13.006047249 -0.004939876 0.999959350 0.007540647 0.423007548 0.495253831 -0.004104527 0.868738651 47.117656708
0.862682819 0.007968670 -0.505682647 -13.389507294 -0.003498084 0.999945939 0.009789742 0.436957806 0.505733311 -0.006676521 0.862664044 47.763362885
0.856985211 0.011637324 -0.515209615 -13.783857346 -0.005800238 0.999899507 0.012937329 0.446597159 0.515308380 -0.008098762 0.856966555 48.397945404
0.851748228 0.011496237 -0.523825169 -14.187047005 -0.004098281 0.999874830 0.015280091 0.454319060 0.523935318 -0.010868008 0.851688743 49.027729034
0.846602917 0.010094651 -0.532129347 -14.589264870 -0.002889699 0.999892533 0.014370829 0.474273413 0.532217264 -0.010628692 0.846541107 49.664882660
0.841960013 0.008776305 -0.539468586 -14.999103546 -0.002776364 0.999924958 0.011934077 0.494736433 0.539532781 -0.008550256 0.841921210 50.297653198
0.838118434 0.008193414 -0.545426786 -15.425905228 -0.002974078 0.999940991 0.010451083 0.504444540 0.545480192 -0.007137104 0.838093340 50.914955139
0.833847880 0.005521389 -0.551966786 -15.840728760 -0.000672276 0.999959409 0.008987116 0.511466980 0.551993966 -0.007122813 0.833817720 51.562347412
0.830314219 0.004261425 -0.557279229 -16.272098541 0.000924147 0.999958873 0.009023452 0.524587691 0.557294726 -0.008007308 0.830276132 52.193363190
0.827848315 0.005892851 -0.560921133 -16.709653854 -0.000765921 0.999955773 0.009374802 0.534111619 0.560951531 -0.007331294 0.827816188 52.818954468
0.825493217 0.007018720 -0.564368367 -17.145034790 -0.001868951 0.999951184 0.009702124 0.546795130 0.564408958 -0.006954261 0.825466037 53.454761505
0.823898137 0.008376892 -0.566676021 -17.590322495 -0.002102141 0.999929070 0.011725124 0.556743085 0.566734016 -0.008469075 0.823857307 54.104446411
0.822811007 0.011508698 -0.568198621 -18.039432526 -0.004478216 0.999895215 0.013767662 0.572709203 0.568297565 -0.008783667 0.822776258 54.742675781
0.821915746 0.014327128 -0.569428861 -18.485677719 -0.006900933 0.999860704 0.015196187 0.584897637 0.569567263 -0.008560397 0.821900129 55.376129150
0.821175098 0.017135419 -0.570419014 -18.941326141 -0.009696051 0.999823749 0.016076330 0.591019154 0.570593953 -0.007670671 0.821196556 56.014259338
0.820727587 0.017481057 -0.571052194 -19.406633377 -0.011397271 0.999833822 0.014226540 0.615817189 0.571206033 -0.005167677 0.820790470 56.660408020
0.819958031 0.018231947 -0.572133303 -19.862621307 -0.012313915 0.999823153 0.014213176 0.630535364 0.572291255 -0.004609008 0.820037544 57.308841705
0.819424272 0.019511586 -0.572855353 -20.322372437 -0.013671922 0.999801457 0.014496868 0.642159462 0.573024452 -0.004047053 0.819528282 57.949138641
0.818938375 0.018348577 -0.573588073 -20.777547836 -0.013081591 0.999825895 0.013306353 0.654993773 0.573732316 -0.003393641 0.819035888 58.599662781
0.818656564 0.017381292 -0.574020326 -21.226678848 -0.012625628 0.999845028 0.012268810 0.669574261 0.574144661 -0.002796575 0.818749130 59.237232208
0.818715930 0.017484220 -0.573932528 -21.677742004 -0.012100657 0.999839664 0.013197401 0.682241321 0.574071288 -0.003859960 0.818796217 59.875137329
0.818895519 0.017473035 -0.573676646 -22.122756958 -0.011366588 0.999834180 0.014227685 0.693199873 0.573830068 -0.005130242 0.818958282 60.509670258
0.819003105 0.019844251 -0.573445797 -22.573408127 -0.013249238 0.999789357 0.015675247 0.701413512 0.573636055 -0.005240357 0.819093525 61.149768829
0.819215477 0.020454532 -0.573120892 -23.016006470 -0.013682324 0.999776363 0.016124319 0.714990735 0.573322594 -0.005367666 0.819312155 61.782764435
0.819760978 0.021487944 -0.572302520 -23.471817017 -0.014938531 0.999758124 0.016139578 0.727610946 0.572510898 -0.004681238 0.819883704 62.418869019
0.820135653 0.022605395 -0.571722388 -23.918731689 -0.016520234 0.999738216 0.015830485 0.746211112 0.571930587 -0.003538158 0.820294380 63.053550720
0.820733607 0.023434673 -0.570830286 -24.360422134 -0.017407045 0.999720216 0.016014514 0.754608631 0.571045876 -0.003207184 0.820911884 63.679733276
0.821062207 0.024363613 -0.570318520 -24.797988892 -0.018554004 0.999699891 0.015995113 0.769916594 0.570537090 -0.002551291 0.821267903 64.308044434
0.821601331 0.024150619 -0.569550693 -25.232826233 -0.017642785 0.999700844 0.016939770 0.781945229 0.569789469 -0.003869278 0.821781635 64.930351257
0.822210670 0.023546552 -0.568696022 -25.681446075 -0.016008433 0.999705315 0.018247552 0.793352306 0.568958104 -0.005899401 0.822345376 65.568344116
0.822429657 0.022226948 -0.568432450 -26.108795166 -0.014261786 0.999727905 0.018457048 0.806385100 0.568688035 -0.007072763 0.822522879 66.190010071
0.822742581 0.019819586 -0.568068564 -26.540765762 -0.011992263 0.999774694 0.017512983 0.818031251 0.568287671 -0.007596249 0.822794914 66.820831299
0.822664559 0.016943946 -0.568274558 -26.967075348 -0.010180406 0.999834538 0.015073849 0.838760257 0.568435967 -0.006615456 0.822700977 67.444534302
0.822664142 0.015830839 -0.568307221 -27.412820816 -0.009893424 0.999859512 0.013530797 0.846995473 0.568441570 -0.005508798 0.822705150 68.076637268
0.822250783 0.015180631 -0.568922877 -27.845857620 -0.009530696 0.999871314 0.012905185 0.864857912 0.569045544 -0.005189069 0.822289646 68.711021423
0.821955085 0.016300876 -0.569319069 -28.295272827 -0.009821340 0.999847412 0.014448291 0.880996883 0.569467664 -0.006284370 0.821989715 69.340736389
0.821078539 0.017486248 -0.570547342 -28.742589951 -0.009935576 0.999817073 0.016344236 0.899293482 0.570728779 -0.007751185 0.821102023 69.981971741
0.820092797 0.019292874 -0.571905255 -29.187057495 -0.011559204 0.999786079 0.017151665 0.908319890 0.572113812 -0.007455185 0.820140362 70.606552124
0.818644047 0.014655830 -0.574114203 -29.645151138 -0.008001795 0.999868393 0.014114402 0.920909941 0.574245512 -0.006960728 0.818653584 71.261985779
0.816840470 0.006016544 -0.576832294 -30.093877792 -0.001651423 0.999965906 0.008091417 0.932347000 0.576861262 -0.005656803 0.816822529 71.907890320
0.815067410 -0.001277703 -0.579364717 -30.546508789 0.003510622 0.999990106 0.002733517 0.944007456 0.579355478 -0.004261931 0.815063834 72.551620483
0.813111842 -0.003693231 -0.582095802 -31.022935867 0.005552707 0.999983609 0.001411798 0.956757724 0.582081079 -0.004380157 0.813118994 73.206024170
0.811226070 -0.005434961 -0.584707379 -31.495697021 0.010010429 0.999939322 0.004593905 0.966984391 0.584646940 -0.009579867 0.811231256 73.857681274
0.809158504 -0.008949419 -0.587522328 -31.970701218 0.015755869 0.999854922 0.006469329 0.972251773 0.587379217 -0.014491636 0.809182107 74.524475098
0.807578564 -0.008793913 -0.589694381 -32.454906464 0.016389489 0.999837279 0.007534950 0.983236492 0.589532197 -0.015749853 0.807591319 75.177009583
0.806215286 -0.006502156 -0.591586590 -32.947032928 0.011654820 0.999920130 0.004893041 0.994638681 0.591507494 -0.010839679 0.806226611 75.830200195
0.804448307 0.001035299 -0.594021797 -33.441493988 0.003005206 0.999978602 0.005812599 1.004849911 0.594015062 -0.006461094 0.804427981 76.486183167
0.803507626 0.005631402 -0.595267892 -33.949615479 -0.001961960 0.999974847 0.006811742 1.013091326 0.595291317 -0.004305395 0.803498447 77.143608093
0.802995205 0.008210173 -0.595928967 -34.476749420 -0.005557236 0.999964774 0.006288417 1.020792961 0.595959604 -0.001737851 0.803012550 77.812698364
0.802338541 0.011029105 -0.596767306 -34.984138489 -0.010880626 0.999933362 0.003851459 1.030488968 0.596770048 0.003403028 0.802405119 78.476470947
0.802165091 0.011617047 -0.596989334 -35.509193420 -0.014974478 0.999887645 -0.000663767 1.043362498 0.596914530 0.009472053 0.802248955 79.152755737
0.801436245 0.012228698 -0.597955167 -36.024639130 -0.015785780 0.999875128 -0.000709292 1.051005244 0.597871840 0.010007640 0.801529229 79.846191406
0.800996661 0.013677968 -0.598512590 -36.540378571 -0.014203716 0.999891758 0.003841788 1.055616260 0.598500311 0.005423843 0.801104188 80.538970947
0.801505685 0.014763759 -0.597804904 -37.071437836 -0.012164813 0.999890864 0.008383975 1.064976692 0.597863436 0.000552379 0.801597834 81.238342285
0.801751673 0.016334374 -0.597434103 -37.612857819 -0.012567129 0.999866188 0.010472237 1.078275919 0.597525239 -0.000888103 0.801849663 81.958984375
0.802064180 0.016393352 -0.597012877 -38.154205322 -0.012635520 0.999865234 0.010479919 1.095768452 0.597104251 -0.000861999 0.802163243 82.675338745
0.802197218 0.016578058 -0.596828938 -38.684505463 -0.013105298 0.999862492 0.010158263 1.116549373 0.596915305 -0.000327309 0.802304208 83.395774841
0.802219510 0.017711559 -0.596766412 -39.232807159 -0.014489261 0.999843001 0.010196975 1.127305984 0.596853316 0.000466491 0.802350283 84.131614685
0.802209675 0.018868936 -0.596744180 -39.784420013 -0.015997162 0.999820948 0.010108988 1.143395662 0.596828103 0.001436686 0.802367866 84.860946655
0.802109659 0.017977329 -0.596906126 -40.341922760 -0.015505745 0.999836743 0.009276311 1.159398794 0.596975446 0.001814854 0.802257478 85.595390320
0.801617682 0.018434951 -0.597552717 -40.892951965 -0.016335627 0.999826670 0.008931144 1.171816826 0.597613811 0.002602034 0.801779866 86.337631226
0.800392210 0.018640617 -0.599186838 -41.446693420 -0.016236095 0.999823868 0.009416243 1.189803004 0.599256814 0.002191767 0.800553858 87.086006165
0.799127460 0.019008799 -0.600861013 -42.015792847 -0.015244324 0.999819338 0.011355716 1.204466105 0.600968301 0.000085056 0.799272835 87.821914673
0.797992587 0.020380618 -0.602322519 -42.586307526 -0.015318599 0.999791026 0.013534660 1.215085268 0.602472544 -0.001573822 0.798138082 88.567314148
0.796405554 0.021528240 -0.604379714 -43.151023865 -0.016538288 0.999767721 0.013819221 1.238248467 0.604536831 -0.001010301 0.796576619 89.309967041
0.795095682 0.023322565 -0.606035352 -43.721881866 -0.018870348 0.999727845 0.013716171 1.254676342 0.606190324 0.000530430 0.795319438 90.043739319
0.794183016 0.022716099 -0.607253909 -44.319396973 -0.018317277 0.999741852 0.013442425 1.269694805 0.607402503 0.000447492 0.794394135 90.803443909
0.793260932 0.021835109 -0.608490288 -44.890731812 -0.016949479 0.999761403 0.013779251 1.288386106 0.608645976 -0.000616949 0.793441713 91.542037964
0.792477608 0.021267287 -0.609530091 -45.469020844 -0.015348957 0.999770761 0.014927413 1.301386118 0.609707832 -0.002473991 0.792622387 92.295028687
0.791548133 0.022272944 -0.610700846 -46.050342560 -0.015790373 0.999747396 0.015995521 1.320542812 0.610902846 -0.003018030 0.791699827 93.037101746
0.790828288 0.022133153 -0.611637771 -46.637073517 -0.014753967 0.999744892 0.017101059 1.337568402 0.611860216 -0.004499919 0.790953159 93.776443481
0.790015936 0.021102522 -0.612722993 -47.217678070 -0.013845128 0.999766648 0.016581271 1.355662584 0.612929940 -0.004616241 0.790123820 94.535415649
0.789278448 0.021913409 -0.613644361 -47.802116394 -0.015512797 0.999755621 0.015748760 1.368770361 0.613839507 -0.002910818 0.789425492 95.279243469
0.789252222 0.022077980 -0.613672197 -48.391582489 -0.016970804 0.999755979 0.014141668 1.387795687 0.613834679 -0.000746833 0.789434314 96.013336182
0.789052486 0.023109233 -0.613891006 -48.974899292 -0.018972531 0.999732256 0.013247828 1.409963727 0.614032805 0.001193834 0.789279580 96.760635376
0.789597154 0.025175193 -0.613108873 -49.575263977 -0.022216342 0.999675810 0.012436734 1.421747565 0.613223195 0.003801027 0.789900541 97.515777588
0.789849460 0.026646663 -0.612721682 -50.158031464 -0.025255460 0.999621451 0.010916151 1.438001633 0.612780571 0.006852451 0.790223420 98.275741577
0.791351914 0.029820472 -0.610633254 -50.751659393 -0.030774696 0.999486446 0.008927692 1.452156544 0.610585868 0.011727106 0.791863203 99.010528564
0.792685926 0.032510802 -0.608762681 -51.350410461 -0.034864061 0.999360263 0.007973143 1.468362093 0.608632445 0.014903742 0.793312311 99.768791199
0.794232607 0.034779761 -0.606617689 -51.932575226 -0.037256770 0.999269485 0.008512465 1.471286058 0.606470585 0.015839735 0.794948161 100.523666382
0.795682609 0.037369795 -0.604559958 -52.519363403 -0.039388869 0.999174714 0.009921130 1.485237479 0.604431748 0.015918858 0.796497881 101.281066895
0.797064483 0.038086090 -0.602692008 -53.102790833 -0.040009182 0.999146998 0.010226955 1.499123693 0.602567434 0.015961669 0.797908366 102.062843323
0.798479378 0.037968483 -0.600823700 -53.691684723 -0.039393902 0.999165535 0.010787823 1.512336135 0.600731909 0.015054933 0.799308777 102.831054688
0.800281942 0.036652260 -0.598502696 -54.278224945 -0.037125990 0.999243855 0.011550964 1.529064536 0.598473489 0.012975975 0.801037550 103.605323792
0.801358581 0.034310527 -0.597199500 -54.844615936 -0.033728532 0.999357104 0.012156442 1.546709776 0.597232640 0.010400992 0.802000642 104.380615234
0.802033007 0.033641867 -0.596331596 -55.426521301 -0.032864697 0.999385595 0.012178838 1.561094522 0.596374929 0.009830425 0.802645862 105.170104980
0.803118706 0.031795714 -0.594970047 -56.006477356 -0.032074347 0.999434292 0.010115162 1.568610430 0.594955087 0.010959598 0.803684235 105.947387695
0.803587914 0.026603855 -0.594591260 -56.589836121 -0.029931802 0.999542832 0.004269922 1.584217787 0.594433010 0.014365931 0.804016829 106.740722656
0.804055631 0.022772091 -0.594117820 -57.171783447 -0.027546696 0.999619961 0.001034070 1.596080661 0.593915582 0.015534533 0.804377377 107.535583496
0.804848671 0.022476258 -0.593054295 -57.763618469 -0.026613720 0.999644220 0.001767535 1.600113273 0.592882991 0.014360783 0.805160522 108.325973511
0.805156946 0.024521489 -0.592554688 -58.362464905 -0.026257118 0.999639034 0.005689832 1.607263923 0.592480361 0.010977569 0.805510163 109.125587463
0.805209637 0.024233108 -0.592494905 -58.950534821 -0.025109641 0.999661863 0.006761895 1.616283178 0.592458427 0.009432591 0.805545866 109.926307678
0.805192232 0.025451206 -0.592467487 -59.551654816 -0.026416030 0.999626219 0.007041251 1.629604220 0.592425287 0.009981077 0.805563569 110.734794617
0.805060863 0.027143490 -0.592570961 -60.147232056 -0.028587399 0.999567151 0.006947938 1.639725327 0.592503071 0.011346548 0.805488348 111.540473938
0.805625677 0.029430632 -0.591693401 -60.772033691 -0.030482268 0.999501586 0.008211454 1.655345082 0.591640115 0.011420798 0.806121290 112.348663330
0.805718660 0.031280704 -0.591471910 -61.369407654 -0.031604603 0.999452353 0.009804618 1.667326927 0.591454685 0.010793468 0.806266069 113.156959534
0.806129396 0.032160845 -0.590864718 -61.971481323 -0.031566642 0.999437392 0.011332463 1.678288221 0.590896785 0.009516180 0.806691051 113.965171814
0.806304932 0.031981815 -0.590634882 -62.579128265 -0.031698450 0.999438643 0.010844676 1.691733122 0.590650141 0.009978091 0.806866109 114.774734497
0.806576192 0.030923789 -0.590320766 -63.180809021 -0.031410087 0.999462008 0.009439826 1.706980824 0.590295076 0.010928085 0.807113528 115.579360962
0.806181371 0.029370515 -0.590939045 -63.775257111 -0.030007808 0.999511480 0.008739363 1.723984122 0.590907037 0.010687271 0.806668878 116.396133423
0.805757999 0.029218892 -0.591523707 -64.374778748 -0.028363956 0.999539971 0.010736623 1.740004539 0.591565311 0.008126830 0.806216121 117.206253052
0.805299520 0.030083073 -0.592104495 -64.991485596 -0.027808977 0.999529243 0.012961150 1.748840690 0.592215657 0.006028214 0.805756986 118.028053284
0.804873705 0.030309372 -0.592671692 -65.590751648 -0.026891781 0.999531806 0.014596098 1.762691379 0.592836559 0.004189981 0.805311918 118.829620361
0.803884625 0.030316252 -0.594012201 -66.205940247 -0.026612712 0.999533296 0.014997258 1.779485106 0.594189644 0.003752208 0.804316282 119.658706665
0.802913427 0.029641932 -0.595358193 -66.805961609 -0.024684457 0.999559522 0.016476456 1.801690340 0.595584333 0.001466924 0.803291500 120.475830078
0.802531362 0.028783344 -0.595915198 -67.417411804 -0.021775413 0.999583185 0.018955540 1.818472862 0.596212447 -0.002236117 0.802823603 121.296394348
0.801779985 0.030148843 -0.596858442 -68.025566101 -0.020712567 0.999528527 0.022664854 1.842869282 0.597260356 -0.005809758 0.802026391 122.108901978
0.800915301 0.030562893 -0.597997189 -68.649635315 -0.022231843 0.999525726 0.021308756 1.862493753 0.598364830 -0.003771931 0.801214933 122.930046082
0.800162077 0.023808818 -0.599311113 -69.252311707 -0.021994336 0.999704540 0.010349799 1.879771948 0.599380434 0.004899933 0.800449312 123.733337402
0.800004900 0.018658774 -0.599703252 -69.877319336 -0.025230022 0.999678433 -0.002553540 1.896910191 0.599462748 0.017173372 0.800218344 124.541603088
0.800165057 0.016835896 -0.599543571 -70.489837646 -0.026709823 0.999614537 -0.007577199 1.904049754 0.599184871 0.022076711 0.800306261 125.352249146
0.800536275 0.022448773 -0.598863721 -71.133148193 -0.028959069 0.999579847 -0.001241427 1.910552025 0.598584235 0.018336343 0.800850034 126.182327271
0.800822079 0.026001407 -0.598337710 -71.744773865 -0.027516771 0.999599516 0.006609907 1.921656728 0.598269939 0.011170959 0.801216781 127.005798340
0.800770283 0.031641319 -0.598135233 -72.385162354 -0.028019039 0.999489367 0.015361656 1.929839373 0.598315895 0.004458017 0.801247954 127.846961975
0.800800741 0.031741258 -0.598089159 -72.986381531 -0.025914554 0.999495804 0.018346528 1.946966410 0.598369956 0.000807300 0.801219583 128.667984009
0.801169395 0.031921260 -0.597585678 -73.602813721 -0.026851552 0.999488175 0.017390445 1.962856650 0.597834885 0.002113409 0.801616430 129.483428955
0.801485658 0.030994311 -0.597210288 -74.211090088 -0.029444732 0.999490023 0.012355740 1.982789278 0.597288668 0.007681749 0.801989555 130.290252686
0.801668048 0.031841218 -0.596920848 -74.832160950 -0.032218967 0.999430358 0.010041805 1.998233795 0.596900523 0.011181979 0.802237332 131.105651855
0.801769733 0.032333203 -0.596757829 -75.438148499 -0.032411292 0.999418378 0.010603973 2.014144897 0.596753538 0.010839746 0.802351356 131.928985596
0.802525282 0.033179022 -0.595694840 -76.057540894 -0.031749934 0.999412715 0.012891520 2.027921438 0.595772684 0.008567497 0.803107440 132.744293213
0.803094625 0.032584134 -0.594959974 -76.652976990 -0.030173346 0.999446511 0.014007748 2.041129589 0.595087111 0.006702387 0.803633273 133.560180664
0.803836823 0.031877995 -0.593995154 -77.265632629 -0.029572546 0.999469876 0.013618957 2.061404705 0.594114363 0.006618527 0.804353356 134.378936768
0.804381788 0.029626690 -0.593373597 -77.865722656 -0.027243681 0.999544621 0.012974756 2.078031540 0.593487799 0.005729023 0.804822624 135.195388794
0.805090070 0.026954085 -0.592539847 -78.480049133 -0.025170799 0.999619603 0.011271936 2.091992140 0.592618287 0.005839776 0.805462301 136.021087646
0.805694818 0.023708934 -0.591856182 -79.087234497 -0.022603640 0.999701440 0.009276276 2.101619005 0.591899455 0.005904256 0.805990219 136.842559814
0.806141675 0.022181703 -0.591306686 -79.697784424 -0.021659344 0.999733627 0.007974363 2.113149881 0.591326058 0.006378848 0.806407332 137.670150757
0.806169033 0.021355810 -0.591299832 -80.297309875 -0.021257414 0.999748647 0.007125610 2.124794006 0.591303408 0.006825057 0.806420326 138.486145020
0.806279778 0.022175090 -0.591118574 -80.913848877 -0.022284525 0.999726415 0.007107644 2.129754066 0.591114461 0.007442046 0.806553364 139.307373047
0.805974841 0.022423450 -0.591524959 -81.522239685 -0.022702442 0.999718010 0.006964256 2.149651527 0.591514349 0.007816046 0.806256592 140.132919312
0.805934906 0.023650315 -0.591531575 -82.132919312 -0.023715269 0.999689400 0.007658097 2.150658846 0.591528952 0.007856400 0.806245506 140.946014404
0.805650651 0.024436381 -0.591886759 -82.738250732 -0.024522770 0.999668121 0.007892530 2.160615921 0.591883183 0.008156078 0.805982530 141.763916016
0.805605352 0.024045482 -0.591964364 -83.361915588 -0.023289133 0.999689043 0.008912958 2.173339367 0.591994584 0.006606011 0.805914879 142.603759766
0.805116653 0.023690851 -0.592643142 -83.964698792 -0.021105612 0.999713480 0.011291083 2.186254501 0.592740893 0.003417457 0.805386007 143.431701660
0.804937541 0.023441674 -0.592896283 -84.579742432 -0.019407760 0.999724805 0.013178001 2.192815304 0.593042016 0.000899322 0.805171013 144.261352539
0.804728031 0.021417012 -0.593257308 -85.193527222 -0.016784659 0.999770343 0.013324756 2.207304001 0.593406439 -0.000765185 0.804902673 145.084655762
0.804356456 0.018473122 -0.593859792 -85.801551819 -0.013629317 0.999827206 0.012641202 2.227039099 0.593990684 -0.002074129 0.804469228 145.906448364
0.803549409 0.018343763 -0.594955385 -86.407257080 -0.013308689 0.999828815 0.012852115 2.240256548 0.595089316 -0.002409233 0.803655982 146.736190796
0.803328872 0.017966906 -0.595264614 -87.020706177 -0.013037129 0.999835849 0.012584074 2.255549669 0.595392942 -0.002348609 0.803431213 147.552062988
0.803227901 0.019152045 -0.595363915 -87.636039734 -0.014209079 0.999814630 0.012992669 2.269400597 0.595502436 -0.001976502 0.803351104 148.364456177
0.802625954 0.022421891 -0.596061110 -88.249862671 -0.017795006 0.999748528 0.013645445 2.286748886 0.596217155 -0.000345278 0.802823126 149.179870605
0.802452326 0.025744712 -0.596160650 -88.854995728 -0.020686582 0.999668539 0.015325037 2.300494194 0.596357644 0.000034915 0.802718878 149.980758667
0.802325070 0.028382026 -0.596212149 -89.460960388 -0.022821443 0.999597132 0.016873818 2.315712452 0.596450925 0.000068134 0.802649558 150.786590576
0.802394807 0.031713530 -0.595950365 -90.071678162 -0.026332639 0.999495924 0.017733645 2.337812662 0.596212387 0.001463563 0.802825451 151.595245361
0.802328646 0.034580577 -0.595879912 -90.674720764 -0.029021308 0.999399662 0.018921919 2.359947205 0.596176565 0.002111619 0.802850544 152.400131226
0.802458227 0.035652224 -0.595642269 -91.282234192 -0.028903747 0.999364138 0.020877473 2.381925821 0.596007824 0.000462993 0.802978516 153.203063965
0.802515864 0.035862248 -0.595552027 -91.882972717 -0.027969860 0.999355793 0.022488190 2.408272743 0.595974863 -0.001389624 0.803001881 154.011581421
0.802638948 0.034953669 -0.595440149 -92.475936890 -0.026825221 0.999386728 0.022506488 2.427237511 0.595861673 -0.002091773 0.803084373 154.823333740
0.802858055 0.033112764 -0.595250010 -93.094940186 -0.026756570 0.999451578 0.019509243 2.451652765 0.595569551 0.000263694 0.803303719 155.630966187
0.802515388 0.030975055 -0.595826805 -93.683891296 -0.026748836 0.999515176 0.015933633 2.471314430 0.596031487 0.003150687 0.802954912 156.429458618
0.802793086 0.028173123 -0.595591784 -94.291152954 -0.024412736 0.999598563 0.014378033 2.492257595 0.595757782 0.002997438 0.803158581 157.238525391
0.802997291 0.029331217 -0.595260561 -94.901359558 -0.024846416 0.999567449 0.015735839 2.516915321 0.595464587 0.002154253 0.803378701 158.047393799
0.803183019 0.029896973 -0.594981790 -95.503799438 -0.025273077 0.999550760 0.016109128 2.532597780 0.595196128 0.002098441 0.803577781 158.852691650
0.802733064 0.028123096 -0.595674992 -96.097808838 -0.024743140 0.999597907 0.013849248 2.548740387 0.595824957 0.003621618 0.803106189 159.652252197
0.802501976 0.025694054 -0.596095920 -96.702522278 -0.023405124 0.999659002 0.011579737 2.565099478 0.596190155 0.004658938 0.802829742 160.459426880
0.801717758 0.024185579 -0.597213387 -97.300544739 -0.022901677 0.999690294 0.009740919 2.579028606 0.597263992 0.005867718 0.802023292 161.258865356
0.800994754 0.021990921 -0.598267376 -97.898681641 -0.021264628 0.999739587 0.008277803 2.585896492 0.598293602 0.006091455 0.801253796 162.055435181
0.800225616 0.020671578 -0.599342644 -98.496093750 -0.019724058 0.999772251 0.008147549 2.597605944 0.599374592 0.005301591 0.800451159 162.853378296
0.799703836 0.023457080 -0.599936306 -99.102966309 -0.020927304 0.999718368 0.011192570 2.608992100 0.600029886 0.003604310 0.799969435 163.649719238
0.799279571 0.025619570 -0.600413084 -99.699218750 -0.022279633 0.999667287 0.012996704 2.619889021 0.600546300 0.002988982 0.799584389 164.447082520
0.799255967 0.024767207 -0.600480258 -100.308166504 -0.022522530 0.999682963 0.011254473 2.636026382 0.600568652 0.004529128 0.799560428 165.243988037
0.799218059 0.023997070 -0.600561976 -100.909576416 -0.023414277 0.999687254 0.008785856 2.648833036 0.600584984 0.007039907 0.799529970 166.038604736
0.799858391 0.023708077 -0.599720359 -101.526908875 -0.024192410 0.999680996 0.007253401 2.661866665 0.599700987 0.008706986 0.800176799 166.832855225
0.800091505 0.022285365 -0.599463940 -102.130958557 -0.022546895 0.999720752 0.007072258 2.668794870 0.599454165 0.007857597 0.800370514 167.636260986
0.800609052 0.022442231 -0.598766625 -102.734184265 -0.021802504 0.999727666 0.008318497 2.682981491 0.598790288 0.006394748 0.800880313 168.435760498
0.801160514 0.022974174 -0.598008454 -103.339721680 -0.020921584 0.999727249 0.010378387 2.698262691 0.598083794 0.004196527 0.801422656 169.234909058
0.801789403 0.024051391 -0.597122490 -103.941261292 -0.021283116 0.999705136 0.011688929 2.702959061 0.597227573 0.003336567 0.802064896 170.035232544
0.802386463 0.023576753 -0.596338928 -104.537178040 -0.021435268 0.999713182 0.010682888 2.715486526 0.596419752 0.004210880 0.802661657 170.826416016
0.803243995 0.022333071 -0.595231354 -105.132598877 -0.021654442 0.999731183 0.008287981 2.728921413 0.595256448 0.006232130 0.803511620 171.618988037
0.804062009 0.024166618 -0.594054103 -105.733840942 -0.022783652 0.999692082 0.009830262 2.738197565 0.594108760 0.005630581 0.804365039 172.429351807
0.804623187 0.030192446 -0.593017697 -106.328247070 -0.026599867 0.999536633 0.014798187 2.755596876 0.593189657 0.003867225 0.805053473 173.221939087
0.805354416 0.034018148 -0.591816723 -106.929244995 -0.029192779 0.999416709 0.017721316 2.764114857 0.592074335 0.003004835 0.805877745 174.011383057
0.806228280 0.029123111 -0.590887308 -107.507232666 -0.027148040 0.999556661 0.012223450 2.770175219 0.590981364 0.006186541 0.806661487 174.808120728
0.806936443 0.022260834 -0.590218663 -108.077301025 -0.025882484 0.999662280 0.002317440 2.790147066 0.590070963 0.013406297 0.807240129 175.593780518
0.807957768 0.018818585 -0.588939846 -108.655784607 -0.025422672 0.999672472 -0.002934126 2.789671898 0.588691771 0.017343074 0.808171511 176.381332397
0.808433771 0.018333117 -0.588301539 -109.227294922 -0.022765607 0.999740839 -0.000129393 2.795877457 0.588146687 0.013497647 0.808641613 177.174407959
0.809368372 0.019998241 -0.586960733 -109.807670593 -0.020344587 0.999774992 0.006009731 2.798889637 0.586948812 0.007077388 0.809593081 177.967376709
0.810210109 0.022664785 -0.585701227 -110.378120422 -0.019890362 0.999739766 0.011172102 2.805832148 0.585802019 0.002598059 0.810450077 178.757324219
0.811215043 0.025524905 -0.584190667 -110.954536438 -0.021719681 0.999672711 0.013518224 2.811444283 0.584344506 0.001722247 0.811503887 179.543212891
0.812374234 0.026670827 -0.582526207 -111.546669006 -0.023708092 0.999638200 0.012705580 2.824676514 0.582654297 0.003488899 0.812712610 180.330307007
0.813308835 0.026244359 -0.581240058 -112.112663269 -0.024400195 0.999641836 0.010993849 2.841600180 0.581320405 0.005240977 0.813657880 181.120925903
0.814195275 0.025967853 -0.580010116 -112.683593750 -0.023915188 0.999651432 0.011184576 2.858299017 0.580098331 0.004764623 0.814532518 181.909667969
0.814903378 0.025806291 -0.579021990 -113.262535095 -0.022389453 0.999664247 0.013043346 2.859723806 0.579164147 0.002334918 0.815207601 182.716018677
0.815602958 0.025469569 -0.578051150 -113.826866150 -0.021733603 0.999674261 0.013381657 2.876330853 0.578203678 0.001649012 0.815890789 183.510910034
0.815844595 0.024002396 -0.577772915 -114.378158569 -0.020564947 0.999710500 0.012492185 2.892335176 0.577905476 0.001690184 0.816102028 184.316757202
0.817095637 0.023074783 -0.576040149 -114.965888977 -0.019443352 0.999733210 0.012467101 2.904964924 0.576174140 0.001013336 0.817326307 185.107910156
0.817661583 0.021981798 -0.575279415 -115.533332825 -0.018312499 0.999758184 0.012173316 2.921940088 0.575407863 0.000581151 0.817866385 185.910842896
0.817770064 0.019975811 -0.575198352 -116.095985413 -0.016225841 0.999800444 0.011653058 2.935041666 0.575316310 -0.000196446 0.817930996 186.709487915
0.817708552 0.018398367 -0.575338364 -116.683258057 -0.013884274 0.999828696 0.012239624 2.950142860 0.575465024 -0.002020290 0.817823887 187.529144287
