1.000000000 0.000000000 0.000000000 0.000000000 0.000000000 1.000000000 0.000000000 0.000000000 0.000000000 0.000000000 1.000000000 0.000000000
0.999995470 0.002705094 0.001307519 -0.004475034 -0.002710168 0.999988735 0.003894707 0.004890529 -0.001296969 -0.003898233 0.999991536 0.780126810
0.999978721 0.005683465 0.003207042 -0.008792236 -0.005700047 0.999970317 0.005185145 0.009056143 -0.003177478 -0.005203315 0.999981403 1.583208799
0.999948442 0.008685865 0.005256414 -0.013197316 -0.008706004 0.999954820 0.003820827 0.014566133 -0.005222989 -0.003866393 0.999978900 2.376766920
0.999847293 0.015763519 0.007540192 -0.018290218 -0.015783414 0.999872088 0.002586451 0.022509012 -0.007498456 -0.002705066 0.999968231 3.174445391
0.999792457 0.017959753 0.009617853 -0.019649364 -0.017948942 0.999838173 -0.001209183 0.022967648 -0.009638012 0.001036302 0.999953032 3.964367867
0.999789715 0.017014476 0.011444607 -0.013553631 -0.016977862 0.999850452 -0.003288858 0.023873361 -0.011498854 0.003093862 0.999929070 4.770212650
0.999771774 0.017033683 0.012893070 -0.006284873 -0.016968196 0.999842644 -0.005171774 0.027847614 -0.012979136 0.004951822 0.999903500 5.589375496
0.999750018 0.018184751 0.013007200 -0.005169183 -0.018118547 0.999822378 -0.005189630 0.031669244 -0.013099262 0.004952661 0.999901950 6.403770447
0.999795079 0.015970612 0.012438812 -0.001250430 -0.015910953 0.999861479 -0.004880382 0.027496489 -0.012515033 0.004681468 0.999910712 7.220732689
0.999870658 0.012256149 0.010415124 0.000966106 -0.012201079 0.999911308 -0.005334643 0.030320719 -0.010479582 0.005206877 0.999931514 8.054030418
0.999913156 0.010656826 0.007754271 0.005237429 -0.010616859 0.999930263 -0.005177251 0.028833631 -0.007808903 0.005094476 0.999956548 8.909176826
0.999947965 0.008978792 0.004837839 0.003965208 -0.008956080 0.999948859 -0.004696094 0.030389953 -0.004879757 0.004652522 0.999977291 9.744683266
0.999964774 0.008245091 0.001572672 -0.005895695 -0.008240850 0.999962449 -0.002684364 0.030836100 -0.001594745 0.002671309 0.999995172 10.581692696
0.999944806 0.010295183 -0.002090524 -0.004757247 -0.010295982 0.999946952 -0.000371663 0.031753022 0.002086587 0.000393166 0.999997735 11.404004097
0.999917924 0.011795407 -0.005001280 -0.022732375 -0.011774877 0.999922216 0.004114718 0.034649409 0.005049426 -0.004055491 0.999979019 12.281811714
0.999939620 0.008569819 -0.006876186 -0.031250313 -0.008525508 0.999942839 0.006447839 0.037542999 0.006931049 -0.006388827 0.999955595 13.118631363
0.999915719 0.009449688 -0.008903442 -0.042654160 -0.009390324 0.999933541 0.006685817 0.042989634 0.008966030 -0.006601647 0.999938011 13.960439682
0.999820352 0.015668491 -0.010663887 -0.060624801 -0.015618182 0.999866605 0.004784667 0.047978647 0.010737433 -0.004617257 0.999931693 14.803944588
0.999799132 0.016170058 -0.011839143 -0.078337803 -0.016114144 0.999858618 0.004803160 0.052889023 0.011915137 -0.004611418 0.999918401 15.664638519
0.999829888 0.013299497 -0.012780081 -0.083866492 -0.013243379 0.999902308 0.004465692 0.060331482 0.012838225 -0.004295681 0.999908388 16.504812241
0.999835253 0.013302322 -0.012348280 -0.104069687 -0.013244471 0.999900997 0.004754991 0.071605757 0.012410310 -0.004590661 0.999912441 17.349666595
