1.000000000 0.000000000 0.000000000 0.000000000 0.000000000 1.000000000 0.000000000 0.000000000 0.000000000 0.000000000 1.000000000 0.000000000
0.999899983 0.002365140 -0.013944669 -0.029424883 -0.002456977 0.999975383 -0.006572411 0.001795799 0.013928780 0.006606015 0.999881148 0.575750589
0.999681771 0.004225975 -0.024869407 -0.058488332 -0.004520025 0.999920428 -0.011779438 0.003112223 0.024817647 0.011888099 0.999621332 1.158218145
0.999422073 0.001547987 -0.033957724 -0.081290118 -0.002067116 0.999881446 -0.015257708 0.004749217 0.033930082 0.015319085 0.999306798 1.747757792
0.999157727 0.002383153 -0.040965848 -0.118011996 -0.003029081 0.999871969 -0.015712637 0.006950100 0.040923156 0.015823493 0.999036968 2.355009317
0.998965383 0.000671909 -0.045472216 -0.152322695 -0.001392767 0.999873817 -0.015822874 0.000336588 0.045455847 0.015869835 0.998840272 2.970714331
0.998753548 -0.000155173 -0.049912885 -0.183792889 -0.000698224 0.999853909 -0.017079838 -0.011258055 0.049908243 0.017093400 0.998607516 3.594354153
0.998483658 -0.003043992 -0.054965023 -0.214132980 0.001966252 0.999804974 -0.019651193 -0.021353491 0.055014119 0.019513320 0.998294890 4.221389771
0.998209894 -0.004726038 -0.059620634 -0.256564647 0.003433947 0.999757409 -0.021755747 -0.026550826 0.059708990 0.021512069 0.997983992 4.868776321
0.997878611 -0.008561635 -0.064536996 -0.299871653 0.007142237 0.999728203 -0.022192271 -0.034689434 0.064709462 0.021684254 0.997668505 5.511369228
0.997516870 -0.011833997 -0.069426484 -0.345457435 0.010568874 0.999771833 -0.018561602 -0.043815609 0.069630302 0.017781751 0.997414351 6.174424171
0.997167110 -0.016501166 -0.073385380 -0.397211850 0.015464543 0.999772787 -0.014671622 -0.051571727 0.073610805 0.013495187 0.997195721 6.852245808
0.996846974 -0.019550554 -0.076901749 -0.447341532 0.018726010 0.999759316 -0.011428662 -0.058377925 0.077106677 0.009952565 0.996973157 7.529739857
0.996488810 -0.024871577 -0.079946540 -0.504946470 0.024075644 0.999650657 -0.010904509 -0.067895643 0.080189824 0.008941457 0.996739507 8.219344139
0.996245623 -0.025383011 -0.082766913 -0.565534294 0.024287269 0.999603868 -0.014219100 -0.072264999 0.083095051 0.012155534 0.996467471 8.906842232
0.996011317 -0.026049322 -0.085339956 -0.624575198 0.024612810 0.999537826 -0.017842118 -0.078976199 0.085765287 0.015670495 0.996192098 9.595449448
0.995672166 -0.028898131 -0.088328198 -0.682997167 0.027365504 0.999454021 -0.018513730 -0.078266636 0.088814989 0.016016459 0.995919347 10.302118301
0.995345116 -0.029261645 -0.091824859 -0.745743752 0.028090648 0.999507070 -0.014019410 -0.085426122 0.092189826 0.011374732 0.995676458 11.019768715
0.995214283 -0.025914464 -0.094217725 -0.821882844 0.025122967 0.999638498 -0.009577399 -0.095723890 0.094431862 0.007164536 0.995505571 11.745416641
0.994968653 -0.024693998 -0.097095482 -0.901174545 0.024009166 0.999677956 -0.008215394 -0.102854893 0.097267091 0.005842878 0.995241165 12.473623276
0.994493544 -0.027289355 -0.101182505 -0.968078494 0.026046200 0.999568403 -0.013587323 -0.104310922 0.101509623 0.010877085 0.994775116 13.187544823
0.994218349 -0.028149894 -0.103621602 -1.050705314 0.026514895 0.999501765 -0.017122604 -0.112396613 0.104051977 0.014276091 0.994469404 13.928670883
0.994111061 -0.023914391 -0.105694264 -1.142693877 0.022158854 0.999596834 -0.017752966 -0.115803488 0.106076203 0.015306356 0.994240165 14.666398048
0.993861616 -0.022549130 -0.108308174 -1.226964593 0.021113377 0.999673605 -0.014384830 -0.122247957 0.108597182 0.012009779 0.994013309 15.412957191
0.993524969 -0.025094345 -0.110807933 -1.311488986 0.024193969 0.999662519 -0.009462894 -0.126896009 0.111007996 0.006720738 0.993796766 16.162237167
0.993095398 -0.027338235 -0.114079334 -1.391989827 0.026931286 0.999624252 -0.005107189 -0.135261536 0.114176095 0.001999623 0.993458509 16.909912109
0.992654443 -0.028054660 -0.117686428 -1.484207511 0.027811833 0.999606311 -0.003705404 -0.132754236 0.117744051 0.000405111 0.993043900 17.658664703
0.992247701 -0.029454632 -0.120734863 -1.581046700 0.029165931 0.999565959 -0.004158021 -0.141203523 0.120804928 0.000604442 0.992676079 18.419513702
0.991899192 -0.030422388 -0.123330615 -1.669507146 0.030016324 0.999536157 -0.005149641 -0.143361554 0.123430073 0.001405994 0.992352247 19.170291901
0.991820455 -0.029164426 -0.124264479 -1.769798875 0.028383762 0.999564707 -0.008048443 -0.139304966 0.124445118 0.004455517 0.992216468 19.923679352
0.991898537 -0.028458821 -0.123803832 -1.873247385 0.027343798 0.999568880 -0.010696582 -0.142521083 0.124054864 0.007224657 0.992249072 20.676385880
0.991798282 -0.030585645 -0.124099389 -1.966115832 0.029158439 0.999486327 -0.013300972 -0.153585508 0.124442458 0.009573337 0.992180645 21.434595108
0.991814852 -0.032703988 -0.123425014 -2.059717178 0.031051656 0.999400854 -0.015287819 -0.155694887 0.123851039 0.011330136 0.992236137 22.194679260
0.991945446 -0.032077171 -0.122537084 -2.160604954 0.030401628 0.999417245 -0.015519556 -0.159702405 0.122963496 0.011669225 0.992342591 22.964920044
0.992008865 -0.029431637 -0.122687332 -2.257717371 0.027786022 0.999499798 -0.015102897 -0.166280702 0.123070471 0.011573214 0.992330432 23.737491608
0.992035270 -0.029860752 -0.122369967 -2.352761030 0.028245067 0.999489725 -0.014917151 -0.178953141 0.122752964 0.011341992 0.992372453 24.511909485
0.992062211 -0.031574637 -0.121719204 -2.458836079 0.029825315 0.999424338 -0.016167484 -0.188730597 0.122159623 0.012408838 0.992432892 25.279195786
0.992036521 -0.031608611 -0.121919841 -2.554821014 0.029574821 0.999392152 -0.018455550 -0.196056470 0.122429088 0.014702823 0.992368340 26.060562134
0.992076159 -0.029435789 -0.122140907 -2.654600859 0.027338926 0.999449253 -0.018808441 -0.207175165 0.122627281 0.015320206 0.992334545 26.832115173
0.992047787 -0.028155982 -0.122671880 -2.763545990 0.026360501 0.999520659 -0.016235258 -0.222200364 0.123070203 0.012872459 0.992314458 27.620018005
0.991878867 -0.029074354 -0.123818569 -2.863837481 0.027657358 0.999530971 -0.013148021 -0.230589539 0.124142766 0.009616749 0.992217779 28.410587311
0.991723537 -0.031263739 -0.124527134 -2.962805748 0.030444268 0.999500513 -0.008478690 -0.239962086 0.124730006 0.004617380 0.992179990 29.203437805
0.991601050 -0.026514808 -0.126587078 -3.070732117 0.025808958 0.999640882 -0.007213182 -0.241130695 0.126732871 0.003885519 0.991929293 29.998201370
0.991372705 -0.025226725 -0.128622606 -3.181101084 0.024501234 0.999673724 -0.007219870 -0.243686244 0.128762782 0.004006170 0.991667330 30.793909073
0.990952194 -0.027511179 -0.131365657 -3.286366701 0.026798362 0.999615014 -0.007191323 -0.245857164 0.131512925 0.003605872 0.991307914 31.588930130
0.990576029 -0.030290838 -0.133572608 -3.390346527 0.029742816 0.999539018 -0.006096711 -0.246312603 0.133695707 0.002066430 0.991020262 32.390140533
0.990363300 -0.030670445 -0.135055125 -3.501016855 0.030013327 0.999525666 -0.006899418 -0.254830599 0.135202676 0.002779477 0.990814090 33.189743042
0.990020692 -0.030283496 -0.137629792 -3.614519358 0.029292999 0.999528348 -0.009217036 -0.259265482 0.137844011 0.005093467 0.990440845 33.983158112
0.989584506 -0.032516286 -0.140232652 -3.731477022 0.030996747 0.999434829 -0.013007027 -0.262123972 0.140576333 0.008524797 0.990033150 34.778354645
0.989143848 -0.036041584 -0.142462209 -3.845003128 0.034383971 0.999309480 -0.014080957 -0.267392427 0.142871335 0.009029676 0.989700079 35.570816040
0.988665938 -0.039674722 -0.144795090 -3.958298445 0.038089227 0.999180317 -0.013706823 -0.273987383 0.145220220 0.008036336 0.989366710 36.370906830
0.988258958 -0.040635865 -0.147285417 -4.076508522 0.039062276 0.999144733 -0.013561885 -0.284488618 0.147710547 0.007649351 0.989001036 37.161521912
0.987960875 -0.039747529 -0.149510756 -4.198987961 0.038131084 0.999179304 -0.013663822 -0.297899485 0.149931163 0.007798315 0.988665700 37.942806244
0.987730145 -0.039217431 -0.151166171 -4.324100018 0.037453983 0.999193192 -0.014496400 -0.305263877 0.151612729 0.008656756 0.988402069 38.743209839
0.987691343 -0.038065054 -0.151713237 -4.450325489 0.036433525 0.999244630 -0.013520396 -0.312440515 0.152113289 0.007826531 0.988332093 39.521522522
0.987682939 -0.037599262 -0.151883781 -4.571528912 0.036201034 0.999272943 -0.011961670 -0.325639576 0.152223095 0.006315989 0.988325953 40.303127289
0.987693667 -0.038004290 -0.151713341 -4.693774700 0.036731265 0.999262571 -0.011185765 -0.333920538 0.152026579 0.005475488 0.988361239 41.094009399
0.987818062 -0.035540737 -0.151500195 -4.824268341 0.034340080 0.999354661 -0.010534978 -0.336442232 0.151776835 0.005204113 0.988401115 41.871864319
0.987977266 -0.034041278 -0.150804788 -4.943352222 0.033146411 0.999414861 -0.008444394 -0.339068800 0.151004001 0.003344232 0.988527477 42.650115967
0.988080740 -0.034380157 -0.150048316 -5.058584690 0.033928692 0.999408722 -0.005568493 -0.346467406 0.150151044 0.000411178 0.988662958 43.421836853
0.988147736 -0.035463374 -0.149353370 -5.174006462 0.035176307 0.999370694 -0.004564139 -0.353375018 0.149421245 -0.000743656 0.988773346 44.187461853
0.988261938 -0.035248637 -0.148646712 -5.299046993 0.034817670 0.999378562 -0.005501340 -0.352395028 0.148748249 0.000261233 0.988875091 44.983657837
0.988366723 -0.035726983 -0.147833735 -5.414202690 0.034852345 0.999356270 -0.008503408 -0.352892220 0.148042381 0.003252133 0.988975644 45.758586884
0.988360763 -0.037323788 -0.147478521 -5.533611298 0.036354177 0.999296010 -0.009265554 -0.358350039 0.147720516 0.003796251 0.989021838 46.543003082
0.988371789 -0.038376544 -0.147134081 -5.652886868 0.037470199 0.999257863 -0.008927752 -0.361729831 0.147367507 0.003310795 0.989076257 47.328979492
0.988338411 -0.038950391 -0.147207528 -5.776004791 0.038069222 0.999236345 -0.008799632 -0.363894284 0.147437871 0.003092939 0.989066482 48.122287750
0.988253534 -0.040575899 -0.147338152 -5.892318726 0.039442617 0.999165535 -0.010606443 -0.365186393 0.147645578 0.004670452 0.989029288 48.905475616
0.988172710 -0.041751679 -0.147551745 -6.009382725 0.040246330 0.999102950 -0.013174373 -0.375672549 0.147969440 0.007080139 0.988966584 49.689998627
0.987995684 -0.044307481 -0.147991195 -6.128945351 0.042713910 0.998990238 -0.013930436 -0.378686994 0.148458987 0.007441929 0.988890588 50.475570679
0.987833977 -0.044927664 -0.148881018 -6.245988846 0.043291431 0.998961389 -0.014214409 -0.388215184 0.149365008 0.007596205 0.988752961 51.264347076
0.987830877 -0.044023197 -0.149171621 -6.371449471 0.042497937 0.999006689 -0.013398631 -0.400140792 0.149613291 0.006896096 0.988720536 52.045661926
0.987786889 -0.043885726 -0.149502799 -6.501905441 0.042223208 0.999006152 -0.014277873 -0.404484153 0.149980813 0.007791008 0.988658190 52.850070953
0.987752795 -0.041684274 -0.150355816 -6.623639107 0.039786108 0.999086261 -0.015611942 -0.412959814 0.150869206 0.009438667 0.988508701 53.633682251
0.987881899 -0.035850596 -0.151010364 -6.761548042 0.033959467 0.999309361 -0.015084341 -0.423645079 0.151446849 0.009773317 0.988417089 54.437824249
0.987897515 -0.032421160 -0.151681900 -6.891192913 0.030560587 0.999426544 -0.014582104 -0.433311313 0.152067691 0.009770136 0.988321781 55.231555939
0.987909496 -0.029492065 -0.152200505 -7.017680645 0.027720410 0.999521136 -0.013749539 -0.443723202 0.152533114 0.009364241 0.988254011 56.011165619
0.987988353 -0.025769683 -0.152364448 -7.156978607 0.023842957 0.999611139 -0.014459405 -0.456298828 0.152677819 0.010652904 0.988218606 56.807872772
0.987972081 -0.021933900 -0.153069019 -7.289847851 0.019812400 0.999685526 -0.015371541 -0.461438626 0.153358042 0.012153989 0.988095939 57.592426300
0.987804174 -0.023743784 -0.153880313 -7.418804646 0.021648480 0.999648929 -0.015278044 -0.472874224 0.154189050 0.011760442 0.987971365 58.387290955
0.987626374 -0.026019596 -0.154651776 -7.543031216 0.024822710 0.999645114 -0.009665590 -0.481311411 0.154848382 0.005707115 0.987921774 59.188823700
0.987586141 -0.026478345 -0.154830605 -7.668256283 0.026812397 0.999640465 0.000069285 -0.479207098 0.154773101 -0.004219803 0.987941027 59.990592957
0.987545133 -0.025388887 -0.155274123 -7.795849800 0.027550301 0.999550939 0.011783543 -0.484772265 0.154905230 -0.015914628 0.987801135 60.798110962
0.987574875 -0.026046429 -0.154975504 -7.930208683 0.029587107 0.999350250 0.020583764 -0.468618929 0.154338673 -0.024913285 0.987703860 61.620059967
0.987607360 -0.027615968 -0.154496014 -8.054771423 0.031701639 0.999208152 0.024043806 -0.450182378 0.153709680 -0.028643617 0.987700820 62.420848846
0.987784386 -0.029192772 -0.153067946 -8.180490494 0.033204909 0.999167025 0.023720417 -0.429429710 0.152247980 -0.028513264 0.987930954 63.217773438
0.988014996 -0.029172692 -0.151576146 -8.302171707 0.032565195 0.999270558 0.019947000 -0.414453149 0.150883675 -0.024644041 0.988244295 64.010452271
0.988218427 -0.027833544 -0.150497869 -8.426130295 0.030537630 0.999410510 0.015686015 -0.400024533 0.149972558 -0.020097058 0.988485873 64.805023193
0.988379419 -0.026727255 -0.149638847 -8.545457840 0.029022167 0.999491990 0.013173279 -0.382878482 0.149210736 -0.017363042 0.988652945 65.603591919
0.988598704 -0.027302647 -0.148078427 -8.673224449 0.029960632 0.999427021 0.015748674 -0.361672938 0.147563592 -0.020005642 0.988850236 66.403900146
0.988768280 -0.026731327 -0.147046641 -8.794458389 0.029729990 0.999391675 0.018232344 -0.346609205 0.146469817 -0.022399260 0.988961518 67.211044312
0.988886535 -0.026404377 -0.146308482 -8.911798477 0.029325319 0.999410629 0.017843105 -0.338711679 0.145751119 -0.021935351 0.989078104 68.008651733
0.989054561 -0.024643097 -0.145477682 -9.034687996 0.026476894 0.999592364 0.010682331 -0.327147424 0.145155132 -0.014417206 0.989303887 68.797042847
0.989153743 -0.023149027 -0.145048454 -9.152433395 0.023948850 0.999706089 0.003770270 -0.314438373 0.144918546 -0.007203120 0.989417374 69.588569641
0.989257991 -0.023518898 -0.144275710 -9.275924683 0.024008326 0.999710381 0.001651986 -0.302084625 0.144195065 -0.005098058 0.989536166 70.398612976
0.989425063 -0.021321597 -0.143469244 -9.406480789 0.022374488 0.999733269 0.005729256 -0.302407920 0.143308818 -0.008878721 0.989638209 71.206809998
0.989486814 -0.020669403 -0.143138409 -9.522170067 0.022538828 0.999680400 0.011450996 -0.294843674 0.142855987 -0.014556781 0.989636421 72.017318726
0.989632666 -0.018010663 -0.142487988 -9.644770622 0.020410921 0.999673069 0.015401576 -0.287416577 0.142164022 -0.018150212 0.989676714 72.814544678
0.989771187 -0.018978063 -0.141395956 -9.770217896 0.021351213 0.999655187 0.015285417 -0.280588597 0.141057119 -0.018148040 0.989835083 73.604202271
0.989676237 -0.021488756 -0.141701177 -9.878152847 0.023623267 0.999631166 0.013398305 -0.271711498 0.141360998 -0.016607428 0.989818811 74.389839172
0.989625633 -0.025750441 -0.141343698 -9.985136032 0.027706020 0.999545455 0.011884857 -0.258052111 0.140973404 -0.015677629 0.989889264 75.177459717
0.989645541 -0.024126831 -0.141490698 -10.092752457 0.026228648 0.999571323 0.013008462 -0.243916750 0.141116187 -0.016584877 0.989854097 75.963165283
0.989748299 -0.021603309 -0.141179189 -10.208122253 0.024167899 0.999572158 0.016476030 -0.233051091 0.140762851 -0.019719128 0.989846945 76.752670288
0.989756882 -0.019617260 -0.141408712 -10.323884964 0.022253636 0.999606311 0.017086314 -0.226538792 0.141017854 -0.020058155 0.989803851 77.521286011
0.989867508 -0.020190069 -0.140551284 -10.440089226 0.022350205 0.999654830 0.013807364 -0.216754928 0.140223995 -0.016808812 0.989977121 78.312065125
0.990004361 -0.017260930 -0.139976442 -10.556838989 0.018418139 0.999806046 0.006975861 -0.208776057 0.139828891 -0.009484238 0.990130246 79.072067261
0.990130842 -0.017581597 -0.139038891 -10.674075127 0.017899485 0.999839246 0.001036125 -0.206590727 0.138998330 -0.003514623 0.990286410 79.828201294
0.990080118 -0.016834145 -0.139492035 -10.777716637 0.017016251 0.999855220 0.000112850 -0.202421725 0.139469936 -0.002485361 0.990223169 80.569595337
0.990023375 -0.014155026 -0.140190348 -10.879364014 0.014424903 0.999895513 0.000909079 -0.197231606 0.140162840 -0.002922242 0.990124166 81.303695679
0.990100265 -0.010827729 -0.139943659 -10.993879318 0.011612906 0.999921083 0.004795268 -0.203475490 0.139880687 -0.006372949 0.990147829 82.027145386
0.990084887 -0.011999782 -0.139956892 -11.095894814 0.013145753 0.999887168 0.007266405 -0.196764588 0.139853910 -0.009034197 0.990130961 82.747497559
0.989984930 -0.012272093 -0.140638620 -11.189835548 0.013677317 0.999865711 0.009029470 -0.188951090 0.140508920 -0.010862599 0.990019798 83.440063477
0.990069926 -0.012696655 -0.140001252 -11.293210983 0.014572189 0.999817193 0.012379547 -0.184501141 0.139818475 -0.014296741 0.990073919 84.116104126
0.990075886 -0.008401752 -0.140282527 -11.399253845 0.010688649 0.999821842 0.015556604 -0.177012205 0.140126839 -0.016901648 0.989989281 84.806312561
0.989966750 -0.007635996 -0.141094178 -11.492209435 0.010040887 0.999816060 0.016340524 -0.173134208 0.140943453 -0.017593285 0.989861310 85.460968018
0.989864826 -0.009605206 -0.141687691 -11.584591866 0.011938812 0.999806583 0.015629178 -0.164279044 0.141510159 -0.017162357 0.989787996 86.115592957
0.989647269 -0.013571006 -0.142877936 -11.678915977 0.015831031 0.999766707 0.014692934 -0.153434128 0.142645210 -0.016802726 0.989631236 86.770904541
0.989441931 -0.015369159 -0.144112661 -11.771311760 0.017478753 0.999757648 0.013383808 -0.144801557 0.143872038 -0.015761411 0.989470780 87.414863586
0.989390790 -0.013711500 -0.144630268 -11.869677544 0.015691319 0.999798059 0.012556951 -0.141698837 0.144428879 -0.014693170 0.989406109 88.056091309
0.989205122 -0.012468953 -0.146005839 -11.970522881 0.013984523 0.999858439 0.009358361 -0.130427763 0.145868480 -0.011299161 0.989239454 88.702293396
0.988897562 -0.010174698 -0.148249909 -12.064038277 0.011102743 0.999923587 0.005433761 -0.126193359 0.148183301 -0.007019413 0.988934994 89.338386536
0.988906324 -0.012049793 -0.148051068 -12.166850090 0.012300323 0.999924064 0.000776681 -0.121714965 0.148030460 -0.002589140 0.988979399 89.975746155
0.988907993 -0.011603294 -0.148075476 -12.269343376 0.011930297 0.999927938 0.001320333 -0.124279872 0.148049489 -0.003072273 0.988975167 90.608970642
0.989013255 -0.009642054 -0.147512034 -12.373609543 0.010272952 0.999941051 0.003515644 -0.109186754 0.147469431 -0.004992402 0.989054024 91.245437622
0.989289522 -0.001809550 -0.145955414 -12.483073235 0.002841695 0.999972403 0.006863462 -0.106789961 0.145938963 -0.007204711 0.989267349 91.883865356
0.989557207 0.001120973 -0.144136131 -12.584084511 0.000177945 0.999959469 0.008998542 -0.110570870 0.144140378 -0.008930220 0.989516973 92.514175415
0.989593744 -0.000575075 -0.143888593 -12.664450645 0.001662675 0.999970973 0.007438499 -0.106055267 0.143880129 -0.007600331 0.989565969 93.137573242
0.989931822 -0.003590970 -0.141499355 -12.759968758 0.004096750 0.999986231 0.003283284 -0.108173549 0.141485617 -0.003829915 0.989932895 93.754875183
0.990208805 -0.000236513 -0.139594138 -12.851937294 0.000324939 0.999999762 0.000610662 -0.096624136 0.139593959 -0.000650042 0.990208626 94.367347717
0.990335345 0.003631135 -0.138645947 -12.945234299 -0.003374060 0.999992132 0.002089171 -0.092876062 0.138652444 -0.001601180 0.990339816 94.986587524
0.990468144 0.003913200 -0.137686476 -13.034842491 -0.003373284 0.999985695 0.004154469 -0.094863057 0.137700766 -0.003650414 0.990467131 95.591079712
0.990596235 0.002405844 -0.136796772 -13.113216400 -0.001831862 0.999988973 0.004321610 -0.092655323 0.136805668 -0.004030378 0.990589678 96.183990479
0.990809083 0.001651660 -0.135257706 -13.204530716 -0.001280169 0.999995172 0.002833474 -0.096340321 0.135261729 -0.002634279 0.990806401 96.771041870
0.990981281 0.002757893 -0.133972079 -13.286319733 -0.002693479 0.999996126 0.000662038 -0.097209446 0.133973390 -0.000295216 0.990984857 97.326484680
0.990946174 0.002035812 -0.134244114 -13.349321365 -0.002116893 0.999997675 -0.000461250 -0.096538812 0.134242862 0.000741255 0.990948200 97.876663208
0.990882218 0.001588963 -0.134721458 -13.423947334 -0.001603776 0.999998689 -0.000001428 -0.092608497 0.134721279 0.000217478 0.990883529 98.430961609
0.990919232 0.001165870 -0.134453431 -13.507044792 -0.001045849 0.999998987 0.000963287 -0.091596738 0.134454414 -0.000813922 0.990919471 98.963531494
0.990811288 -0.000320463 -0.135251030 -13.580471039 0.000713873 0.999995649 0.002860249 -0.095280983 0.135249525 -0.002930519 0.990807235 99.481651306
0.990587234 -0.000686473 -0.136881128 -13.646858215 0.001152972 0.999993801 0.003328802 -0.098642588 0.136877984 -0.003455289 0.990581870 99.981063843
0.990440488 0.000901495 -0.137937859 -13.718237877 -0.000618047 0.999997616 0.002097712 -0.101980723 0.137939423 -0.001992407 0.990438640 100.464477539
0.990400374 0.000812060 -0.138225928 -13.787878036 -0.001097891 0.999997437 -0.001991617 -0.106006943 0.138223946 0.002124255 0.990398705 100.931274414
0.990236998 0.000452749 -0.139393136 -13.856710434 -0.001363198 0.999978364 -0.006436115 -0.104953580 0.139387205 0.006563299 0.990216196 101.387954712
0.990156651 -0.003777505 -0.139912546 -13.919396400 0.002435172 0.999949336 -0.009764043 -0.113059022 0.139942348 0.009327221 0.990115702 101.833923340
0.989944100 -0.007491082 -0.141260415 -13.971261024 0.005819604 0.999908149 -0.012242012 -0.108758785 0.141339153 0.011296828 0.989896774 102.268470764
0.989962995 -0.009214656 -0.141026199 -14.033946037 0.007678558 0.999905169 -0.011432595 -0.107432537 0.141118169 0.010234968 0.989939868 102.715682983
0.990071654 -0.007160332 -0.140381083 -14.098668098 0.006087188 0.999948919 -0.008072411 -0.110969275 0.140431702 0.007137740 0.990064621 103.166290283
0.990327656 -0.005351881 -0.138645008 -14.163452148 0.004910608 0.999981761 -0.003524627 -0.115071937 0.138661340 0.002809704 0.990335882 103.606575012
0.990747094 -0.004646965 -0.135641351 -14.227211952 0.004875413 0.999987185 0.001352068 -0.117715567 0.135633335 -0.002000865 0.990757108 104.047309875
0.991117597 -0.008046043 -0.132744700 -14.282254219 0.008664137 0.999954164 0.004079289 -0.117953576 0.132705793 -0.005193173 0.991141856 104.476699829
0.991466463 -0.013403951 -0.129671246 -14.329136848 0.014161547 0.999887586 0.004922095 -0.120988987 0.129590690 -0.006716437 0.991544843 104.904876709
0.991892755 -0.017536499 -0.125861898 -14.380164146 0.018277764 0.999821723 0.004737019 -0.119662657 0.125756398 -0.006999088 0.992036462 105.327857971
0.992345333 -0.016078414 -0.122442812 -14.431111336 0.016733335 0.999850631 0.004322309 -0.116811588 0.122355029 -0.006338099 0.992466152 105.750274658
0.992782474 -0.013649704 -0.119149633 -14.487343788 0.014270596 0.999888659 0.004359339 -0.120345034 0.119076863 -0.006028212 0.992866755 106.164657593
0.993191063 -0.012843573 -0.115786441 -14.538183212 0.013382921 0.999902904 0.003881907 -0.117828265 0.115725346 -0.005405036 0.993266523 106.574722290
0.993488193 -0.015846124 -0.112827905 -14.575402260 0.016263243 0.999863863 0.002777445 -0.111484818 0.112768531 -0.004594306 0.993610680 106.996780396
0.993714809 -0.020855663 -0.109981455 -14.609134674 0.021437023 0.999761760 0.004106086 -0.108488098 0.109869622 -0.006437954 0.993925154 107.417152405
0.993936479 -0.024666427 -0.107153393 -14.649932861 0.025564320 0.999648571 0.007013800 -0.109949008 0.106942736 -0.009710575 0.994217753 107.822341919
0.994251430 -0.024771016 -0.104165934 -14.696675301 0.025787774 0.999631941 0.008425329 -0.109401636 0.103918895 -0.011063103 0.994524240 108.214622498
0.994464934 -0.024320258 -0.102215745 -14.734023094 0.025295336 0.999645948 0.008253871 -0.108267650 0.101978816 -0.010793767 0.994728029 108.619422913
0.994717777 -0.024231881 -0.099746548 -14.777995110 0.025048429 0.999662161 0.006941847 -0.111115597 0.099544629 -0.009403673 0.994988680 109.008613586
0.994827449 -0.025588242 -0.098303691 -14.810544014 0.026140643 0.999648869 0.004335261 -0.111764878 0.098158240 -0.006882558 0.995146990 109.399429321
0.994848132 -0.027947014 -0.097448155 -14.847355843 0.028256645 0.999599099 0.001798506 -0.109297164 0.097358823 -0.004542799 0.995238960 109.794303894
0.994787753 -0.030891718 -0.097175248 -14.886331558 0.030828146 0.999522388 -0.002155919 -0.104064345 0.097195439 -0.000851052 0.995264947 110.199562073
0.994616807 -0.033175759 -0.098166816 -14.920573235 0.032749414 0.999445856 -0.005951657 -0.101607092 0.098309875 0.002704713 0.995152175 110.583549500
0.994363427 -0.034581665 -0.100227021 -14.949109077 0.033868320 0.999387443 -0.008810642 -0.096747167 0.100470319 0.005366460 0.994925559 110.981971741
0.994079947 -0.035619404 -0.102646329 -14.991663933 0.034897167 0.999351978 -0.008823969 -0.099434145 0.102894112 0.005189665 0.994678795 111.350914001
0.993701816 -0.036150854 -0.106065422 -15.037533760 0.035559867 0.999339700 -0.007458418 -0.103330642 0.106265016 0.003639771 0.994331181 111.721511841
0.993197739 -0.037310019 -0.110300399 -15.093633652 0.036953859 0.999303043 -0.005272191 -0.108751804 0.110420235 0.001160303 0.993884325 112.130737305
0.992549062 -0.038129460 -0.115726076 -15.142127037 0.037855886 0.999272823 -0.004561727 -0.108587369 0.115815856 0.000146825 0.993270695 112.504936218
0.991813660 -0.037995532 -0.121909991 -15.189132690 0.037779603 0.999277771 -0.004083057 -0.108239397 0.121977083 -0.000556079 0.992532790 112.883857727
0.991229057 -0.035567600 -0.127278671 -15.245981216 0.035458833 0.999366283 -0.003120980 -0.113945201 0.127309009 -0.001419547 0.991862059 113.251815796
0.990570605 -0.033923954 -0.132736534 -15.300781250 0.033835143 0.999423146 -0.002925241 -0.118782669 0.132759199 -0.001593502 0.991147041 113.607528687
0.989832103 -0.033917308 -0.138137519 -15.366417885 0.033762563 0.999423862 -0.003463912 -0.118631199 0.138175413 -0.001235185 0.990406990 113.971717834
0.989068210 -0.034577560 -0.143347234 -15.422112465 0.034262404 0.999401987 -0.004667165 -0.119013041 0.143422887 -0.000295276 0.989661455 114.323829651
0.988300502 -0.035549145 -0.148318544 -15.474632263 0.034985799 0.999367297 -0.006406287 -0.121685013 0.148452446 0.001142294 0.988918900 114.677490234
0.987622440 -0.035280291 -0.152830854 -15.531301498 0.034499560 0.999374628 -0.007758165 -0.120416835 0.153008983 0.002389542 0.988221884 115.021362305
0.987150788 -0.032294013 -0.156494185 -15.595937729 0.031329222 0.999471903 -0.008628386 -0.120809734 0.156690180 0.003614677 0.987641215 115.369712830
0.986788988 -0.029331638 -0.159333363 -15.660263062 0.028249884 0.999559939 -0.009050550 -0.122802064 0.159528717 0.004429834 0.987183332 115.714477539
0.986386180 -0.027715877 -0.162093014 -15.716753006 0.026615543 0.999605596 -0.008956233 -0.126918271 0.162277326 0.004520110 0.986734867 116.058166504
0.986111343 -0.028782168 -0.163572744 -15.780392647 0.027958410 0.999582171 -0.007336409 -0.128695399 0.163715556 0.002661283 0.986504018 116.401596069
0.985893428 -0.030363651 -0.164597005 -15.841471672 0.029923828 0.999538898 -0.005151633 -0.130063310 0.164677531 0.000153588 0.986347437 116.742721558
0.985627651 -0.031974014 -0.165878907 -15.888508797 0.031813845 0.999487221 -0.003623227 -0.128304914 0.165909708 -0.001706093 0.986139476 117.080886841
0.985550642 -0.030795334 -0.166558057 -15.948318481 0.030763203 0.999522865 -0.002773478 -0.127854347 0.166563988 -0.002390457 0.986027777 117.418334961
0.985566914 -0.028198026 -0.166921183 -16.014366150 0.028213026 0.999599338 -0.002281928 -0.129280582 0.166918650 -0.002460359 0.985967577 117.753273010
0.985612273 -0.026589355 -0.166917667 -16.073951721 0.026613627 0.999643624 -0.002091820 -0.129723608 0.166913792 -0.002380561 0.985968590 118.096328735
0.985764265 -0.026698984 -0.165999949 -16.134687424 0.026911948 0.999637365 -0.000966659 -0.129934818 0.165965557 -0.003514483 0.986125290 118.431594849
0.985720336 -0.027355190 -0.166154027 -16.189346313 0.027877331 0.999611020 0.000810703 -0.132317096 0.166067228 -0.005431057 0.986099482 118.771354675
0.985714853 -0.028786154 -0.165944412 -16.254322052 0.029407777 0.999566674 0.001289602 -0.135009170 0.165835381 -0.006151236 0.986134291 119.127799988
0.985563695 -0.030137463 -0.166601166 -16.303213120 0.030591328 0.999531984 0.000158121 -0.131411761 0.166518420 -0.005252388 0.986024380 119.473968506
0.985613644 -0.030440636 -0.166250110 -16.364450455 0.030722437 0.999527574 -0.000877003 -0.127941728 0.166198269 -0.004243222 0.986083210 119.828895569
0.985711992 -0.029304942 -0.165870890 -16.429052353 0.029586909 0.999561906 -0.000771282 -0.126972541 0.165820822 -0.004147344 0.986147165 120.180732727
0.985650659 -0.028456021 -0.166382015 -16.487274170 0.028841835 0.999583960 -0.000097423 -0.125132754 0.166315570 -0.004702738 0.986061335 120.544143677
0.985770881 -0.028347647 -0.165686905 -16.555721283 0.028978987 0.999579072 0.001393769 -0.129014850 0.165577650 -0.006175376 0.986177444 120.909912109
0.985736668 -0.027854180 -0.165974155 -16.620578766 0.028554203 0.999590576 0.001832508 -0.125014052 0.165855154 -0.006545629 0.986128390 121.306495667
0.985862672 -0.026973907 -0.165369928 -16.689268112 0.027760800 0.999611616 0.002448489 -0.120412007 0.165239647 -0.007004675 0.986228585 121.692924500
0.986012518 -0.025690386 -0.164679408 -16.755804062 0.026572293 0.999641895 0.003154175 -0.119861603 0.164539412 -0.007485965 0.986342132 122.097732544
0.986298323 -0.024390757 -0.163158655 -16.825345993 0.025119320 0.999681592 0.002403500 -0.117514133 0.163048074 -0.006469002 0.986596942 122.505462646
0.986647010 -0.024471220 -0.161024302 -16.892366409 0.025037430 0.999685407 0.001487878 -0.115065739 0.160937235 -0.005499646 0.986949325 122.916839600
0.986967325 -0.024360424 -0.159066170 -16.966539383 0.024639146 0.999696374 -0.000220002 -0.117399514 0.159023240 -0.003702120 0.987267911 123.350624084
0.987264276 -0.024289344 -0.157223687 -17.035169601 0.024276011 0.999703288 -0.002005413 -0.114723533 0.157225743 -0.001836891 0.987560987 123.786003113
0.987653792 -0.024384918 -0.154742748 -17.105808258 0.023929646 0.999702096 -0.004804400 -0.114899330 0.154813796 0.001042145 0.987943113 124.235595703
0.987986684 -0.024798069 -0.152536258 -17.173608780 0.023911852 0.999684870 -0.007641859 -0.107652500 0.152677685 0.003902631 0.988268316 124.695632935
0.988335669 -0.024923190 -0.150237978 -17.254209518 0.023959495 0.999679148 -0.008221433 -0.101363957 0.150394678 0.004525909 0.988615692 125.169876099
0.988628983 -0.026429132 -0.148034707 -17.327447891 0.025752138 0.999647319 -0.006488346 -0.106045455 0.148153991 0.002602356 0.988960862 125.651458740
0.988833249 -0.027970696 -0.146377847 -17.390390396 0.027700424 0.999608696 -0.003884822 -0.105996877 0.146429241 -0.000213287 0.989221096 126.129798889
0.989111722 -0.028128272 -0.144453570 -17.461462021 0.028238555 0.999600410 -0.001287225 -0.111915290 0.144432053 -0.002805951 0.989510715 126.602302551
0.989426970 -0.027044987 -0.142488003 -17.525489807 0.027428828 0.999623477 0.000730012 -0.109640986 0.142414600 -0.004630572 0.989796281 127.078414917
0.989755988 -0.025408696 -0.140489936 -17.601243973 0.025877424 0.999664009 0.001510265 -0.111286990 0.140404359 -0.005130311 0.990080953 127.562118530
0.989931405 -0.026969895 -0.138954625 -17.657262802 0.027413737 0.999623358 0.001280873 -0.106623575 0.138867736 -0.005077241 0.990297914 128.037200928
0.990344882 -0.028100435 -0.135747313 -17.726501465 0.028571416 0.999590576 0.001522123 -0.108477220 0.135648966 -0.005385919 0.990742326 128.499938965
0.990836859 -0.029517794 -0.131799176 -17.780229568 0.029865554 0.999553680 0.000662149 -0.108260229 0.131720811 -0.004592337 0.991276205 128.971435547
0.991479993 -0.029149707 -0.126955509 -17.833396912 0.029328940 0.999569714 -0.000457686 -0.109995499 0.126914218 -0.003269684 0.991908312 129.442535400
0.992305100 -0.027383750 -0.120750509 -17.896812439 0.027281057 0.999624670 -0.002503830 -0.107323587 0.120773755 -0.000809639 0.992679715 129.897384644
0.993041873 -0.026597086 -0.114719078 -17.939172745 0.026428249 0.999646246 -0.002992701 -0.103479862 0.114758097 -0.000059946 0.993393481 130.354949951
0.993845165 -0.027269278 -0.107369535 -17.975322723 0.027188070 0.999627888 -0.002220367 -0.104807086 0.107390128 -0.000712469 0.994216681 130.802963257
0.994645596 -0.027354976 -0.099658661 -18.003278732 0.027399201 0.999624133 -0.000925155 -0.108515106 0.099646509 -0.001810365 0.995021284 131.252655029
0.995474279 -0.027616452 -0.090930432 -18.050315857 0.027671840 0.999616861 -0.000651782 -0.107028067 0.090913594 -0.001867380 0.995857060 131.684509277
0.996166945 -0.027571192 -0.083013900 -18.088914871 0.027666721 0.999617219 0.000000417 -0.104166180 0.082982108 -0.002297137 0.996548414 132.089675903
0.996711195 -0.028325502 -0.075923942 -18.108188629 0.028496109 0.999593198 0.001164479 -0.114572771 0.075860068 -0.003324185 0.997112930 132.471954346
0.997168541 -0.028359853 -0.069646060 -18.127584457 0.028583944 0.999588907 0.002222899 -0.114919163 0.069554389 -0.004207364 0.997569263 132.847015381
0.997526646 -0.028399289 -0.064296998 -18.145782471 0.028688876 0.999581933 0.003584957 -0.117642187 0.064168312 -0.005420698 0.997924387 133.209213257
0.997792959 -0.028815776 -0.059823696 -18.164239883 0.029114850 0.999567509 0.004133427 -0.116276801 0.059678718 -0.005866062 0.998200417 133.549362183
0.997969985 -0.029721541 -0.056325655 -18.181959152 0.030032387 0.999537945 0.004680144 -0.114797793 0.056160528 -0.006362237 0.998401463 133.866653442
0.998050570 -0.030595947 -0.054395989 -18.185716629 0.030912403 0.999509692 0.004985603 -0.104019269 0.054216780 -0.006657394 0.998507023 134.182678223
0.998112261 -0.030858032 -0.053100612 -18.199634552 0.031221963 0.999494255 0.006037553 -0.110586911 0.052887451 -0.007684061 0.998570919 134.445983887
0.998135924 -0.030765014 -0.052708123 -18.220474243 0.031076524 0.999503970 0.005100593 -0.105082870 0.052525058 -0.006729071 0.998596907 134.731994629
0.997987926 -0.031203484 -0.055195034 -18.228197098 0.031476486 0.999496162 0.004083513 -0.111994818 0.055039804 -0.005812643 0.998467267 134.996063232
0.997755587 -0.031163611 -0.059267253 -18.244638443 0.031417068 0.999500751 0.003349281 -0.110234484 0.059133288 -0.005203767 0.998236537 135.262619019
0.997384667 -0.031190280 -0.065199561 -18.254289627 0.031496637 0.999497116 0.003675916 -0.110284232 0.065052122 -0.005719869 0.997865498 135.529357910
0.996995211 -0.031280026 -0.070866659 -18.286521912 0.031625222 0.999492764 0.003754069 -0.105575740 0.070713289 -0.005983963 0.997478724 135.793167114
0.996569157 -0.030896477 -0.076781191 -18.326383591 0.031232346 0.999507129 0.003177121 -0.103683263 0.076645188 -0.005564278 0.997042894 136.054351807
0.995936692 -0.031884313 -0.084223039 -18.346017838 0.032274153 0.999473691 0.003270832 -0.106607400 0.084074423 -0.005975769 0.996441543 136.306152344
0.995359242 -0.031479869 -0.090933859 -18.385713577 0.031907737 0.999485493 0.003254980 -0.109006502 0.090784609 -0.006141367 0.995851636 136.563400269
0.994561613 -0.031582899 -0.099245586 -18.412567139 0.031946689 0.999487400 0.002078081 -0.104427435 0.099129081 -0.005237347 0.995060802 136.818847656
0.993780673 -0.031466555 -0.106816746 -18.445632935 0.031828403 0.999491930 0.001684073 -0.104364693 0.106709480 -0.005073405 0.994277298 137.067810059
0.992886662 -0.031394329 -0.114849925 -18.474580765 0.031778112 0.999493778 0.001511750 -0.102301300 0.114744328 -0.005150710 0.993381679 137.323989868
0.992129624 -0.031121589 -0.121285707 -18.520523071 0.031521104 0.999502122 0.001376310 -0.105352908 0.121182486 -0.005188536 0.992616713 137.571304321
0.991203547 -0.031944636 -0.128433079 -18.554824829 0.032364778 0.999475420 0.001185088 -0.107012302 0.128327847 -0.005331371 0.991717458 137.822067261
0.990307450 -0.031600203 -0.135250151 -18.598348618 0.032110389 0.999483049 0.001591807 -0.106851906 0.135129929 -0.005919314 0.990810215 138.072387695
0.989386857 -0.031304948 -0.141892955 -18.637084961 0.031860225 0.999490976 0.001642631 -0.104805797 0.141769305 -0.006145939 0.989880621 138.318893433
0.988604784 -0.030610476 -0.147389278 -18.687971115 0.031133084 0.999514461 0.001239587 -0.101851806 0.147279769 -0.005814145 0.989077806 138.569183350
0.987750649 -0.031007908 -0.152928770 -18.731605530 0.031649344 0.999497473 0.001761176 -0.106556937 0.152797312 -0.006579698 0.988235652 138.813537598
0.986880004 -0.030920690 -0.158466935 -18.771968842 0.031509969 0.999502718 0.001206855 -0.101136506 0.158350810 -0.006184310 0.987363577 139.060653687
0.986158609 -0.030923158 -0.162895381 -18.822349548 0.031557977 0.999501050 0.001310308 -0.104850233 0.162773594 -0.006432820 0.986642480 139.300689697
0.985265195 -0.030995186 -0.168201491 -18.860429764 0.031592447 0.999500453 0.000875356 -0.100329787 0.168090329 -0.006176354 0.985752225 139.554885864
0.984438360 -0.031366222 -0.172908232 -18.907714844 0.031989649 0.999487877 0.000819400 -0.098245591 0.172793984 -0.006337923 0.984937608 139.795227051
0.983574569 -0.031878404 -0.177664936 -18.955812454 0.032556877 0.999469459 0.000904069 -0.101659179 0.177541867 -0.006673434 0.984090626 140.036560059
0.982734084 -0.031634036 -0.182299361 -19.006534576 0.032279793 0.999478698 0.000575443 -0.100149155 0.182186127 -0.006450092 0.983242929 140.277465820
0.981860220 -0.031365834 -0.186993733 -19.058130264 0.032018073 0.999487162 0.000468070 -0.100889802 0.186883152 -0.006446758 0.982361019 140.515014648
0.980994105 -0.030716417 -0.191590756 -19.111690521 0.031302888 0.999509931 0.000034374 -0.094063967 0.191495806 -0.006031064 0.981474876 140.761825562
0.980245769 -0.030509179 -0.195415989 -19.159120560 0.030987795 0.999519587 -0.000608271 -0.094182134 0.195340663 -0.005459254 0.980720282 140.995681763
0.979672730 -0.030227479 -0.198311880 -19.205287933 0.030559871 0.999531984 -0.001384983 -0.091461837 0.198260933 -0.004703555 0.980138004 141.235275269
0.979543090 -0.029587569 -0.199047610 -19.264213562 0.029914428 0.999551535 -0.001365653 -0.101946115 0.198998749 -0.004616679 0.979988873 141.473373413
0.979608893 -0.030363528 -0.198606476 -19.325197220 0.030649725 0.999528825 -0.001633781 -0.101015329 0.198562503 -0.004486767 0.980077982 141.726638794
0.979698002 -0.031562932 -0.197978750 -19.367992401 0.031813309 0.999491990 -0.001916684 -0.091870725 0.197938666 -0.004420586 0.980204463 141.963714600
0.979988396 -0.030981652 -0.196628690 -19.414115906 0.031384271 0.999506831 -0.001068770 -0.098557472 0.196564823 -0.005123666 0.980477452 142.185104370
0.980130076 -0.031168751 -0.195891678 -19.456478119 0.031625345 0.999499500 -0.000797376 -0.094967872 0.195818469 -0.005413609 0.980625212 142.398971558
0.980376005 -0.031087454 -0.194670245 -19.500963211 0.031746846 0.999495924 0.000267437 -0.103738844 0.194563806 -0.006442355 0.980868697 142.604415894
0.980488181 -0.031780239 -0.193992272 -19.536045074 0.032430343 0.999473989 0.000175503 -0.103463173 0.193884656 -0.006463315 0.981003046 142.780532837
0.980657279 -0.030944875 -0.193271026 -19.567840576 0.031478357 0.999504387 -0.000310744 -0.101152092 0.193184853 -0.005779121 0.981145382 142.952575684
0.980696261 -0.031303659 -0.193015382 -19.593570709 0.031719286 0.999496400 -0.000937271 -0.097224087 0.192947507 -0.005203132 0.981195271 143.105560303
0.980830014 -0.032179035 -0.192190066 -19.625911713 0.032644540 0.999466777 -0.000744739 -0.104254663 0.192111552 -0.005543494 0.981357455 143.238891602
0.980967641 -0.032206953 -0.191481635 -19.651582718 0.032256622 0.999475539 -0.002858547 -0.094182700 0.191473275 -0.003372409 0.981492043 143.362655640
0.981046259 -0.031836450 -0.191140503 -19.677234650 0.031663135 0.999490738 -0.003961665 -0.093706667 0.191169277 -0.002165532 0.981554687 143.477035522
0.980986595 -0.032201145 -0.191385418 -19.691116333 0.032005381 0.999479234 -0.004114870 -0.104969978 0.191418245 -0.002088731 0.981506348 143.584838867
