1.000000000 0.000000000 0.000000000 0.000000000 0.000000000 1.000000000 0.000000000 0.000000000 0.000000000 0.000000000 1.000000000 0.000000000
1.000000000 -0.000045546 -0.000043598 0.002468777 0.000045546 1.000000000 0.000010405 -0.002320700 0.000043598 -0.000010407 1.000000000 0.004554965
1.000000000 -0.000128543 0.000081334 -0.001548035 0.000128536 1.000000000 0.000093371 0.000139468 -0.000081346 -0.000093360 1.000000000 0.007312173
1.000000000 0.000009349 0.000022728 0.000528476 -0.000009348 1.000000000 -0.000027200 -0.001077049 -0.000022728 0.000027200 1.000000000 0.003359983
1.000000000 -0.000064413 0.000109546 -0.000527056 0.000064462 0.999999881 -0.000445249 -0.002946372 -0.000109517 0.000445256 0.999999881 0.004577690
1.000000000 -0.000125664 0.000020615 0.000842043 0.000125672 0.999999940 -0.000400123 -0.003361408 -0.000020564 0.000400126 0.999999940 0.004402495
1.000000000 -0.000167446 0.000039424 0.000401105 0.000167461 0.999999940 -0.000381591 -0.000903197 -0.000039360 0.000381598 0.999999940 0.006370998
1.000000000 -0.000056916 0.000024200 0.000290505 0.000056934 0.999999702 -0.000741544 -0.000463973 -0.000024158 0.000741545 0.999999702 0.005185565
1.000000000 0.000108139 0.000088800 0.000352466 -0.000108104 0.999999940 -0.000395928 -0.003402538 -0.000088843 0.000395918 0.999999940 0.005082154
1.000000000 -0.000016455 0.000062615 0.000523434 0.000016487 0.999999881 -0.000511570 -0.001657052 -0.000062607 0.000511571 0.999999881 0.004851217
1.000000000 -0.000162269 -0.000156207 0.003741822 0.000162107 0.999999464 -0.001036570 -0.001871511 0.000156375 0.001036544 0.999999464 0.006064269
1.000000000 -0.000118075 0.000055361 0.001070610 0.000118155 0.999998927 -0.001440940 -0.001222270 -0.000055191 0.001440946 0.999998987 0.009493906
1.000000000 -0.000132209 0.000198979 -0.002820262 0.000132519 0.999998808 -0.001556983 -0.000470893 -0.000198773 0.001557010 0.999998748 0.019893808
1.000000000 -0.000067870 0.000060263 0.000383563 0.000067962 0.999998808 -0.001533539 -0.000762090 -0.000060159 0.001533543 0.999998808 0.030055515
1.000000000 0.000199739 0.000051230 0.000725739 -0.000199659 0.999998748 -0.001567743 -0.001134350 -0.000051543 0.001567733 0.999998748 0.049683955
1.000000000 0.000130596 0.000098785 -0.000293438 -0.000130426 0.999998510 -0.001718307 -0.000314864 -0.000099009 0.001718294 0.999998510 0.067134820
1.000000000 0.000200765 0.000035566 0.002331538 -0.000200705 0.999998569 -0.001687204 -0.001542601 -0.000035905 0.001687196 0.999998569 0.089411594
0.999999881 0.000480499 0.000090443 0.001090469 -0.000480345 0.999998450 -0.001695365 -0.004997362 -0.000091258 0.001695321 0.999998569 0.115862608
0.999999762 0.000582850 0.000284344 -0.002159402 -0.000582310 0.999998033 -0.001896537 -0.000869726 -0.000285449 0.001896371 0.999998152 0.143358558
0.999999940 0.000397385 0.000128063 0.001851107 -0.000397182 0.999998689 -0.001587444 -0.002450468 -0.000128693 0.001587393 0.999998748 0.169668928
0.999999821 0.000477003 0.000329783 -0.000186894 -0.000476497 0.999998689 -0.001532610 -0.000344985 -0.000330513 0.001532452 0.999998748 0.198469087
0.999999881 0.000414970 0.000196247 0.003376741 -0.000414712 0.999999046 -0.001311628 -0.002050522 -0.000196792 0.001311546 0.999999106 0.213011160
0.999999821 0.000566865 0.000252432 0.002465982 -0.000566551 0.999999046 -0.001242906 -0.001695814 -0.000253136 0.001242762 0.999999225 0.223888859
0.999999881 0.000429233 0.000300714 0.001360444 -0.000428935 0.999999404 -0.000991284 -0.002635131 -0.000301139 0.000991155 0.999999464 0.236474812
0.999999821 0.000420706 0.000447937 -0.001507478 -0.000420242 0.999999404 -0.001035479 -0.003115562 -0.000448373 0.001035291 0.999999344 0.232320786
0.999999881 0.000448185 0.000174589 0.005089964 -0.000447942 0.999998927 -0.001388939 -0.004672240 -0.000175211 0.001388860 0.999999046 0.226341769
0.999999821 0.000447966 0.000329304 0.000155379 -0.000447363 0.999998212 -0.001830898 -0.002866931 -0.000330124 0.001830750 0.999998271 0.230483279
0.999999821 0.000556653 0.000218458 0.003030285 -0.000556358 0.999998927 -0.001351364 -0.004928177 -0.000219210 0.001351243 0.999999046 0.229815632
0.999999762 0.000566991 0.000343694 0.001385787 -0.000566565 0.999999046 -0.001238289 -0.003689366 -0.000344396 0.001238094 0.999999166 0.227861136
0.999999940 0.000216987 0.000361226 0.001933877 -0.000216251 0.999997914 -0.002036722 -0.002070559 -0.000361667 0.002036644 0.999997854 0.230531812
0.999999940 0.000285472 0.000198816 0.001387426 -0.000285005 0.999997199 -0.002347648 -0.002726636 -0.000199486 0.002347591 0.999997199 0.234735504
0.999999642 0.000716446 0.000400751 -0.000890876 -0.000715352 0.999996066 -0.002722560 -0.002339520 -0.000402700 0.002722272 0.999996185 0.236012772
0.999999762 0.000577599 0.000420719 -0.000216493 -0.000576389 0.999995708 -0.002872225 -0.001982499 -0.000422376 0.002871982 0.999995768 0.249632493
0.999999821 0.000458619 0.000348006 0.000267840 -0.000457637 0.999995947 -0.002816963 -0.000950357 -0.000349296 0.002816803 0.999995947 0.263022780
0.999999642 0.000736270 0.000461334 -0.000653236 -0.000734983 0.999995828 -0.002784221 -0.002195820 -0.000463382 0.002783880 0.999996006 0.280768096
0.999999464 0.000837062 0.000622391 -0.003600382 -0.000835353 0.999995887 -0.002741792 -0.005238920 -0.000624684 0.002741271 0.999996066 0.307167262
0.999999464 0.000749113 0.000692928 -0.004874741 -0.000747048 0.999995291 -0.002975371 -0.002285780 -0.000695153 0.002974852 0.999995351 0.331532627
0.999999344 0.000904287 0.000689008 -0.001695086 -0.000902234 0.999995172 -0.002973691 -0.002873425 -0.000691693 0.002973067 0.999995351 0.363221586
0.999999523 0.000587686 0.000742428 0.001528669 -0.000585394 0.999995053 -0.003083160 -0.001397629 -0.000744236 0.003082724 0.999994993 0.393932641
0.999998868 0.001084317 0.001047852 -0.003979604 -0.001081093 0.999994695 -0.003072775 -0.002222164 -0.001051178 0.003071639 0.999994755 0.430581808
0.999998868 0.000970471 0.001125746 -0.002916660 -0.000966945 0.999994636 -0.003128538 0.000499071 -0.001128776 0.003127446 0.999994457 0.470536917
0.999998748 0.000956804 0.001260743 -0.002141105 -0.000952986 0.999994993 -0.003025309 -0.000270376 -0.001263632 0.003024104 0.999994636 0.511636496
0.999997973 0.001236765 0.001579373 -0.007461430 -0.001232015 0.999994755 -0.003004846 -0.001391591 -0.001583081 0.003002894 0.999994218 0.566056490
0.999997318 0.001480509 0.001765577 -0.006692244 -0.001475037 0.999994099 -0.003096390 -0.000654124 -0.001770151 0.003093777 0.999993622 0.616522729
0.999996603 0.001726976 0.001937261 -0.008146353 -0.001719803 0.999991655 -0.003697903 0.000124136 -0.001943632 0.003694559 0.999991298 0.675325811
0.999995708 0.002281540 0.001839862 -0.004222190 -0.002271688 0.999983191 -0.005339034 0.000549384 -0.001852013 0.005334831 0.999984026 0.742529392
0.999994397 0.002774337 0.001876799 -0.007685814 -0.002758285 0.999960065 -0.008502004 0.000456526 -0.001900311 0.008496779 0.999962091 0.823617578
0.999990165 0.003955684 0.002003123 -0.012068683 -0.003931294 0.999919832 -0.012036823 0.001199635 -0.002050576 0.012028829 0.999925554 0.929654956
0.999988079 0.004489192 0.001926722 -0.011914861 -0.004460406 0.999882102 -0.014693392 0.003151912 -0.001992456 0.014684622 0.999890208 1.064069867
0.999985814 0.005033740 0.001755913 -0.010337604 -0.005005291 0.999861896 -0.015846528 0.001611252 -0.001835438 0.015837513 0.999872923 1.226348996
0.999984324 0.005304693 0.001801759 -0.025427992 -0.005275414 0.999859929 -0.015883472 0.003150524 -0.001885764 0.015873717 0.999872208 1.420176148
0.999980271 0.006249865 0.000669653 -0.018019464 -0.006238398 0.999853492 -0.015940364 0.000848690 -0.000769180 0.015935872 0.999872744 1.638948321
0.999973774 0.007236787 0.000260219 -0.027838646 -0.007231728 0.999847114 -0.015919195 -0.001980265 -0.000375383 0.015916895 0.999873221 1.886461020
0.999969304 0.007830968 -0.000146277 -0.034856070 -0.007832265 0.999864519 -0.014477899 -0.002218927 0.000032881 0.014478601 0.999895155 2.153709173
0.999971032 0.007518544 -0.001172848 -0.023457291 -0.007531958 0.999900997 -0.011885803 -0.002396537 0.001083368 0.011894293 0.999928653 2.432764769
0.999967277 0.007861746 -0.001900809 -0.025944900 -0.007875595 0.999941647 -0.007391215 -0.006050838 0.001842590 0.007405944 0.999970853 2.719695568
0.999955475 0.009060399 -0.002642405 -0.034350075 -0.009069772 0.999952555 -0.003557311 -0.006400954 0.002610049 0.003581119 0.999990165 3.001726389
0.999936581 0.010571375 -0.003883286 -0.036768232 -0.010577531 0.999942839 -0.001568014 -0.008377424 0.003866488 0.001608990 0.999991238 3.277707815
0.999919593 0.011522729 -0.005295447 -0.040824242 -0.011531848 0.999932051 -0.001694668 -0.008269629 0.005275560 0.001755598 0.999984562 3.553583860
0.999906659 0.011994362 -0.006545296 -0.042045135 -0.012010270 0.999925017 -0.002396554 -0.007116304 0.006516060 0.002474941 0.999975681 3.829524994
0.999886990 0.012634116 -0.008148556 -0.050778065 -0.012655073 0.999916732 -0.002525460 -0.006189377 0.008115970 0.002628295 0.999963582 4.103579998
0.999865592 0.013504190 -0.009295790 -0.065739863 -0.013529891 0.999904811 -0.002707451 -0.006733979 0.009258342 0.002832858 0.999953151 4.377052784
0.999830842 0.014746819 -0.010990855 -0.069926709 -0.014795413 0.999881089 -0.004353260 -0.005857756 0.010925352 0.004515138 0.999930143 4.660137653
0.999792516 0.015544909 -0.013161822 -0.074470662 -0.015624166 0.999860287 -0.005940448 -0.006728978 0.013067639 0.006144857 0.999895751 4.948825836
0.999759555 0.015627261 -0.015381442 -0.079143725 -0.015744815 0.999847531 -0.007551348 -0.006315658 0.015261090 0.007791711 0.999853194 5.248001099
0.999739408 0.015711170 -0.016561124 -0.100615017 -0.015853772 0.999838054 -0.008514858 -0.003864667 0.016424663 0.008775195 0.999826610 5.570368290
0.999690175 0.016326008 -0.018788820 -0.109800950 -0.016493361 0.999825358 -0.008786775 -0.002962118 0.018642087 0.009093943 0.999784887 5.913791180
0.999641299 0.016389767 -0.021181941 -0.122284673 -0.016565373 0.999829650 -0.008141661 -0.002080261 0.021044893 0.008489627 0.999742508 6.274075985
0.999614537 0.015490792 -0.023040509 -0.138498500 -0.015682733 0.999843597 -0.008173368 0.000740081 0.022910293 0.008531556 0.999701142 6.652902603
0.999557376 0.015420260 -0.025440879 -0.148807541 -0.015640052 0.999841869 -0.008463050 0.001470950 0.025306353 0.008857201 0.999640524 7.051335812
0.999516547 0.014682627 -0.027405249 -0.166831270 -0.014884836 0.999863386 -0.007189101 0.003894208 0.027295949 0.007593548 0.999598563 7.484325409
0.999417722 0.017579146 -0.029244227 -0.187711060 -0.017755166 0.999825716 -0.005770229 0.004335498 0.029137693 0.006286105 0.999555647 7.939036369
0.999354780 0.019671194 -0.030051867 -0.211898297 -0.019845158 0.999787927 -0.005501478 0.009196588 0.029937273 0.006094312 0.999533176 8.421694756
0.999343276 0.020226061 -0.030066209 -0.233367190 -0.020342389 0.999786735 -0.003568170 0.015136199 0.029987626 0.004177445 0.999541521 8.932011604
0.999362469 0.019035256 -0.030205406 -0.245043159 -0.019105243 0.999815404 -0.002030123 0.017567052 0.030161187 0.002605910 0.999541640 9.481910706
0.999413967 0.017383844 -0.029488580 -0.260088116 -0.017411284 0.999848187 -0.000674028 0.021234011 0.029472386 0.001187067 0.999564886 10.034640312
0.999455035 0.017899651 -0.027735448 -0.280646354 -0.017923225 0.999839187 -0.000601622 0.028664496 0.027720217 0.001098403 0.999615133 10.618465424
0.999433935 0.021854721 -0.025577651 -0.308030844 -0.021863764 0.999760985 -0.000073913 0.037392646 0.025569921 0.000633095 0.999672830 11.244065285
0.999446690 0.024008304 -0.023019079 -0.327905387 -0.024041923 0.999710262 -0.001184816 0.047972821 0.022983963 0.001737583 0.999734342 11.866274834
0.999530613 0.023281738 -0.019911723 -0.346190393 -0.023302782 0.999728084 -0.000825490 0.054396857 0.019887090 0.001289101 0.999801397 12.519723892
0.999581039 0.023019556 -0.017546700 -0.353813320 -0.023029137 0.999734759 -0.000344167 0.058334243 0.017534124 0.000748108 0.999845982 13.197749138
0.999652743 0.021804323 -0.014799452 -0.365307003 -0.021799320 0.999762237 0.000499270 0.066865571 0.014806820 -0.000176478 0.999890387 13.883279800
0.999678731 0.022414235 -0.011835917 -0.375866413 -0.022410275 0.999748766 0.000467117 0.068021029 0.011843413 -0.000201721 0.999929845 14.581721306
0.999727249 0.020934261 -0.010352232 -0.387615263 -0.020945186 0.999780178 -0.000947970 0.081359237 0.010330112 0.001164541 0.999945939 15.325881004
0.999782503 0.018767955 -0.009096884 -0.394455045 -0.018769586 0.999823809 -0.000093972 0.090146370 0.009093517 0.000264696 0.999958634 16.056703568
0.999844432 0.015601276 -0.008225901 -0.394585907 -0.015584199 0.999876261 0.002136058 0.105234854 0.008258209 -0.002007532 0.999963880 16.825849533
0.999864817 0.014562861 -0.007635230 -0.402584970 -0.014522365 0.999880314 0.005332696 0.115265958 0.007711976 -0.005221093 0.999956608 17.605436325
0.999880075 0.013599715 -0.007409271 -0.415518314 -0.013548329 0.999884129 0.006942046 0.123308927 0.007502822 -0.006840830 0.999948442 18.398347855
0.999907017 0.011155084 -0.007843599 -0.417579025 -0.011111010 0.999922335 0.005640395 0.137908474 0.007905909 -0.005552720 0.999953330 19.206613541
0.999931872 0.008319424 -0.008190394 -0.424291611 -0.008298879 0.999962330 0.002539238 0.152751341 0.008211210 -0.002471094 0.999963224 20.010416031
0.999944687 0.005033348 -0.009236175 -0.434639633 -0.005027113 0.999987125 0.000698080 0.155921951 0.009239569 -0.000651610 0.999957085 20.861856461
0.999938607 0.001258394 -0.011010162 -0.439471304 -0.001250370 0.999998927 0.000735669 0.167314619 0.011011076 -0.000721857 0.999939144 21.699571609
0.999928057 -0.000709794 -0.011975352 -0.460202545 0.000742441 0.999996006 0.002722013 0.173344761 0.011973372 -0.002730708 0.999924600 22.573726654
0.999914229 -0.001928125 -0.012955502 -0.479064435 0.001986915 0.999987781 0.004526526 0.182104960 0.012946615 -0.004551880 0.999905825 23.428581238
0.999875188 -0.005289151 -0.014887507 -0.477472872 0.005380511 0.999966919 0.006103343 0.183185279 0.014854733 -0.006182684 0.999870539 24.310552597
0.999847233 -0.007068475 -0.015987162 -0.497722030 0.007167010 0.999955595 0.006114473 0.190245792 0.015943233 -0.006228119 0.999853492 25.172384262
0.999809444 -0.007872325 -0.017864177 -0.494184256 0.007997523 0.999943912 0.006947766 0.201824337 0.017808480 -0.007089311 0.999816298 26.084218979
0.999774635 -0.008982403 -0.019234020 -0.500513911 0.009133301 0.999928117 0.007771948 0.213312030 0.019162826 -0.007945867 0.999784827 26.980094910
0.999754727 -0.008509749 -0.020447753 -0.518569827 0.008687009 0.999925315 0.008595806 0.224187836 0.020373078 -0.008771327 0.999753952 27.871414185
0.999727607 -0.008580785 -0.021704644 -0.523469210 0.008796320 0.999912739 0.009854478 0.235467136 0.021618191 -0.010042714 0.999715865 28.785533905
0.999689281 -0.009539195 -0.023027962 -0.520927787 0.009781407 0.999897778 0.010428540 0.240028992 0.022926129 -0.010650546 0.999680400 29.705589294
0.999710441 -0.008037941 -0.022680078 -0.567483604 0.008258267 0.999919474 0.009637635 0.259943455 0.022600785 -0.009822143 0.999696314 30.586219788
0.999702871 -0.004778425 -0.023902897 -0.579182625 0.004954669 0.999960959 0.007319571 0.272901952 0.023866987 -0.007435828 0.999687493 31.481458664
0.999705911 -0.001491186 -0.024205942 -0.619547009 0.001654014 0.999976158 0.006708174 0.272544742 0.024195360 -0.006746238 0.999684513 32.385009766
0.999662340 0.001091862 -0.025961131 -0.622150242 -0.000954882 0.999985576 0.005288182 0.288999975 0.025966531 -0.005261607 0.999648988 33.305778503
0.999662519 0.003076445 -0.025794189 -0.657450259 -0.002929453 0.999979258 0.005734518 0.289312154 0.025811296 -0.005657020 0.999650836 34.180107117
0.999637306 0.004538633 -0.026546057 -0.703397214 -0.004408258 0.999977946 0.004967716 0.295991153 0.026568018 -0.004848892 0.999635220 35.077083588
0.999552250 0.006438284 -0.029221095 -0.704043210 -0.006358917 0.999975860 0.002808192 0.297059834 0.029238470 -0.002621120 0.999568999 35.997432709
0.999502778 0.008117454 -0.030468881 -0.719337106 -0.008085064 0.999966621 0.001186103 0.297887355 0.030477492 -0.000939170 0.999535024 36.937099457
0.999390900 0.011233157 -0.033040062 -0.774275422 -0.011216101 0.999936879 0.000701519 0.302702159 0.033045858 -0.000330511 0.999453783 37.883502960
0.999274552 0.011251361 -0.036384098 -0.781684041 -0.011142189 0.999932826 0.003201942 0.303490460 0.036417682 -0.002794221 0.999332726 38.813278198
0.999152303 0.012698122 -0.039158765 -0.817160547 -0.012424685 0.999896765 0.007218265 0.313984454 0.039246384 -0.006725610 0.999206901 39.727756500
0.998997569 0.014614886 -0.042311139 -0.838986337 -0.014162729 0.999839544 0.010966603 0.323238879 0.042464625 -0.010356368 0.999044299 40.647235870
0.998873770 0.018173568 -0.043827698 -0.884927511 -0.017619343 0.999760270 0.012998873 0.328479290 0.044053428 -0.012212018 0.998954535 41.534145355
0.998778582 0.019977398 -0.045191199 -0.928781927 -0.019473698 0.999743521 0.011558976 0.336951882 0.045410529 -0.010664818 0.998911500 42.376060486
0.998769403 0.019537339 -0.045585256 -0.966678739 -0.019179545 0.999781847 0.008273152 0.344003320 0.045736946 -0.007388666 0.998926222 43.231502533
0.998770773 0.020586660 -0.045090813 -0.995880067 -0.020354360 0.999777138 0.005604957 0.353630513 0.045196149 -0.004680273 0.998967171 44.118404388
0.998806715 0.020582585 -0.044289526 -1.010019898 -0.020387175 0.999780357 0.004859332 0.362628400 0.044379815 -0.003950596 0.999006927 45.014118195
0.998914778 0.019306380 -0.042385440 -1.047306776 -0.019046552 0.999797285 0.006525420 0.367920160 0.042502832 -0.005711042 0.999080002 45.844326019
0.999002993 0.016952567 -0.041299906 -1.065734148 -0.016606227 0.999824107 0.008714671 0.376343220 0.041440379 -0.008020147 0.999108791 46.688293457
0.999081075 0.015651187 -0.039899912 -1.092725158 -0.015283053 0.999837935 0.009514873 0.381230414 0.040042363 -0.008896337 0.999158382 47.552158356
0.999119282 0.016245751 -0.038687252 -1.137568951 -0.015909465 0.999833047 0.008984478 0.396376669 0.038826752 -0.008361072 0.999210954 48.361766815
0.999149084 0.016309163 -0.037882965 -1.166538000 -0.015999671 0.999836206 0.008458546 0.403962672 0.038014710 -0.007845234 0.999246359 49.211193085
0.999222398 0.014183517 -0.036788732 -1.193440080 -0.013870669 0.999865532 0.008745255 0.412117451 0.036907826 -0.008228170 0.999284804 50.036830902
0.999284148 0.012610601 -0.035667662 -1.224042058 -0.012264624 0.999875784 0.009902261 0.419046640 0.035788100 -0.009457722 0.999314666 50.877555847
0.999345779 0.012314111 -0.034005526 -1.258014441 -0.011947288 0.999868453 0.010969384 0.429005951 0.034136131 -0.010555933 0.999361455 51.731784821
0.999403119 0.009294100 -0.033272788 -1.282654405 -0.008911303 0.999892592 0.011634663 0.440240830 0.033377346 -0.011331215 0.999378562 52.505748749
0.999450922 0.006241105 -0.032541443 -1.304578066 -0.005849242 0.999909401 0.012123268 0.453158379 0.032614157 -0.011926268 0.999396861 53.328403473
0.999473572 0.003101201 -0.032295063 -1.330006719 -0.002681300 0.999911427 0.013037207 0.456072986 0.032332633 -0.012943751 0.999393344 54.144596100
0.999447763 0.001646875 -0.033188164 -1.347921014 -0.001212799 0.999913514 0.013095135 0.472962797 0.033206861 -0.013047653 0.999363303 54.966339111
0.999411583 0.000848268 -0.034289595 -1.379264116 -0.000379273 0.999906301 0.013681636 0.482671201 0.034297992 -0.013660581 0.999318302 55.778476715
0.999345541 -0.000943596 -0.036160748 -1.405105591 0.001461188 0.999896824 0.014289902 0.490901619 0.036143534 -0.014333387 0.999243796 56.606517792
0.999261022 -0.000898207 -0.038426895 -1.437208772 0.001414786 0.999908984 0.013418088 0.510990679 0.038411345 -0.013462538 0.999171317 57.430656433
0.999185622 -0.000977893 -0.040338088 -1.471820354 0.001529604 0.999905705 0.013648568 0.522047520 0.040320937 -0.013699153 0.999092877 58.253864288
0.999095321 -0.000583530 -0.042522501 -1.511282206 0.001193645 0.999896705 0.014324058 0.532601833 0.042509750 -0.014361857 0.998992801 59.069015503
0.998994887 0.000970911 -0.044813160 -1.550461888 -0.000364676 0.999908328 0.013534239 0.546990871 0.044822194 -0.013504295 0.998903692 59.879203796
0.998900175 0.001133721 -0.046874262 -1.596901417 -0.000488521 0.999904990 0.013773652 0.557953179 0.046885423 -0.013735604 0.998805821 60.697414398
0.998787761 0.000478050 -0.049221721 -1.632113934 0.000164243 0.999914885 0.013044109 0.572296381 0.049223766 -0.013036381 0.998702705 61.505439758
0.998687744 0.000695244 -0.051208321 -1.666814208 -0.000079156 0.999927580 0.012032058 0.586153388 0.051212978 -0.012012216 0.998615503 62.316802979
0.998657823 0.000266658 -0.051792793 -1.720489502 0.000313070 0.999937415 0.011184789 0.590806127 0.051792532 -0.011185993 0.998595238 63.133049011
0.998625517 0.001646960 -0.052387033 -1.772464514 -0.001200401 0.999962687 0.008554557 0.604635835 0.052399166 -0.008479914 0.998590231 63.939506531
0.998570085 0.001312100 -0.053442378 -1.813405991 -0.000901550 0.999969900 0.007705498 0.610223889 0.053450879 -0.007646299 0.998541176 64.750427246
0.998559594 -0.000168621 -0.053653516 -1.861025453 0.000512841 0.999979377 0.006401910 0.612742662 0.053651329 -0.006420205 0.998539090 65.533790588
0.998540163 0.000217508 -0.054014351 -1.909652591 0.000023762 0.999990046 0.004466093 0.623047888 0.054014783 -0.004460857 0.998530149 66.355293274
0.998544335 0.001249593 -0.053923011 -1.954110384 -0.001056641 0.999992967 0.003606659 0.625258207 0.053927135 -0.003544431 0.998538554 67.145393372
0.998545706 0.003376351 -0.053806379 -2.008698702 -0.003224743 0.999990582 0.002904222 0.631235361 0.053815681 -0.002726486 0.998547137 67.947639465
0.998579741 0.002157299 -0.053234424 -2.055309057 -0.001996009 0.999993265 0.003082787 0.631748199 0.053240713 -0.002972152 0.998577297 68.741294861
0.998601019 0.001745696 -0.052848123 -2.101266146 -0.001615023 0.999995530 0.002515219 0.640641987 0.052852277 -0.002426350 0.998599410 69.538986206
0.998613775 0.000470930 -0.052633397 -2.134214163 -0.000305563 0.999994993 0.003149864 0.640528142 0.052634615 -0.003129415 0.998608947 70.315597534
0.998667061 0.001173895 -0.051601894 -2.183576822 -0.000962271 0.999991000 0.004125729 0.637998164 0.051606275 -0.004070575 0.998659194 71.088363647
0.998664737 0.001530162 -0.051637620 -2.221101284 -0.001412654 0.999996305 0.002312056 0.646289170 0.051640969 -0.002236023 0.998663187 71.875022888
0.998683274 -0.000202209 -0.051300406 -2.254160166 0.000266303 0.999999166 0.001242565 0.649043500 0.051300116 -0.001254590 0.998682499 72.633781433
0.998706639 -0.000899701 -0.050835103 -2.295309544 0.000947119 0.999999166 0.000908699 0.650889874 0.050834242 -0.000955671 0.998706639 73.387535095
0.998733580 -0.001463162 -0.050290231 -2.344177723 0.001576483 0.999996305 0.002213745 0.653408349 0.050286807 -0.002290223 0.998732209 74.159889221
0.998761773 -0.002871009 -0.049665980 -2.381796360 0.003148975 0.999979794 0.005519359 0.651351273 0.049649131 -0.005668922 0.998750627 74.893188477
0.998776793 -0.002564816 -0.049379684 -2.422001600 0.002963749 0.999963522 0.008007367 0.656030893 0.049357343 -0.008143921 0.998748004 75.634681702
0.998784661 -0.001297945 -0.049270298 -2.457537174 0.001809104 0.999944985 0.010331412 0.657742620 0.049254179 -0.010407990 0.998732030 76.349548340
0.998835266 -0.000324473 -0.048249532 -2.501424551 0.000868422 0.999936283 0.011253132 0.665110052 0.048242807 -0.011281925 0.998771906 77.036552429
0.998893023 -0.000423911 -0.047037460 -2.539166927 0.000935529 0.999940634 0.010855326 0.670304656 0.047030065 -0.010887315 0.998834133 77.722755432
0.998983741 -0.002758450 -0.044987537 -2.562914133 0.003201557 0.999947071 0.009780484 0.672779143 0.044958178 -0.009914575 0.998939693 78.367073059
0.999096990 -0.004589611 -0.042239174 -2.591519356 0.004890824 0.999963343 0.007030553 0.675094247 0.042205356 -0.007230789 0.999082804 79.015785217
0.999200881 -0.004865036 -0.039672107 -2.610401630 0.005080192 0.999972939 0.005324351 0.676302075 0.039645128 -0.005521638 0.999198556 79.622283936
0.999294460 -0.004892496 -0.037237726 -2.636191130 0.005044211 0.999979377 0.003981348 0.685665965 0.037217479 -0.004166374 0.999298513 80.220710754
0.999377787 -0.004865394 -0.034933090 -2.655849457 0.004992701 0.999981225 0.003558015 0.688319743 0.034915123 -0.003730211 0.999383330 80.808303833
0.999438584 -0.006482381 -0.032871671 -2.671919584 0.006604793 0.999971628 0.003616716 0.686756849 0.032847296 -0.003831797 0.999453008 81.386428833
0.999467850 -0.009417560 -0.031230027 -2.680293322 0.009560735 0.999944448 0.004438363 0.693785131 0.031186493 -0.004734584 0.999502361 81.948066711
0.999524832 -0.011070954 -0.028766356 -2.695353746 0.011259824 0.999916077 0.006412005 0.688883185 0.028692955 -0.006732862 0.999565601 82.499580383
0.999579966 -0.011346241 -0.026666485 -2.708735228 0.011525759 0.999911845 0.006587893 0.694354177 0.026589388 -0.006892478 0.999622703 83.047302246
0.999646604 -0.009864271 -0.024685981 -2.720582008 0.010035406 0.999926388 0.006818221 0.696312428 0.024616906 -0.007063545 0.999671996 83.561286926
0.999690711 -0.009546679 -0.022964297 -2.732582092 0.009706938 0.999929249 0.006877233 0.705224872 0.022897016 -0.007098019 0.999712646 84.072021484
0.999730766 -0.009699333 -0.021077503 -2.736974716 0.009855672 0.999924600 0.007326146 0.707051516 0.021004854 -0.007531906 0.999751031 84.564582825
0.999757707 -0.011061349 -0.019030610 -2.750261784 0.011178978 0.999918997 0.006085772 0.715379775 0.018961752 -0.006297040 0.999800384 85.065116882
0.999786556 -0.011215377 -0.017350642 -2.757353544 0.011317967 0.999918997 0.005825939 0.713655770 0.017283896 -0.006021070 0.999832511 85.555816650
0.999810696 -0.010883141 -0.016129730 -2.771130562 0.010979368 0.999922395 0.005889299 0.718870878 0.016064385 -0.006065278 0.999852538 86.052146912
0.999828041 -0.010880500 -0.015017325 -2.782613277 0.010986743 0.999915063 0.007010399 0.717272580 0.014939773 -0.007174185 0.999862671 86.529121399
0.999840856 -0.010866748 -0.014146954 -2.788932323 0.010977962 0.999909282 0.007807533 0.716470480 0.014060828 -0.007961595 0.999869466 87.018745422
0.999845207 -0.011251491 -0.013526222 -2.797652006 0.011358684 0.999904454 0.007874372 0.721224964 0.013436331 -0.008026794 0.999877512 87.503578186
0.999843955 -0.012143533 -0.012829227 -2.799743652 0.012231880 0.999901831 0.006830558 0.726534367 0.012745021 -0.006986418 0.999894381 87.976318359
0.999864936 -0.010933380 -0.012269782 -2.803735733 0.010998660 0.999925673 0.005265608 0.730096757 0.012211299 -0.005399848 0.999910831 88.454673767
0.999895215 -0.009655610 -0.010784326 -2.826249123 0.009693879 0.999946892 0.003501956 0.727059722 0.010749940 -0.003606131 0.999935687 88.915512085
0.999914527 -0.008638722 -0.009811711 -2.835462809 0.008652523 0.999961615 0.001365071 0.733954668 0.009799543 -0.001449851 0.999950945 89.374847412
0.999910593 -0.010025956 -0.008847770 -2.838555813 0.010012133 0.999948561 -0.001605199 0.736684024 0.008863409 0.001516471 0.999959588 89.839820862
0.999888718 -0.012475510 -0.008181411 -2.826859474 0.012431283 0.999907970 -0.005434574 0.737385094 0.008248457 0.005332264 0.999951780 90.305801392
0.999874830 -0.014594874 -0.006107077 -2.848138809 0.014537809 0.999851167 -0.009286406 0.735359013 0.006241702 0.009196459 0.999938250 90.785820007
0.999893248 -0.013685122 -0.005124576 -2.845216036 0.013627376 0.999845088 -0.011138671 0.727882147 0.005276217 0.011067647 0.999924839 91.271438599
0.999937534 -0.010560989 -0.003656521 -2.858935356 0.010517552 0.999876201 -0.011701521 0.724690497 0.003779648 0.011662333 0.999924839 91.761711121
0.999964714 -0.007861359 -0.002956074 -2.855508089 0.007824017 0.999892056 -0.012438479 0.721032560 0.003053539 0.012414912 0.999918282 92.257568359
0.999972761 -0.007006979 -0.002309909 -2.862978458 0.006971949 0.999865592 -0.014839554 0.720415115 0.002413579 0.014823046 0.999887228 92.757537842
0.999963343 -0.008172791 -0.002562367 -2.859358788 0.008125344 0.999804795 -0.018010128 0.720520020 0.002709059 0.017988648 0.999834538 93.276779175
0.999960005 -0.008380975 -0.003126037 -2.853169918 0.008318426 0.999774992 -0.019512072 0.717766225 0.003288864 0.019485289 0.999804735 93.799095154
0.999980211 -0.005234863 -0.003489753 -2.858936548 0.005166212 0.999798477 -0.019399300 0.717234731 0.003590602 0.019380886 0.999805748 94.337738037
0.999993026 -0.000272003 -0.003726907 -2.865648985 0.000203866 0.999833047 -0.018270720 0.703663945 0.003731254 0.018269831 0.999826133 94.875671387
0.999986410 0.003875341 -0.003491288 -2.890015125 -0.003938762 0.999823928 -0.018345913 0.701629400 0.003419577 0.018359413 0.999825597 95.461479187
0.999971151 0.006716197 -0.003545179 -2.896090984 -0.006780805 0.999805152 -0.018537940 0.697241127 0.003419984 0.018561445 0.999821901 96.049621582
0.999950588 0.009153787 -0.003871967 -2.902862549 -0.009224270 0.999784529 -0.018595112 0.690893829 0.003700917 0.018629910 0.999819577 96.661712646
0.999893308 0.013921560 -0.004419840 -2.903387547 -0.014005546 0.999710262 -0.019576535 0.693685591 0.004146023 0.019636348 0.999798596 97.291114807
0.999842942 0.017341001 -0.003662020 -2.930159807 -0.017411098 0.999647021 -0.020066699 0.685828030 0.003312750 0.020127308 0.999791920 97.961730957
0.999839425 0.017637974 -0.003157102 -2.938523531 -0.017690208 0.999692738 -0.017361742 0.687961400 0.002849906 0.017414805 0.999844313 98.631118774
0.999813199 0.019247230 -0.001768786 -2.946709156 -0.019264329 0.999762177 -0.010219316 0.683724761 0.001571672 0.010251482 0.999946237 99.314384460
0.999768496 0.021510622 0.000472228 -2.951866150 -0.021509696 0.999766886 -0.001885261 0.680032372 -0.000512671 0.001874667 0.999998093 100.009918213
0.999747336 0.022442684 0.001242816 -2.951575518 -0.022449685 0.999730349 0.005938864 0.680392206 -0.001109197 -0.005965265 0.999981582 100.739669800
0.999783337 0.020711778 0.002062730 -2.946907043 -0.020730700 0.999738812 0.009618679 0.683066189 -0.001862971 -0.009659356 0.999951601 101.431404114
0.999778390 0.020762578 0.003479910 -2.948731661 -0.020797059 0.999731839 0.010184135 0.693189621 -0.003267528 -0.010254251 0.999942064 102.114036560
0.999803901 0.019249348 0.004653192 -2.953062057 -0.019285770 0.999782681 0.007913433 0.697287560 -0.004499852 -0.008001621 0.999957860 102.793395996
0.999832273 0.017498106 0.005404343 -2.948070288 -0.017530760 0.999827981 0.006055146 0.701725066 -0.005297460 -0.006148873 0.999967039 103.473503113
0.999839485 0.016053325 0.007954847 -2.956722021 -0.016083943 0.999863446 0.003800100 0.713255703 -0.007892756 -0.003927435 0.999961138 104.144554138
0.999869227 0.014400793 0.007357137 -2.932648182 -0.014427041 0.999889731 0.003527076 0.712269187 -0.007305533 -0.003632756 0.999966741 104.833518982
0.999871075 0.013683427 0.008399706 -2.925851107 -0.013713782 0.999899626 0.003566871 0.712270200 -0.008350057 -0.003681603 0.999958336 105.509048462
0.999878049 0.012683544 0.009112074 -2.920871735 -0.012727425 0.999907613 0.004773987 0.718918025 -0.009050680 -0.004889378 0.999947071 106.188972473
0.999889135 0.010834210 0.010215376 -2.920898676 -0.010891560 0.999925137 0.005575316 0.722625911 -0.010154206 -0.005685959 0.999932289 106.856124878
0.999913573 0.008072854 0.010379191 -2.906116247 -0.008131035 0.999951422 0.005575566 0.726233065 -0.010333676 -0.005659478 0.999930561 107.526107788
0.999924779 0.006214125 0.010572970 -2.895925045 -0.006275262 0.999963701 0.005759075 0.735947192 -0.010536799 -0.005824990 0.999927521 108.193618774
0.999915421 0.006504183 0.011265006 -2.894855261 -0.006579082 0.999956429 0.006624565 0.738399506 -0.011221427 -0.006698118 0.999914587 108.848304749
0.999903023 0.008264633 0.011209277 -2.890059471 -0.008346130 0.999938965 0.007243329 0.744807780 -0.011148729 -0.007336180 0.999910951 109.507896423
0.999908924 0.008360162 0.010592480 -2.882836103 -0.008442636 0.999934196 0.007765346 0.749119818 -0.010526864 -0.007854068 0.999913752 110.156845093
0.999921441 0.006537255 0.010692034 -2.876591206 -0.006616940 0.999950469 0.007434413 0.753995776 -0.010642904 -0.007504577 0.999915183 110.801551819
0.999938011 0.004252217 0.010290810 -2.863273144 -0.004312896 0.999973416 0.005881425 0.758213460 -0.010265526 -0.005925443 0.999929726 111.433517456
0.999945939 0.003180605 0.009901682 -2.855978251 -0.003223764 0.999985337 0.004345903 0.763190806 -0.009887714 -0.004377588 0.999941528 112.058952332
0.999945223 0.004404738 0.009495141 -2.843459845 -0.004441426 0.999982715 0.003846257 0.769800425 -0.009478035 -0.003888218 0.999947548 112.694580078
0.999933720 0.005825733 0.009931983 -2.849550247 -0.005864343 0.999975324 0.003862750 0.779763222 -0.009909235 -0.003920739 0.999943197 113.322814941
0.999928415 0.006709546 0.009907000 -2.847103357 -0.006762129 0.999963164 0.005283771 0.786208153 -0.009871183 -0.005350385 0.999936938 113.949371338
0.999915183 0.006711035 0.011162037 -2.841489553 -0.006787144 0.999953866 0.006794706 0.796694398 -0.011115924 -0.006869888 0.999914646 114.566757202
0.999884248 0.007202237 0.013401270 -2.829153061 -0.007302046 0.999945879 0.007413788 0.803293526 -0.013347148 -0.007510787 0.999882698 115.175796509
0.999834239 0.007923254 0.016393797 -2.818604469 -0.008049383 0.999938428 0.007642105 0.804773390 -0.016332237 -0.007772799 0.999836385 115.766883850
0.999760807 0.008422976 0.020185031 -2.803854227 -0.008579723 0.999933600 0.007691497 0.810057402 -0.020118905 -0.007862840 0.999766648 116.338577271
0.999640167 0.008920535 0.025296763 -2.784141064 -0.009095241 0.999935508 0.006799643 0.819703162 -0.025234476 -0.007027277 0.999656856 116.914505005
0.999431670 0.010538355 0.032020260 -2.765475750 -0.010752032 0.999921024 0.006508314 0.821378112 -0.031949144 -0.006848898 0.999466002 117.469398499
