1.000000000 0.000000000 0.000000000 0.000000000 0.000000000 1.000000000 0.000000000 0.000000000 0.000000000 0.000000000 1.000000000 0.000000000
0.998623073 0.001167547 0.052445956 0.042626642 -0.001243830 0.999998212 0.001421894 -0.002452449 -0.052444201 -0.001485170 0.998622775 0.297090322
0.994477272 0.001386081 0.104942776 0.104974255 -0.001766237 0.999992192 0.003529658 -0.002776741 -0.104937069 -0.003695518 0.994472027 0.589087188
0.987519622 -0.000933262 0.157493323 0.195403263 -0.000143142 0.999976695 0.006823118 -0.003721394 -0.157496020 -0.006760507 0.987496495 0.871617317
0.977590442 -0.001793100 0.210508302 0.294182658 -0.000368185 0.999947608 0.010227341 -0.001578362 -0.210515618 -0.010075657 0.977538586 1.123679757
0.964094996 -0.000967053 0.265555859 0.404976189 -0.002161580 0.999931693 0.011488941 0.002614706 -0.265548825 -0.011650450 0.964027047 1.389129877
0.947096705 -0.003341898 0.320930988 0.530397117 -0.000110015 0.999942362 0.010737204 -0.000228572 -0.320948362 -0.010204478 0.947041750 1.648809791
0.928002894 -0.006180146 0.372521788 0.681792796 0.003530739 0.999963403 0.007793863 -0.004007053 -0.372556299 -0.005917450 0.927990735 1.882070422
0.905982673 -0.007778869 0.423243344 0.841008484 0.006503662 0.999968946 0.004457064 -0.007045420 -0.423264861 -0.001285391 0.906005085 2.121917725
0.882113874 -0.008266891 0.470963657 1.010581732 0.008362014 0.999963224 0.001890463 -0.009535424 -0.470961988 0.002270601 0.882150590 2.352426529
0.856813192 -0.006399629 0.515587270 1.184719682 0.007922834 0.999968350 -0.000754405 -0.006208385 -0.515566111 0.004731297 0.856836736 2.570874214
0.829406917 -0.006786881 0.558603704 1.383247137 0.009337315 0.999954939 -0.001714739 -0.001680088 -0.558566928 0.006638075 0.829432905 2.793253422
0.799199104 -0.005663917 0.601039708 1.588322878 0.008605227 0.999960959 -0.002019157 0.001966048 -0.601004839 0.006785791 0.799216628 3.010181189
0.766889691 -0.005491213 0.641755462 1.806005478 0.009199844 0.999954700 -0.002437535 0.006228021 -0.641712964 0.007773370 0.766905487 3.206833363
0.732604623 -0.003340153 0.680646241 2.019455910 0.008216595 0.999958515 -0.003936702 0.008652397 -0.680604875 0.008476640 0.732601643 3.383327961
0.695422530 -0.004316440 0.718588114 2.263228416 0.010875520 0.999930680 -0.004518501 0.010078894 -0.718518794 0.010957287 0.695421278 3.562521458
0.656883717 -0.007428534 0.753955305 2.529156685 0.015689444 0.999869645 -0.003817963 0.009508277 -0.753828645 0.014337097 0.656914592 3.727128506
0.618330538 -0.012157502 0.785824180 2.800657749 0.022819359 0.999736488 -0.002488611 0.008585310 -0.785586834 0.019470787 0.618445039 3.880672693
0.580622017 -0.015481509 0.814026058 3.086674213 0.027141852 0.999631524 -0.000348087 0.003036812 -0.813720703 0.022296282 0.580828309 4.048335075
0.545342624 -0.018850988 0.838001251 3.381845951 0.030730272 0.999524593 0.002486270 0.006106600 -0.837649763 0.024396136 0.545662642 4.196860313
0.512598276 -0.020669742 0.858379722 3.692290783 0.031927068 0.999477684 0.005001498 0.011378855 -0.858034790 0.024841785 0.512990475 4.343450069
0.482364297 -0.021826323 0.875698805 4.014443398 0.032758966 0.999439716 0.006865759 0.022095345 -0.875358045 0.025375187 0.482809067 4.489207268
0.454399645 -0.023432616 0.890489697 4.345185280 0.033740785 0.999389350 0.009080964 0.024628349 -0.890158713 0.025919434 0.454912782 4.630280018
0.428607762 -0.024246857 0.903165221 4.684065819 0.034704752 0.999343932 0.010359369 0.030158818 -0.902823865 0.026904020 0.429168046 4.775939465
0.405094922 -0.025407184 0.913921535 5.033147812 0.036600485 0.999263167 0.011556561 0.035371773 -0.913541734 0.028768465 0.405726373 4.905082703
0.382775247 -0.026786044 0.923453152 5.395608902 0.038714983 0.999166548 0.012934692 0.036776252 -0.923029959 0.030800391 0.383493245 5.037223816
0.361949742 -0.025743965 0.931842089 5.764806271 0.040410761 0.999112189 0.011905925 0.041919917 -0.931321323 0.033347096 0.362668753 5.161871433
0.341794133 -0.024094159 0.939466000 6.151200294 0.043865796 0.998990715 0.009661625 0.050998665 -0.938750565 0.037908133 0.342506111 5.284812450
0.323316634 -0.021966122 0.946035922 6.540758610 0.047036458 0.998867810 0.007117680 0.062333480 -0.945121169 0.042196911 0.323983788 5.395730972
0.306382537 -0.020009922 0.951698124 6.954597473 0.049973074 0.998738468 0.004911016 0.073535614 -0.950595856 0.046054631 0.306995988 5.516399384
0.291274965 -0.018989550 0.956450999 7.380801201 0.052160740 0.998630941 0.003942105 0.079920739 -0.955216408 0.048740946 0.291866660 5.636373997
0.278352499 -0.018493686 0.960300982 7.833899498 0.052437652 0.998616040 0.004032004 0.083119452 -0.959046543 0.049233604 0.278937042 5.755484104
0.266645491 -0.019570950 0.963596046 8.305374146 0.052490342 0.998604834 0.005756907 0.088446356 -0.962364316 0.049044427 0.267300725 5.879871845
0.256027699 -0.020567013 0.966450632 8.783199310 0.052577715 0.998589993 0.007322321 0.094683602 -0.965238512 0.048939046 0.256748080 6.002137184
0.246078968 -0.020304419 0.969037175 9.293914795 0.054813713 0.998472035 0.007001684 0.107482463 -0.967698693 0.051393554 0.246815920 6.118064880
0.236964464 -0.019854035 0.971315384 9.808347702 0.056827229 0.998362601 0.006543185 0.113917261 -0.969854832 0.053646661 0.237704694 6.237062454
0.229590416 -0.022370946 0.973030329 10.336936951 0.058183718 0.998263299 0.009222386 0.118944675 -0.971546769 0.054497138 0.230493307 6.358877182
0.223855495 -0.025279464 0.974294543 10.870477676 0.058321021 0.998219609 0.012500303 0.128615618 -0.972875893 0.054023586 0.224931240 6.484533310
0.219215989 -0.027122155 0.975299418 11.407470703 0.058588818 0.998175561 0.014589432 0.138324589 -0.973915756 0.053943392 0.220405102 6.608489037
0.216649652 -0.027594246 0.975859344 11.961031914 0.058952171 0.998146057 0.015136524 0.151416555 -0.974467874 0.054249704 0.217874765 6.732277870
0.214608312 -0.028679781 0.976279080 12.495498657 0.059513092 0.998095453 0.016238336 0.160062551 -0.974885464 0.054616500 0.215906441 6.852154732
0.213685572 -0.029860418 0.976446092 13.027861595 0.060173538 0.998037100 0.017352298 0.164449632 -0.975047588 0.055048272 0.215062916 6.970362663
0.213132441 -0.029254369 0.976585388 13.557751656 0.061029263 0.997998297 0.016576631 0.177665621 -0.975115478 0.056067258 0.214491189 7.090717316
0.213991404 -0.028767075 0.976411879 14.092956543 0.063185625 0.997880638 0.015551762 0.189408123 -0.974789858 0.058367252 0.215355515 7.200737000
0.215543449 -0.028663488 0.976073503 14.633886337 0.064410567 0.997809589 0.015078196 0.194886267 -0.974367678 0.059619442 0.216917515 7.323932648
0.217163563 -0.027493263 0.975748003 15.155956268 0.064413555 0.997828126 0.013779452 0.201701671 -0.974007666 0.059859000 0.218462825 7.441461563
0.218534708 -0.025809502 0.975487828 15.673703194 0.063677624 0.997896731 0.012136952 0.207535088 -0.973749399 0.059464402 0.219718516 7.564021111
0.220131934 -0.024375020 0.975165606 16.196027756 0.063639194 0.997916937 0.010577918 0.212700218 -0.973392129 0.059730209 0.221224606 7.685988426
0.221517086 -0.023525819 0.974872708 16.709041595 0.064735547 0.997858465 0.009370866 0.218420953 -0.973005474 0.061033104 0.222565651 7.807715416
0.222634435 -0.023399122 0.974621177 17.228267670 0.067228645 0.997700572 0.008596061 0.225552022 -0.972581208 0.063608676 0.223695636 7.920665741
0.223724723 -0.024312835 0.974349141 17.746109009 0.069034077 0.997573316 0.009041116 0.231401861 -0.972204566 0.065240562 0.224860251 8.039127350
0.224688232 -0.024882877 0.974112988 18.268037796 0.069662809 0.997526169 0.009412567 0.236773372 -0.971937478 0.065744549 0.225865781 8.164508820
0.225738823 -0.024350567 0.973883450 18.798137665 0.067904808 0.997649312 0.009204977 0.238772899 -0.971818328 0.064053454 0.226861715 8.294281006
0.226562083 -0.023968350 0.973701775 19.323036194 0.068708085 0.997600019 0.008569541 0.248437017 -0.971570313 0.064959653 0.227665186 8.413646698
0.227047265 -0.024248252 0.973581910 19.851032257 0.069712386 0.997530162 0.008587211 0.255495906 -0.971385539 0.065921009 0.228176892 8.537164688
0.226956069 -0.025455063 0.973572373 20.388437271 0.071366251 0.997405469 0.009441524 0.265904874 -0.971286774 0.067337386 0.228183866 8.662530899
0.225095689 -0.026694190 0.973971009 20.935920715 0.073492378 0.997242093 0.010347070 0.272478402 -0.971561074 0.069250360 0.226436675 8.794597626
0.223646820 -0.026592392 0.974307477 21.481853485 0.072863132 0.997286737 0.010494255 0.283386767 -0.971942961 0.068644084 0.224977612 8.913604736
0.221283317 -0.026105590 0.974860191 22.020490646 0.071177691 0.997407854 0.010552774 0.283606231 -0.972608685 0.067053139 0.222567856 9.040521622
0.217620671 -0.024649855 0.975722134 22.567535400 0.070317455 0.997479260 0.009516219 0.293551087 -0.973497152 0.066539370 0.218805432 9.167276382
0.212047517 -0.023606565 0.976974308 23.105651855 0.072346538 0.997344196 0.008396288 0.300652206 -0.974577904 0.068900287 0.213192225 9.280052185
0.207224846 -0.023672208 0.978006899 23.661870956 0.077729926 0.996945024 0.007660802 0.314736724 -0.975200474 0.074432895 0.208431840 9.390489578
0.204721272 -0.025243146 0.978494883 24.211639404 0.080894805 0.996683896 0.008787518 0.325541854 -0.975471914 0.077356145 0.206084430 9.500597000
0.204481363 -0.027491981 0.978484333 24.774158478 0.082160093 0.996560276 0.010830225 0.330308378 -0.975416362 0.078177787 0.206036747 9.612983704
0.205704927 -0.029070921 0.978182137 25.337041855 0.081819296 0.996569872 0.012411364 0.332809865 -0.975187719 0.077481098 0.207377911 9.739023209
0.207435071 -0.029670129 0.977798879 25.897649765 0.081466749 0.996591806 0.012957610 0.340624511 -0.974850774 0.076970220 0.209145248 9.863866806
0.208963275 -0.028373664 0.977511823 26.466573715 0.080961727 0.996649444 0.011621920 0.354914248 -0.974566400 0.076712482 0.210560322 9.991281509
0.210099936 -0.026944956 0.977308571 27.039327621 0.080247417 0.996722519 0.010228766 0.364578068 -0.974381089 0.076277420 0.211573601 10.127729416
0.211147785 -0.026922405 0.977083385 27.631973267 0.080227971 0.996725082 0.010126333 0.369586706 -0.974156141 0.076251261 0.212616205 10.259914398
0.211455941 -0.026081044 0.977039516 28.228370667 0.079001524 0.996829093 0.009511386 0.376678884 -0.974189520 0.075176366 0.212845862 10.390808105
0.210183263 -0.024979694 0.977342904 28.833356857 0.077873647 0.996924996 0.008733007 0.383574247 -0.974555671 0.074273720 0.211482167 10.522811890
0.208045721 -0.023887930 0.977827370 29.451005936 0.077244937 0.996980667 0.007920955 0.391421080 -0.975064218 0.073884286 0.209262788 10.660995483
0.205913305 -0.023011448 0.978299737 30.088548660 0.077810518 0.996943057 0.007072348 0.402638018 -0.975471914 0.074665710 0.207074344 10.799259186
0.203950703 -0.022501027 0.978722632 30.762126923 0.078676447 0.996878862 0.006523473 0.421080291 -0.975814700 0.075671941 0.205084443 10.936946869
0.202313244 -0.022230223 0.979068637 31.450565338 0.079156116 0.996842444 0.006277076 0.430003464 -0.976116717 0.076229319 0.203434110 11.075849533
0.200600266 -0.020599375 0.979456723 32.137458801 0.078565568 0.996897042 0.004875325 0.439155400 -0.976517916 0.075973570 0.201596200 11.224336624
0.199026108 -0.018167483 0.979825854 32.844333649 0.077593513 0.996981382 0.002724461 0.449208856 -0.976917624 0.075485885 0.199835002 11.371608734
0.197575092 -0.015758613 0.980161190 33.574279785 0.077585377 0.996985614 0.000389896 0.453822613 -0.977212787 0.075969130 0.198202193 11.525007248
0.196415544 -0.014657425 0.980411232 34.341869354 0.079108372 0.996865571 -0.000945155 0.465702236 -0.977324367 0.077744380 0.196959436 11.666273117
0.194293082 -0.015671048 0.980818391 35.106376648 0.079892233 0.996803522 0.000100368 0.476024568 -0.977684796 0.078340270 0.194924057 11.823570251
0.192583740 -0.018077215 0.981114089 35.898254395 0.080114350 0.996782184 0.002640187 0.481918335 -0.978004813 0.078092851 0.193412244 11.981248856
0.190442383 -0.019927876 0.981496155 36.699695587 0.083207011 0.996523917 0.004088106 0.492925525 -0.978165805 0.080888808 0.191438556 12.144424438
0.190044880 -0.020789528 0.981555283 37.529384613 0.086625472 0.996231556 0.004328290 0.498494267 -0.977946341 0.084205121 0.191129565 12.293930054
0.189938903 -0.021170488 0.981567681 38.356655121 0.088703163 0.996048748 0.004318244 0.513948202 -0.977780700 0.086247951 0.191066325 12.455131531
0.190381646 -0.022070941 0.981462121 39.200298309 0.090131350 0.995917797 0.004912551 0.527112603 -0.977563977 0.087525234 0.191593766 12.625663757
0.193157613 -0.023407871 0.980888486 40.074348450 0.092771463 0.995672286 0.005492016 0.534049749 -0.976772070 0.089937635 0.194493294 12.789440155
0.196001947 -0.023560250 0.980320513 40.933448792 0.093319759 0.995622218 0.005269952 0.545917749 -0.976153076 0.090450346 0.197342515 12.968242645
0.200037479 -0.024250120 0.979488194 41.811588287 0.093270853 0.995625019 0.005601241 0.561314702 -0.975338817 0.090237230 0.201424122 13.151515961
0.205471575 -0.027540088 0.978275597 42.709205627 0.093921766 0.995544970 0.008299435 0.577739358 -0.974145949 0.090176068 0.207142830 13.340816498
0.211183250 -0.030946864 0.976956487 43.595638275 0.093460642 0.995558441 0.011333249 0.590395212 -0.972968042 0.088913582 0.213137567 13.539627075
0.217246771 -0.031635433 0.975603998 44.479972839 0.092718802 0.995624304 0.011638065 0.599785805 -0.971703231 0.087928489 0.219229341 13.743358612
0.223181844 -0.028569721 0.974358141 45.358764648 0.091844022 0.995739996 0.008159311 0.613424659 -0.970440507 0.087667957 0.224855006 13.956001282
0.229443908 -0.026023684 0.972974002 46.226684570 0.088863246 0.996027589 0.005684806 0.619722724 -0.969256938 0.085157275 0.230845034 14.167770386
0.235145569 -0.024493210 0.971651495 47.100704193 0.085912019 0.996293366 0.004323148 0.629695773 -0.968155801 0.082459979 0.236378253 14.393302917
0.241323650 -0.026174109 0.970091760 47.979225159 0.083900601 0.996455967 0.006014001 0.630485892 -0.966811180 0.079939947 0.242664456 14.619770050
0.246728480 -0.026615595 0.968719125 48.840671539 0.080146447 0.996758699 0.006973034 0.635998130 -0.965764821 0.075918943 0.248061955 14.866405487
0.252580941 -0.026490502 0.967213154 49.708049774 0.077370003 0.996977150 0.007101049 0.642210245 -0.964477539 0.073039681 0.253867030 15.085163116
0.256828189 -0.024396291 0.966149151 50.566879272 0.076907590 0.997026980 0.004731903 0.646852016 -0.963392258 0.073088914 0.257940888 15.320724487
0.260172129 -0.021445032 0.965324163 51.418796539 0.075999133 0.997106493 0.001667961 0.657914162 -0.962566733 0.072929837 0.261049092 15.557304382
0.262682796 -0.020188112 0.964671135 52.280807495 0.072487973 0.997368634 0.001133694 0.661946893 -0.962155640 0.069629237 0.263454974 15.808319092
0.265220523 -0.021800391 0.963941336 53.118545532 0.070895024 0.997479081 0.003052695 0.660970807 -0.961577892 0.067529000 0.266097486 16.045028687
0.266329408 -0.022644812 0.963616133 53.969078064 0.070566788 0.997499287 0.003937426 0.665140510 -0.961295545 0.066950634 0.267261326 16.282646179
0.265805602 -0.022421917 0.963765919 54.812339783 0.068120584 0.997667313 0.004423040 0.669660091 -0.961616874 0.064476624 0.266712964 16.521316528
0.262630999 -0.020466480 0.964679301 55.655624390 0.064801231 0.997891963 0.003529175 0.669443130 -0.962717891 0.061585531 0.263403654 16.767353058
0.258129358 -0.017040528 0.965960145 56.501728058 0.061343595 0.998115957 0.001215198 0.678250313 -0.964160979 0.058941785 0.258688390 16.998535156
0.251294911 -0.014279430 0.967805326 57.344089508 0.059258651 0.998242438 -0.000658265 0.677339792 -0.966094971 0.057516251 0.251699448 17.223747253
0.243884325 -0.013008823 0.969717145 58.187454224 0.059203513 0.998244822 -0.001498188 0.683499634 -0.967995584 0.057776045 0.244226396 17.431301117
0.235476136 -0.014432892 0.971772969 59.050857544 0.060478617 0.998169482 0.000169999 0.682865262 -0.969996572 0.058731452 0.235917985 17.654621124
0.228119850 -0.016529793 0.973492861 59.905933380 0.062795572 0.998023927 0.002231354 0.687893629 -0.971606076 0.060622010 0.228707016 17.857498169
0.221754968 -0.017754378 0.974940836 60.765014648 0.063511543 0.997974157 0.003727817 0.692273617 -0.973031938 0.061093330 0.222433329 18.052524567
0.215742767 -0.018204637 0.976280570 61.616783142 0.063910827 0.997945547 0.004485322 0.696340799 -0.974356532 0.061427217 0.216463029 18.242027283
0.209717989 -0.018892303 0.977579474 62.468780518 0.063761681 0.997949421 0.005607300 0.703384757 -0.975680828 0.061156154 0.210492551 18.431095123
0.204010487 -0.019447356 0.978775561 63.320869446 0.064323582 0.997908413 0.006420260 0.707424998 -0.976853251 0.061648551 0.204834700 18.609809875
0.199415743 -0.019173395 0.979727447 64.174690247 0.064478822 0.997898519 0.006404850 0.717919230 -0.977791369 0.061894435 0.200232983 18.782283783
0.194694161 -0.019178787 0.980676472 65.029418945 0.064893045 0.997870207 0.006631792 0.722871304 -0.978715003 0.062347911 0.195524096 18.959461212
0.190938771 -0.018715726 0.981423616 65.901062012 0.065073669 0.997860134 0.006368890 0.727478504 -0.979442716 0.062648758 0.191748142 19.135025024
0.187442422 -0.018184159 0.982107401 66.756912231 0.065390848 0.997841716 0.005995153 0.734618068 -0.980096757 0.063097075 0.188226938 19.295970917
0.184201121 -0.017900275 0.982725620 67.615318298 0.066256620 0.997786045 0.005755523 0.741531849 -0.980652928 0.064051904 0.184979320 19.455448151
0.180181384 -0.018555269 0.983458519 68.479911804 0.065661743 0.997818768 0.006796184 0.752519608 -0.981439471 0.063351050 0.181006730 19.630462646
0.177578151 -0.020127984 0.983900905 69.334640503 0.065991476 0.997783959 0.008501602 0.762175083 -0.981891632 0.063419372 0.178512931 19.787822723
0.175775349 -0.019119252 0.984244645 70.193634033 0.066449784 0.997761488 0.007514616 0.766263723 -0.982185066 0.064081952 0.176652372 19.943298340
0.174537718 -0.015644075 0.984526217 71.045150757 0.067319430 0.997723758 0.003919332 0.770366430 -0.982346535 0.065593675 0.175193548 20.097251892
0.173407376 -0.012097784 0.984775901 71.903503418 0.070128441 0.997537971 -0.000094230 0.776852012 -0.982350171 0.069077134 0.173828840 20.249786377
0.172056675 -0.010181836 0.985034406 72.758422852 0.073446833 0.997295976 -0.002520434 0.780179858 -0.982345164 0.072781317 0.172339261 20.398124695
0.171134889 -0.010005438 0.985196769 73.609550476 0.073601410 0.997284174 -0.002656836 0.781307459 -0.982494593 0.072966553 0.171406567 20.546524048
0.170190275 -0.011535584 0.985343695 74.463256836 0.074008569 0.997256994 -0.001107837 0.783837080 -0.982628107 0.073112413 0.170577228 20.694805145
0.167841613 -0.013394082 0.985723019 75.334228516 0.074581034 0.997214615 0.000851122 0.781919599 -0.982988775 0.073373385 0.168373048 20.850112915
0.163745880 -0.013078034 0.986415923 76.188537598 0.074079044 0.997251928 0.000924512 0.780881405 -0.983717263 0.072921358 0.164264739 20.999618530
0.158555329 -0.010877118 0.987290263 77.044052124 0.073459014 0.997297883 -0.000809898 0.780742288 -0.984613717 0.072653778 0.158925951 21.136978149
0.153132975 -0.008579557 0.988168359 77.904663086 0.072895922 0.997336090 -0.002637274 0.786690354 -0.985513330 0.072437294 0.153350472 21.278228760
0.147213042 -0.007991675 0.989072621 78.759452820 0.074298725 0.997231543 -0.003000995 0.785097718 -0.986310363 0.073928617 0.147399247 21.406143188
0.141259730 -0.009486869 0.989927173 79.630790710 0.077981442 0.996953547 -0.001573526 0.785620809 -0.986896515 0.077418216 0.141569197 21.533721924
0.135022044 -0.015154448 0.990726829 80.495735168 0.080120251 0.996775806 0.004327714 0.793379545 -0.987598121 0.078792930 0.135800898 21.646499634
0.128363967 -0.020718347 0.991510808 81.354568481 0.080156736 0.996727467 0.010450014 0.801893234 -0.988482594 0.078134857 0.129604578 21.764595032
0.122619450 -0.023592928 0.992173314 82.227691650 0.079044186 0.996773720 0.013933510 0.803424835 -0.989301026 0.076717012 0.124088705 21.872451782
0.117282808 -0.019045969 0.992915988 83.084152222 0.078799658 0.996842146 0.009813498 0.815112114 -0.989967406 0.077090479 0.118413270 21.977813721
0.112122238 -0.013658731 0.993600547 83.947769165 0.080575004 0.996737897 0.004609428 0.828914881 -0.990422249 0.079542547 0.112856984 22.067665100
0.106626093 -0.010757464 0.994241059 84.796554565 0.081890404 0.996639311 0.002001179 0.834902525 -0.990921259 0.081205420 0.107148707 22.160850525
0.102054477 -0.008493053 0.994742572 85.629760742 0.083511628 0.996506810 -0.000059664 0.838746548 -0.991267204 0.083078660 0.102407217 22.251861572
0.098836303 -0.008175498 0.995070219 86.484832764 0.088017762 0.996118724 -0.000558345 0.842325449 -0.991203547 0.087639026 0.099172294 22.332862854
0.095948100 -0.009202034 0.995343804 87.339080811 0.093139850 0.995653033 0.000226497 0.846329927 -0.991019130 0.092684440 0.096388102 22.412483215
0.092750847 -0.011437014 0.995623648 88.198806763 0.097959839 0.995187700 0.002306211 0.850949287 -0.990858793 0.097317234 0.093424916 22.482833862
0.090170860 -0.012123400 0.995852530 89.053596497 0.101855956 0.994794965 0.002887835 0.854598284 -0.990704119 0.101173110 0.090936303 22.555191040
0.088328183 -0.011310606 0.996027231 89.905433655 0.105810978 0.994384408 0.001908580 0.857093334 -0.990455568 0.105222031 0.089028955 22.629005432
0.086542249 -0.010401797 0.996194005 90.777267456 0.110230677 0.993905723 0.000801834 0.860291958 -0.990131259 0.109741732 0.087161422 22.701400757
0.084987164 -0.012164373 0.996307969 91.632850647 0.113269106 0.993561268 0.002468725 0.869428158 -0.989923000 0.112641074 0.085817814 22.772903442
0.082958221 -0.016269526 0.996420264 92.492507935 0.115000412 0.993343234 0.006644774 0.876508713 -0.989895463 0.114037499 0.084277034 22.850296021
0.081769407 -0.017395381 0.996499419 93.369125366 0.117363870 0.993059099 0.007704834 0.878773689 -0.989716828 0.116323017 0.083243489 22.907699585
0.080421627 -0.013516380 0.996669352 94.219879150 0.118265606 0.992974222 0.003923366 0.882187843 -0.989720047 0.117556177 0.081455112 22.973098755
0.078999460 -0.006006279 0.996856689 95.083755493 0.118028477 0.993004501 -0.003370534 0.888970852 -0.989862919 0.117923729 0.079155684 23.043724060
0.076849282 -0.001393220 0.997041821 95.927970886 0.118591636 0.992912829 -0.007753287 0.894443512 -0.989964843 0.118836649 0.076469898 23.110931396
0.073622704 -0.002110437 0.997283936 96.794776917 0.120510407 0.992688775 -0.006795757 0.890449762 -0.989978254 0.120683417 0.073338747 23.172943115
0.069199920 -0.005173681 0.997589469 97.649223328 0.120159462 0.992749512 -0.003186553 0.887663841 -0.990339994 0.120090313 0.069319844 23.231056213
0.063720882 -0.004736645 0.997956514 98.507560730 0.119057260 0.992883205 -0.002889411 0.884914637 -0.990840554 0.118998080 0.063831329 23.290420532
0.057540357 -0.002433335 0.998340309 99.356315613 0.117249422 0.993093014 -0.004337257 0.886336327 -0.991434276 0.117304377 0.057428241 23.340942383
0.049828708 -0.002234405 0.998755336 100.206054688 0.117943488 0.993013561 -0.003662742 0.886156559 -0.991769433 0.117979191 0.049744129 23.385650635
0.041289508 -0.001969829 0.999145269 101.082672119 0.117362835 0.993084908 -0.002892112 0.889543533 -0.992230356 0.117381938 0.041235149 23.420272827
0.032522917 -0.000699538 0.999470711 101.923484802 0.113916233 0.993485808 -0.003011500 0.887543201 -0.992957830 0.113953888 0.032390714 23.446876526
0.023545682 0.003469072 0.999716878 102.766860962 0.113283597 0.993543863 -0.006115758 0.891447783 -0.993283808 0.113395505 0.023000658 23.465774536
0.015130579 0.005728045 0.999869287 103.636863708 0.113076016 0.993558764 -0.007403038 0.893198013 -0.993471265 0.113173231 0.014385402 23.480041504
0.006622493 0.004645974 0.999967396 104.487548828 0.109310597 0.993993282 -0.005342159 0.893846512 -0.993985653 0.109342396 0.006074846 23.482559204
-0.001527190 0.001944909 0.999997079 105.344497681 0.107346624 0.994220078 -0.001769759 0.894525528 -0.994220614 0.107343592 -0.001727104 23.477554321
-0.009372592 -0.000192238 0.999956191 106.215293884 0.111454330 0.993768811 0.001235708 0.898508787 -0.993725479 0.111461014 -0.009292841 23.485961914
-0.016117215 -0.000387667 0.999870181 107.065582275 0.113454834 0.993540704 0.002214020 0.902464628 -0.993412614 0.113475770 -0.015969157 23.467201233
-0.021294713 0.002929563 0.999769092 107.916854858 0.110002249 0.993931174 -0.000569468 0.902674437 -0.993703306 0.109964706 -0.021487713 23.454231262
-0.025745749 0.009326302 0.999625027 108.786071777 0.109450638 0.993971288 -0.006454610 0.905277014 -0.993658781 0.109243415 -0.026611328 23.435951233
-0.029378057 0.014938449 0.999456882 109.636123657 0.111284159 0.993721128 -0.011581643 0.913170815 -0.993354440 0.110883467 -0.030856013 23.409339905
-0.034101129 0.014330013 0.999315679 110.494377136 0.106804669 0.994223356 -0.010612338 0.910764217 -0.993695080 0.106369689 -0.035434604 23.393600464
-0.037681699 0.010395995 0.999235749 111.363143921 0.100171439 0.994948447 -0.006573875 0.905105352 -0.994256437 0.099847168 -0.038532734 23.371322632
-0.040289998 0.009081777 0.999146819 112.238159180 0.096082121 0.995359957 -0.005172909 0.899280548 -0.994557738 0.095791720 -0.040975690 23.347961426
-0.042681336 0.008482503 0.999052882 113.103820801 0.094339028 0.995530307 -0.004422280 0.900415897 -0.994624972 0.094060913 -0.043290854 23.312858582
-0.045591354 0.010820496 0.998901606 113.980339050 0.095038414 0.995452762 -0.006445449 0.906899452 -0.994429111 0.094640158 -0.046412349 23.275779724
-0.048398256 0.010049310 0.998777688 114.862930298 0.095650665 0.995400429 -0.005380346 0.899915457 -0.994237840 0.095273338 -0.049136877 23.241119385
-0.050716639 0.009899138 0.998664200 115.736526489 0.096088946 0.995360255 -0.004986579 0.907180071 -0.994080007 0.095707670 -0.051432490 23.195343018
-0.052607894 0.010431583 0.998560786 116.635307312 0.097658053 0.995206177 -0.005251560 0.905560255 -0.993828654 0.097241230 -0.053374410 23.148406982
-0.054502368 0.012740080 0.998432398 117.519897461 0.097860627 0.995172918 -0.007356472 0.905138254 -0.993706584 0.097306274 -0.055486083 23.103263855
-0.055993438 0.015148249 0.998316288 118.399856567 0.098841950 0.995057285 -0.009554969 0.900552750 -0.993526578 0.098140508 -0.057214022 23.050064087
-0.057670474 0.017865591 0.998175979 119.299140930 0.098301418 0.995082736 -0.012130804 0.906226635 -0.993484378 0.097422510 -0.059143066 23.001243591
-0.059407353 0.018811615 0.998056591 120.195037842 0.098362371 0.995067060 -0.012900447 0.898000240 -0.993375897 0.097404830 -0.060964584 22.949378967
-0.060680151 0.018555881 0.997984886 121.126068115 0.096242391 0.995277464 -0.012653760 0.887052536 -0.993506670 0.095280610 -0.062179446 22.900703430
-0.062046170 0.017400393 0.997921646 122.034614563 0.096463762 0.995271683 -0.011356514 0.882146835 -0.993400812 0.095558643 -0.063431382 22.844009399
-0.063496709 0.016379971 0.997847617 122.942321777 0.096191540 0.995310426 -0.010217302 0.880921841 -0.993335485 0.095335737 -0.064774513 22.788208008
-0.064756632 0.015084254 0.997787118 123.899932861 0.097882621 0.995159984 -0.008691929 0.876627207 -0.993088961 0.097103149 -0.065919757 22.730422974
-0.066009521 0.014812952 0.997709155 124.825302124 0.098910786 0.995062292 -0.008229627 0.874552727 -0.992904663 0.098140955 -0.067148805 22.666213989
-0.066999197 0.017763067 0.997594893 125.758026123 0.097799420 0.995143652 -0.011151141 0.868750095 -0.992948294 0.096817091 -0.068411112 22.603668213
-0.067824244 0.020959105 0.997477293 126.702880859 0.098986462 0.994987786 -0.014176159 0.867733717 -0.992774844 0.097775251 -0.069558978 22.535202026
-0.069129944 0.021888500 0.997367501 127.684555054 0.098570973 0.995016873 -0.015004724 0.867943525 -0.992725909 0.097274214 -0.070942998 22.484786987
-0.070403934 0.020093560 0.997316182 128.649322510 0.097226828 0.995174885 -0.013186848 0.862634420 -0.992769003 0.096037485 -0.072017789 22.422332764
-0.071261883 0.019548748 0.997266114 129.613861084 0.097463116 0.995160103 -0.012543017 0.859469652 -0.992684662 0.096302815 -0.072822332 22.359802246
-0.072342038 0.019941216 0.997180581 130.575256348 0.098844036 0.995021522 -0.012727246 0.863222122 -0.992469907 0.097644635 -0.073953032 22.296096802
-0.072976112 0.019797528 0.997137189 131.550323486 0.097840019 0.995122433 -0.012597051 0.845040083 -0.992522955 0.096640639 -0.074557066 22.222869873
-0.073292851 0.020874320 0.997092009 132.513565063 0.099407800 0.994954884 -0.013522442 0.840466976 -0.992343843 0.098127618 -0.074998140 22.151504517
-0.073657632 0.022091378 0.997038841 133.487731934 0.099480182 0.994931042 -0.014695437 0.832465410 -0.992309511 0.098103173 -0.075481892 22.086196899
-0.074615479 0.022573592 0.996957004 134.452667236 0.102138489 0.994658947 -0.014877204 0.822126150 -0.991968036 0.100717597 -0.076522589 22.018234253
-0.074928761 0.021885606 0.996948779 135.421691895 0.100918844 0.994792581 -0.014253411 0.809925318 -0.992069185 0.099542923 -0.076747298 21.949203491
-0.076163888 0.022417596 0.996843278 136.392990112 0.101498209 0.994728386 -0.014615052 0.797459602 -0.991915941 0.100064665 -0.078037739 21.878295898
-0.077102423 0.021405531 0.996793330 137.354202271 0.100557275 0.994838536 -0.013585398 0.795296431 -0.991939247 0.099187359 -0.078856945 21.810897827
-0.079202771 0.019134130 0.996674895 138.311950684 0.102238640 0.994699419 -0.010971610 0.790701628 -0.991601825 0.101029709 -0.080739260 21.739410400
-0.079971313 0.017864846 0.996637046 139.260360718 0.103570580 0.994576573 -0.009517291 0.773258448 -0.991401911 0.102461167 -0.081387877 21.658248901
-0.079267383 0.020129165 0.996650159 140.192932129 0.106111683 0.994286060 -0.011641959 0.765166521 -0.991189718 0.104833394 -0.080950379 21.579376221
-0.078029513 0.022485014 0.996697664 141.130218506 0.107777208 0.994076669 -0.013988252 0.755029202 -0.991108418 0.106329776 -0.079990625 21.504333496
-0.076011300 0.024738872 0.996800005 142.061492920 0.112104289 0.993565857 -0.016110059 0.741840601 -0.990785003 0.110521004 -0.078295588 21.432403564
-0.073255301 0.024894023 0.997002482 142.978851318 0.115450151 0.993179262 -0.016315794 0.728804350 -0.990608394 0.113908865 -0.075629711 21.365219116
-0.069501400 0.023891257 0.997295856 143.904174805 0.115643993 0.993166089 -0.015733136 0.722806454 -0.990856349 0.114237793 -0.071789384 21.301559448
-0.066287398 0.021393426 0.997571230 144.809188843 0.117279671 0.993007123 -0.013502456 0.703624249 -0.990884185 0.116099782 -0.068332911 21.248657227
-0.062349081 0.020360705 0.997846842 145.717132568 0.118277624 0.992897153 -0.012869315 0.691670895 -0.991021335 0.117220551 -0.064314485 21.185729980
-0.059679866 0.022831537 0.997956514 146.610870361 0.116385318 0.993079066 -0.015759865 0.681868076 -0.991409540 0.115206927 -0.061924100 21.131500244
-0.057592392 0.024738925 0.998033702 147.506393433 0.116490528 0.993030608 -0.017892739 0.672597885 -0.991520703 0.115230978 -0.060072899 21.093261719
-0.055820823 0.025960717 0.998103321 148.386154175 0.117792085 0.992851973 -0.019236401 0.662119389 -0.991468251 0.116494872 -0.058479786 21.044708252
-0.054278970 0.024575036 0.998223484 149.270141602 0.119765952 0.992640316 -0.017925257 0.645135403 -0.991317391 0.118580207 -0.056822777 20.993087769
-0.052946210 0.025555909 0.998270333 150.143096924 0.120938256 0.992478311 -0.018993316 0.627725124 -0.991247058 0.119723447 -0.055638671 20.945938110
-0.050999045 0.027759349 0.998312771 151.018707275 0.120545439 0.992476285 -0.021438962 0.615806580 -0.991396904 0.119248696 -0.053961635 20.905258179
-0.049744487 0.027340038 0.998387754 151.888610840 0.119078815 0.992657363 -0.021250037 0.602178574 -0.991637945 0.117829755 -0.052634835 20.862182617
-0.048103333 0.026390024 0.998493731 152.754379272 0.117919616 0.992810309 -0.020558931 0.586502552 -0.991857409 0.116753042 -0.050869346 20.822814941
-0.046751738 0.026990427 0.998541832 153.626739502 0.116495997 0.992960930 -0.021385223 0.570119858 -0.992090225 0.115326330 -0.049566984 20.790100098
-0.045887947 0.027905233 0.998556852 154.485565186 0.115090109 0.993101001 -0.022463895 0.556633949 -0.992294669 0.113893189 -0.048782945 20.757186890
-0.044078112 0.029000998 0.998607159 155.340637207 0.112851247 0.993325233 -0.023866411 0.538210869 -0.992633820 0.111642070 -0.047056675 20.722518921
-0.041666150 0.030238863 0.998673916 156.205841064 0.114333652 0.993120193 -0.025300527 0.520803452 -0.992568314 0.113127850 -0.044836879 20.684875488
-0.038047433 0.031164484 0.998789907 157.059783936 0.118017152 0.992658496 -0.026477490 0.505140781 -0.992282450 0.116866939 -0.041445971 20.649520874
-0.033274531 0.031028837 0.998964608 157.919586182 0.118698612 0.992566526 -0.026876394 0.490284443 -0.992372751 0.117681406 -0.036710262 20.615036011
-0.028095484 0.031366415 0.999113023 158.773406982 0.116123028 0.992842793 -0.027904138 0.469874859 -0.992837429 0.115236044 -0.031536698 20.588806152
-0.023257494 0.034009282 0.999150932 159.628997803 0.113333486 0.993068159 -0.031164156 0.439483643 -0.993284822 0.112512454 -0.026950717 20.580566406
-0.018772602 0.037767429 0.999110281 160.477890015 0.110960484 0.993192077 -0.035458855 0.418748856 -0.993647575 0.110196099 -0.022835493 20.573501587
-0.014393687 0.038368154 0.999160051 161.332977295 0.109462701 0.993318081 -0.036566928 0.400261641 -0.993886769 0.108844422 -0.018497348 20.559249878
-0.010172009 0.034706108 0.999345899 162.195571899 0.107359894 0.993658483 -0.033415835 0.372444868 -0.994168282 0.106949762 -0.013833523 20.560638428
-0.005874991 0.034527153 0.999386668 163.048889160 0.102942169 0.994114935 -0.033739891 0.348009348 -0.994670153 0.102680802 -0.009394646 20.561889648
-0.002066135 0.037140004 0.999308109 163.906707764 0.101546131 0.994152248 -0.036738444 0.318415165 -0.994828880 0.101399951 -0.005825520 20.566680908
0.001189888 0.041962635 0.999118447 164.760467529 0.098874696 0.994218469 -0.041874584 0.295210123 -0.995099187 0.098837353 -0.002966046 20.573791504
0.002872288 0.043585602 0.999045551 165.637466431 0.095870808 0.994435787 -0.043660123 0.267742395 -0.995389640 0.095904708 -0.001322269 20.595947266
0.004456341 0.039065890 0.999226809 166.482971191 0.092847787 0.994903982 -0.039310977 0.239738941 -0.995670438 0.092951171 0.000806451 20.591018677
0.005318463 0.035633776 0.999350846 167.343750000 0.087391295 0.995524704 -0.035962448 0.209307194 -0.996159971 0.087525822 0.002180576 20.599731445
0.005272090 0.033618681 0.999420941 168.200454712 0.087520622 0.995583951 -0.033951309 0.183262825 -0.996148825 0.087648928 0.002306461 20.605499268
0.004980326 0.038227443 0.999256670 169.059860229 0.088127457 0.995364249 -0.038517769 0.158580303 -0.996096790 0.088253781 0.001588345 20.616271973
0.003451347 0.041422959 0.999135792 169.912979126 0.089452811 0.995123386 -0.041565612 0.132945299 -0.995985091 0.089518957 -0.000270844 20.619262695
0.001325786 0.042098958 0.999112666 170.772125244 0.090249173 0.995031238 -0.042046752 0.097183466 -0.995918393 0.090224832 -0.002480149 20.619171143
-0.001380205 0.042521596 0.999094605 171.654495239 0.089127690 0.995124578 -0.042229500 0.064485550 -0.996019304 0.088988706 -0.005163431 20.622390747
-0.005653977 0.043172829 0.999051690 172.510498047 0.087727867 0.995236933 -0.042511512 0.035130262 -0.996128500 0.087404318 -0.009414434 20.623962402
-0.011753321 0.042450134 0.999029458 173.384246826 0.081709430 0.995797992 -0.041351531 0.007370830 -0.996586859 0.081144109 -0.015172601 20.623275757
-0.020398259 0.040202685 0.998983383 174.245910645 0.079068460 0.996126473 -0.038473219 -0.024258852 -0.996660531 0.078203283 -0.023498058 20.619674683
-0.028441310 0.038938690 0.998836756 175.102142334 0.079216309 0.996186078 -0.036579717 -0.054329634 -0.996451676 0.078083783 -0.031417370 20.573257446
-0.037637353 0.039597724 0.998506665 175.954193115 0.079009160 0.996204436 -0.036528289 -0.078613758 -0.996163189 0.077516340 -0.040623069 20.537338257
-0.047389627 0.039549842 0.998093247 176.815444946 0.082219034 0.995979607 -0.035562322 -0.107553005 -0.995487034 0.080376975 -0.050450921 20.492523193
-0.057236910 0.039574564 0.997576118 177.661682129 0.086493462 0.995653629 -0.034535684 -0.129559994 -0.994607031 0.084307097 -0.060410976 20.442687988
-0.066159844 0.039521009 0.997026205 178.524200439 0.090417817 0.995341837 -0.033454385 -0.154784679 -0.993704081 0.087935582 -0.069425106 20.371292114
-0.075592160 0.040874738 0.996300697 179.376342773 0.093400083 0.995056868 -0.033737190 -0.183001518 -0.992754877 0.090504311 -0.079036117 20.301239014
-0.084319830 0.043723788 0.995479107 180.222213745 0.095198765 0.994820416 -0.035631269 -0.209410429 -0.991880834 0.091763951 -0.088045597 20.215911865
-0.094128489 0.047847122 0.994409680 181.066162109 0.097233206 0.994510949 -0.038648140 -0.235255957 -0.990800500 0.093051746 -0.098264098 20.138275146
-0.102624059 0.051477145 0.993387341 181.916091919 0.097702093 0.994352818 -0.041433848 -0.256788135 -0.989910364 0.092803910 -0.107073903 20.043289185
-0.110854387 0.052746400 0.992436051 182.790557861 0.098420843 0.994264483 -0.041850060 -0.284291029 -0.988951385 0.093037128 -0.115409970 19.947631836
-0.117885709 0.051933009 0.991668284 183.654083252 0.100762963 0.994102716 -0.040082186 -0.309247613 -0.987901747 0.095198311 -0.122423530 19.838775635
-0.124339700 0.050438810 0.990957081 184.521224976 0.103559799 0.993912458 -0.037595164 -0.331981182 -0.986820817 0.097948737 -0.128806233 19.730697632
-0.128632307 0.048667561 0.990497470 185.418319702 0.106976561 0.993647814 -0.034929708 -0.359508991 -0.985905588 0.101466924 -0.133021474 19.603363037
-0.131524324 0.047426302 0.990177929 186.296188354 0.109445192 0.993443370 -0.033045236 -0.382013321 -0.985252917 0.104023963 -0.135852456 19.474227905
-0.134845734 0.046173904 0.989790261 187.173736572 0.112895198 0.993124783 -0.030949008 -0.403764963 -0.984414279 0.107569218 -0.139131427 19.348297119
-0.137730241 0.045817647 0.989409506 188.068161011 0.116368614 0.992759705 -0.029773768 -0.425275803 -0.983610094 0.111035474 -0.142064691 19.220230103
-0.139363885 0.046364486 0.989155293 188.951980591 0.119684950 0.992368996 -0.029652515 -0.444841146 -0.982981920 0.114254512 -0.143849492 19.079162598
-0.140892506 0.047549348 0.988882542 189.837417603 0.123537049 0.991883576 -0.030092549 -0.463635921 -0.982287228 0.117923804 -0.145623088 18.945983887
-0.141785145 0.049446911 0.988661706 190.770797729 0.127248734 0.991375804 -0.031333756 -0.485044479 -0.981684625 0.121363290 -0.146854520 18.806594849
-0.143199444 0.051370945 0.988359809 191.666824341 0.129202887 0.991075814 -0.032792445 -0.504780293 -0.981224060 0.123003073 -0.148558736 18.669387817
-0.143955350 0.052716069 0.988179266 192.571609497 0.130599558 0.990857720 -0.033833582 -0.528419495 -0.980928659 0.124185227 -0.149523973 18.529846191
-0.144606233 0.050694648 0.988189816 193.482986450 0.134015873 0.990487874 -0.031201394 -0.548738956 -0.980371773 0.127921194 -0.150024652 18.395004272
-0.143887639 0.047962137 0.988431096 194.427597046 0.137166351 0.990149975 -0.028077995 -0.567926407 -0.980041683 0.131539404 -0.149049163 18.243103027
-0.144169688 0.045228098 0.988518894 195.341674805 0.138391674 0.990059078 -0.025114959 -0.592651844 -0.979828000 0.133181959 -0.148995757 18.103637695
-0.143803477 0.046598461 0.988508642 196.274414062 0.139635265 0.989852369 -0.026348352 -0.606462002 -0.979705453 0.134241670 -0.148851037 17.960830688
-0.143630505 0.047539134 0.988489032 197.210281372 0.141371906 0.989586949 -0.027050184 -0.623568058 -0.979481757 0.135859340 -0.148855567 17.822967529
-0.144080639 0.046918813 0.988453090 198.189270020 0.140084684 0.989783168 -0.026562687 -0.646265030 -0.979600549 0.134639964 -0.149181247 17.703689575
-0.145169616 0.044276398 0.988415718 199.116928101 0.138903603 0.990016341 -0.023947200 -0.659688950 -0.979607999 0.133818090 -0.149870396 17.562591553
-0.145961285 0.043285463 0.988343060 200.054946899 0.139873713 0.989909172 -0.022697126 -0.673725605 -0.979352295 0.134930283 -0.150542974 17.404129028
