1.000000000 0.000000000 0.000000000 0.000000000 0.000000000 1.000000000 0.000000000 0.000000000 0.000000000 0.000000000 1.000000000 0.000000000
1.000000000 -0.000012968 -0.000027403 0.001270627 0.000012968 1.000000000 0.000000349 0.001874192 0.000027403 -0.000000350 1.000000000 -0.001334396
1.000000000 0.000012083 0.000005525 0.000000504 -0.000012083 1.000000000 -0.000015023 0.002178219 -0.000005525 0.000015023 1.000000000 0.000255417
1.000000000 -0.000034723 0.000026434 0.000038809 0.000034723 1.000000000 -0.000022299 0.002650176 -0.000026433 0.000022300 1.000000000 -0.000351376
1.000000000 0.000044365 0.000035106 -0.000200170 -0.000044363 1.000000000 -0.000075462 0.002437936 -0.000035110 0.000075461 1.000000000 0.000062354
1.000000000 0.000072497 0.000038393 -0.000532369 -0.000072497 1.000000000 -0.000012386 0.002084800 -0.000038394 0.000012383 1.000000000 -0.000268615
1.000000000 -0.000029495 0.000020576 0.000343831 0.000029495 1.000000000 -0.000046655 0.001959092 -0.000020574 0.000046655 1.000000000 0.000177759
1.000000000 -0.000020587 0.000038028 -0.000125045 0.000020588 1.000000000 -0.000024128 0.001147950 -0.000038027 0.000024129 1.000000000 0.000602066
1.000000000 -0.000063920 0.000001079 0.000236689 0.000063920 1.000000000 0.000011853 0.000911152 -0.000001080 -0.000011853 1.000000000 0.000136723
1.000000000 0.000000713 0.000008604 0.000306969 -0.000000713 1.000000000 -0.000032838 0.001774677 -0.000008604 0.000032838 1.000000000 0.000325804
1.000000000 0.000019700 -0.000023248 0.000580906 -0.000019700 1.000000000 0.000002246 0.002191314 0.000023248 -0.000002246 1.000000000 -0.000467937
1.000000000 0.000006606 -0.000030959 0.000347586 -0.000006605 1.000000000 0.000025076 0.001779564 0.000030959 -0.000025076 1.000000000 0.000490114
1.000000000 0.000010055 0.000002139 0.000150374 -0.000010055 1.000000000 -0.000064286 0.002158492 -0.000002139 0.000064286 1.000000000 0.000203629
1.000000000 -0.000021967 -0.000021361 0.001133246 0.000021968 1.000000000 0.000059918 0.001229680 0.000021359 -0.000059919 1.000000000 0.000992682
1.000000000 0.000077417 -0.000016139 0.000349427 -0.000077417 1.000000000 -0.000035847 0.002145121 0.000016136 0.000035848 1.000000000 0.001449825
1.000000000 0.000051439 -0.000009138 -0.000018910 -0.000051439 1.000000000 -0.000007012 0.002271236 0.000009138 0.000007012 1.000000000 0.001033679
1.000000000 0.000049950 -0.000016397 0.000297832 -0.000049950 1.000000000 0.000020706 0.000967717 0.000016398 -0.000020706 1.000000000 0.000091145
1.000000000 0.000065061 -0.000021738 0.000816514 -0.000065060 1.000000000 0.000066596 0.001184229 0.000021742 -0.000066594 1.000000000 0.000067291
1.000000000 0.000011809 -0.000005404 0.000156861 -0.000011809 1.000000000 -0.000030931 0.001762074 0.000005403 0.000030931 1.000000000 0.000569108
1.000000000 0.000009232 -0.000004032 0.000508062 -0.000009232 1.000000000 -0.000035031 0.001524575 0.000004031 0.000035031 1.000000000 0.000374894
1.000000000 -0.000000817 0.000007418 0.000163789 0.000000817 1.000000000 -0.000035895 0.001700691 -0.000007418 0.000035895 1.000000000 0.000721454
1.000000000 0.000054163 -0.000000035 0.000867740 -0.000054163 1.000000000 0.000019057 0.001973098 0.000000036 -0.000019057 1.000000000 0.000076862
1.000000000 -0.000005921 -0.000007297 0.000588513 0.000005921 1.000000000 0.000008122 0.001198896 0.000007297 -0.000008122 1.000000000 0.000234884
1.000000000 0.000077139 -0.000005635 0.000314562 -0.000077139 1.000000000 0.000029937 0.001249176 0.000005637 -0.000029936 1.000000000 -0.000149433
1.000000000 -0.000012471 0.000028537 0.000129676 0.000012469 1.000000000 0.000060344 0.000380834 -0.000028538 -0.000060344 1.000000000 0.000525366
1.000000000 0.000010461 0.000000314 -0.000049029 -0.000010461 1.000000000 0.000045279 0.000771608 -0.000000314 -0.000045279 1.000000000 -0.000219230
1.000000000 0.000010841 -0.000024795 0.001026586 -0.000010839 1.000000000 0.000060431 0.001578406 0.000024796 -0.000060431 1.000000000 -0.000366814
1.000000000 0.000025505 0.000017431 0.000227284 -0.000025505 1.000000000 -0.000017512 0.001478135 -0.000017431 0.000017512 1.000000000 0.000400156
1.000000000 -0.000052991 -0.000049810 0.000823767 0.000052993 1.000000000 0.000037599 0.001150056 0.000049808 -0.000037602 1.000000000 0.000001886
1.000000000 0.000002094 -0.000029560 0.001140602 -0.000002092 1.000000000 0.000070947 0.000909140 0.000029560 -0.000070947 1.000000000 0.000259873
1.000000000 0.000036919 -0.000016214 0.000560565 -0.000036920 1.000000000 -0.000030134 0.002259119 0.000016213 0.000030135 1.000000000 0.000094050
1.000000000 -0.000032910 -0.000031715 0.001235344 0.000032910 1.000000000 -0.000011496 0.002476214 0.000031715 0.000011495 1.000000000 0.000764172
1.000000000 -0.000032745 -0.000024752 0.000649460 0.000032745 1.000000000 0.000014074 0.001439353 0.000024752 -0.000014075 1.000000000 -0.000978856
1.000000000 0.000057538 -0.000025034 0.000332811 -0.000057537 1.000000000 0.000021775 0.001270007 0.000025035 -0.000021774 1.000000000 0.000519276
1.000000000 0.000107823 -0.000015368 0.000961994 -0.000107823 1.000000000 0.000021403 0.002247216 0.000015371 -0.000021402 1.000000000 0.002192837
1.000000000 0.000030050 -0.000029064 0.000758815 -0.000030049 1.000000000 0.000037185 0.000996314 0.000029065 -0.000037184 1.000000000 -0.000037368
1.000000000 0.000089979 -0.000009964 0.000713433 -0.000089979 1.000000000 0.000011695 0.001615927 0.000009965 -0.000011694 1.000000000 0.000676029
1.000000000 0.000034577 -0.000012115 0.000371878 -0.000034577 1.000000000 0.000000163 0.001118401 0.000012115 -0.000000162 1.000000000 0.000714089
1.000000000 0.000141740 0.000027798 -0.000051159 -0.000141740 1.000000000 -0.000017356 0.002104463 -0.000027801 0.000017352 1.000000000 0.000998928
1.000000000 0.000093822 -0.000006276 0.000384289 -0.000093822 1.000000000 0.000035026 0.001339811 0.000006279 -0.000035026 1.000000000 0.000826277
1.000000000 0.000071572 0.000019949 -0.000209779 -0.000071572 1.000000000 0.000014647 0.001583020 -0.000019948 -0.000014649 1.000000000 0.001622279
1.000000000 0.000020958 -0.000003429 0.000037224 -0.000020958 1.000000000 0.000004927 0.001575735 0.000003429 -0.000004927 1.000000000 -0.001144726
1.000000000 -0.000020697 -0.000040218 0.000951459 0.000020698 1.000000000 0.000014120 0.001512442 0.000040218 -0.000014120 1.000000000 -0.000015675
1.000000000 0.000058212 -0.000044192 0.000752504 -0.000058212 1.000000000 0.000017746 0.001643560 0.000044193 -0.000017744 1.000000000 0.000706962
1.000000000 0.000124459 -0.000015977 0.000323479 -0.000124459 1.000000000 -0.000010781 0.001864242 0.000015975 0.000010783 1.000000000 0.000917005
1.000000000 0.000108523 -0.000068653 0.001101874 -0.000108522 1.000000000 0.000016266 0.001706700 0.000068655 -0.000016259 1.000000000 0.001378048
1.000000000 0.000039652 -0.000029757 0.001118578 -0.000039653 1.000000000 -0.000032849 0.001698220 0.000029755 0.000032850 1.000000000 0.001705771
1.000000000 0.000186979 0.000014686 0.000318247 -0.000186973 0.999999881 -0.000429858 0.002691862 -0.000014766 0.000429855 0.999999881 0.002602675
1.000000000 0.000218245 -0.000100416 -0.000038822 -0.000218320 0.999999702 -0.000753170 0.002463413 0.000100252 0.000753192 0.999999702 0.007317673
0.999999940 0.000334817 -0.000042211 -0.001020857 -0.000334860 0.999999404 -0.001028240 0.004646315 0.000041866 0.001028254 0.999999464 0.011229626
0.999999940 0.000268123 -0.000093282 -0.000311257 -0.000268203 0.999999583 -0.000858399 0.004347710 0.000093052 0.000858424 0.999999642 0.017032042
1.000000000 0.000152611 -0.000126926 0.001487598 -0.000152709 0.999999702 -0.000773398 0.004369427 0.000126808 0.000773418 0.999999702 0.023524983
0.999999940 0.000232677 -0.000084101 -0.000735466 -0.000232741 0.999999702 -0.000762283 0.003555577 0.000083924 0.000762302 0.999999702 0.031578541
0.999999940 0.000373140 -0.000045444 -0.001496369 -0.000373169 0.999999702 -0.000643370 0.004250319 0.000045204 0.000643387 0.999999821 0.039108880
1.000000000 0.000210035 -0.000109250 -0.000797977 -0.000210109 0.999999762 -0.000675162 0.003646768 0.000109109 0.000675185 0.999999762 0.045976710
0.999999940 0.000296530 -0.000068810 -0.001024595 -0.000296579 0.999999702 -0.000714103 0.003127091 0.000068599 0.000714123 0.999999762 0.051102970
0.999999940 0.000235135 -0.000130145 0.000113533 -0.000235216 0.999999762 -0.000622035 0.002697119 0.000129999 0.000622066 0.999999821 0.058727920
1.000000000 0.000142162 -0.000140615 0.000391458 -0.000142253 0.999999762 -0.000641313 0.002499136 0.000140524 0.000641333 0.999999762 0.062221207
1.000000000 0.000054438 -0.000174260 0.001012965 -0.000054542 0.999999821 -0.000599277 0.003356906 0.000174227 0.000599287 0.999999821 0.066568688
1.000000000 0.000113953 -0.000165095 -0.000722011 -0.000114054 0.999999821 -0.000609646 0.004433745 0.000165025 0.000609665 0.999999821 0.073171861
0.999999940 0.000164215 -0.000187186 0.000053941 -0.000164319 0.999999821 -0.000554161 0.002644126 0.000187095 0.000554192 0.999999821 0.076010123
1.000000000 0.000117513 -0.000107400 -0.002040978 -0.000117574 0.999999821 -0.000571867 0.003220187 0.000107333 0.000571880 0.999999821 0.078046158
1.000000000 0.000139998 -0.000134567 -0.001263247 -0.000140074 0.999999821 -0.000563744 0.002854588 0.000134488 0.000563763 0.999999821 0.079465106
1.000000000 0.000093281 -0.000141429 -0.000927890 -0.000093359 0.999999821 -0.000547963 0.002522347 0.000141378 0.000547976 0.999999821 0.080197088
1.000000000 0.000187933 -0.000134532 -0.002081966 -0.000188022 0.999999762 -0.000662467 0.003644611 0.000134408 0.000662492 0.999999762 0.080163725
1.000000000 0.000085977 -0.000161942 -0.001018727 -0.000086077 0.999999821 -0.000621232 0.002450528 0.000161889 0.000621246 0.999999821 0.082203999
1.000000000 0.000136374 -0.000163515 -0.001956317 -0.000136460 0.999999881 -0.000524757 0.003469645 0.000163444 0.000524780 0.999999821 0.080408029
0.999999940 0.000260154 -0.000127819 -0.002160115 -0.000260246 0.999999702 -0.000719305 0.004536700 0.000127631 0.000719338 0.999999762 0.083728217
0.999999940 0.000290206 -0.000158208 -0.001464543 -0.000290315 0.999999702 -0.000692183 0.003563732 0.000158007 0.000692228 0.999999762 0.082569301
1.000000000 0.000106846 -0.000169945 -0.001908701 -0.000106945 0.999999821 -0.000584719 0.002419019 0.000169882 0.000584737 0.999999821 0.082193203
0.999999940 0.000242267 -0.000143641 -0.002659276 -0.000242362 0.999999762 -0.000656095 0.003687516 0.000143483 0.000656129 0.999999762 0.082046419
0.999999940 0.000361935 -0.000090325 -0.003675795 -0.000361996 0.999999702 -0.000670757 0.003046229 0.000090082 0.000670790 0.999999762 0.083030507
1.000000000 0.000134343 -0.000166853 -0.002061072 -0.000134444 0.999999821 -0.000605204 0.001361356 0.000166771 0.000605226 0.999999821 0.081617251
1.000000000 0.000050409 -0.000182174 -0.001837422 -0.000050516 0.999999821 -0.000589631 0.001554283 0.000182144 0.000589640 0.999999821 0.082496084
1.000000000 0.000030763 -0.000204939 -0.001451826 -0.000030881 0.999999821 -0.000574688 0.000815849 0.000204922 0.000574694 0.999999821 0.082074843
1.000000000 0.000122419 -0.000168470 -0.001487816 -0.000122525 0.999999821 -0.000627653 0.001244548 0.000168393 0.000627673 0.999999762 0.080744453
1.000000000 0.000074179 -0.000191066 -0.001716472 -0.000074274 0.999999881 -0.000497684 0.000108231 0.000191029 0.000497698 0.999999881 0.080807805
1.000000000 0.000056077 -0.000153944 -0.001777060 -0.000056164 0.999999821 -0.000569295 0.000503499 0.000153912 0.000569303 0.999999821 0.081214808
1.000000000 0.000190695 -0.000110947 -0.002295911 -0.000190796 0.999999583 -0.000907844 0.001008534 0.000110774 0.000907865 0.999999583 0.079434507
0.999999940 0.000247562 -0.000028858 -0.003599907 -0.000247604 0.999998868 -0.001486459 0.002376507 0.000028490 0.001486466 0.999998868 0.089507274
1.000000000 0.000071038 -0.000019761 -0.002053774 -0.000071074 0.999998271 -0.001850795 0.002373241 0.000019630 0.001850796 0.999998271 0.104367495
1.000000000 0.000110460 -0.000124113 -0.002349378 -0.000110643 0.999998927 -0.001479267 0.000723930 0.000123949 0.001479281 0.999998927 0.125179976
1.000000000 0.000066451 -0.000150796 -0.001544193 -0.000066681 0.999998808 -0.001524116 0.001510232 0.000150694 0.001524126 0.999998808 0.152037650
0.999999940 0.000025084 -0.000257653 -0.001460022 -0.000025495 0.999998748 -0.001596683 0.000739587 0.000257613 0.001596689 0.999998689 0.184951484
0.999999940 0.000120578 -0.000223180 -0.002683604 -0.000120933 0.999998748 -0.001590420 0.002653618 0.000222988 0.001590447 0.999998689 0.218528390
0.999999940 0.000227052 -0.000168426 -0.006079918 -0.000227291 0.999998987 -0.001421487 0.003130409 0.000168103 0.001421525 0.999998987 0.259214878
0.999999881 0.000299519 -0.000344890 -0.004467987 -0.000300124 0.999998391 -0.001754249 0.008216144 0.000344364 0.001754353 0.999998391 0.312708229
0.999999821 0.000306003 -0.000542460 0.007890282 -0.000307222 0.999997437 -0.002248055 0.018462254 0.000541771 0.002248221 0.999997318 0.385473311
0.999999225 0.001048002 -0.000658885 0.015285866 -0.001049675 0.999996185 -0.002545154 0.020711713 0.000656216 0.002545844 0.999996543 0.467845708
0.999998391 0.001622095 -0.000746409 0.013823918 -0.001624312 0.999994218 -0.002978763 0.023227524 0.000741573 0.002979970 0.999995291 0.537582159
0.999998868 0.001375020 -0.000617951 0.004894556 -0.001377403 0.999991536 -0.003871071 0.017568611 0.000612623 0.003871918 0.999992311 0.617964506
0.999996841 0.002409236 -0.000685350 0.005828870 -0.002411984 0.999988914 -0.004037294 0.026154209 0.000675616 0.004038934 0.999991596 0.721740842
0.999998748 0.001314407 -0.000895650 0.007711189 -0.001317742 0.999992192 -0.003733511 0.017980564 0.000890736 0.003734687 0.999992609 0.834450603
0.999996483 0.002414372 -0.001102663 0.012275525 -0.002418350 0.999990523 -0.003620660 0.029125679 0.001093911 0.003623314 0.999992847 0.963771403
0.999998689 0.001164880 -0.001099863 0.004405360 -0.001168515 0.999993861 -0.003310266 0.017840434 0.001096000 0.003311547 0.999993920 1.078446627
0.999996662 0.002301322 -0.001189790 0.000321915 -0.002305023 0.999992490 -0.003118908 0.021356490 0.001182603 0.003121640 0.999994457 1.214371920
0.999996662 0.002053692 -0.001570765 0.004780645 -0.002059224 0.999991655 -0.003528451 0.024420809 0.001563505 0.003531673 0.999992549 1.361741900
0.999996424 0.002021843 -0.001736673 0.001348313 -0.002027764 0.999992132 -0.003414726 0.020683929 0.001729755 0.003418235 0.999992669 1.508845091
0.999996841 0.001682471 -0.001880577 0.007858519 -0.001690232 0.999990046 -0.004132786 0.026876189 0.001873605 0.004135952 0.999989688 1.692544460
0.999995351 0.002041645 -0.002267634 0.007872820 -0.002051705 0.999988019 -0.004442993 0.030355608 0.002258536 0.004447625 0.999987543 1.864108086
0.999993861 0.002690938 -0.002238196 0.011664363 -0.002701028 0.999986172 -0.004517538 0.037354570 0.002226009 0.004523555 0.999987304 2.062650919
0.999994040 0.002250340 -0.002623354 0.016846649 -0.002262353 0.999986947 -0.004585357 0.027254829 0.002613001 0.004591265 0.999986053 2.266735077
0.999993563 0.002513154 -0.002570099 0.002952725 -0.002525382 0.999985456 -0.004765741 0.030424314 0.002558085 0.004772201 0.999985337 2.469563961
0.999991059 0.003114844 -0.002851006 0.012606965 -0.003128823 0.999983013 -0.004911752 0.036420256 0.002835658 0.004920628 0.999983847 2.708462000
0.999993742 0.001579823 -0.003170498 0.004676012 -0.001597401 0.999983311 -0.005549403 0.030626046 0.003161679 0.005554433 0.999979556 2.928875208
0.999990880 0.002692220 -0.003308359 0.012969362 -0.002712548 0.999977350 -0.006155313 0.040999193 0.003291713 0.006164231 0.999975562 3.185719490
0.999985099 0.003945454 -0.003775256 0.011969271 -0.003968239 0.999973834 -0.006046799 0.043896761 0.003751301 0.006061690 0.999974608 3.458945274
0.999985397 0.003526841 -0.004099588 0.003886725 -0.003554821 0.999970317 -0.006838029 0.036327291 0.004075349 0.006852502 0.999968231 3.731218576
0.999988914 0.001833596 -0.004331369 0.013084621 -0.001869372 0.999964058 -0.008270182 0.036850583 0.004316049 0.008278187 0.999956429 4.038285732
0.999991000 0.001155300 -0.004076651 0.007625886 -0.001188755 0.999965549 -0.008213592 0.040172964 0.004067022 0.008218365 0.999957979 4.354721546
0.999987543 0.000191602 -0.004991684 0.024408981 -0.000233336 0.999965012 -0.008361524 0.042765703 0.004989907 0.008362584 0.999952555 4.712215900
0.999984562 0.001383617 -0.005382105 0.034361444 -0.001427897 0.999965072 -0.008232102 0.047891680 0.005370527 0.008239660 0.999951661 5.088745594
0.999987781 0.000443413 -0.004918297 -0.000270798 -0.000484239 0.999965429 -0.008302944 0.026436727 0.004914445 0.008305225 0.999953449 5.444294453
0.999985397 0.000137920 -0.005401928 -0.001630007 -0.000182205 0.999966383 -0.008198338 0.029886521 0.005400616 0.008199202 0.999951780 5.855733395
0.999980390 0.002359115 -0.005798740 0.011032868 -0.002408612 0.999960601 -0.008543674 0.045034338 0.005778356 0.008557473 0.999946713 6.316298485
0.999982953 0.000845468 -0.005775920 0.002525820 -0.000890306 0.999969482 -0.007764781 0.035798013 0.005769178 0.007769791 0.999953151 6.761651516
0.999982059 -0.001361832 -0.005837140 -0.009470523 0.001320303 0.999973834 -0.007112448 0.029898768 0.005846673 0.007104613 0.999957681 7.234026432
0.999980509 -0.002649877 -0.005652524 -0.013810784 0.002618021 0.999980688 -0.005635672 0.031216754 0.005667348 0.005620764 0.999968171 7.716306686
0.999982774 -0.001725460 -0.005614612 -0.017154604 0.001693709 0.999982595 -0.005654908 0.036633436 0.005624271 0.005645301 0.999968231 8.232064247
0.999989033 -0.001438130 -0.004460453 -0.024504125 0.001413644 0.999983966 -0.005487893 0.028207488 0.004468273 0.005481527 0.999974966 8.764172554
0.999994278 -0.001534579 -0.003018331 -0.022836857 0.001514006 0.999975681 -0.006806541 0.034604333 0.003028703 0.006801932 0.999972284 9.301214218
0.999997377 -0.001666241 -0.001556831 -0.028477324 0.001655642 0.999975622 -0.006784667 0.036764793 0.001568098 0.006782072 0.999975801 9.865261078
0.999992788 -0.003722582 -0.000734188 -0.027139699 0.003716794 0.999963224 -0.007732548 0.028745653 0.000762946 0.007729764 0.999969840 10.451623917
0.999991715 -0.004073820 0.000039119 -0.028019326 0.004074002 0.999961257 -0.007799536 0.026386296 -0.000007343 0.007799631 0.999969602 11.033725739
0.999992073 -0.003969694 0.000230794 -0.028403092 0.003971409 0.999960244 -0.007980512 0.033134095 -0.000199105 0.007981365 0.999968112 11.658241272
0.999994099 -0.003352929 0.000737624 -0.033299826 0.003358936 0.999959946 -0.008298740 0.028652603 -0.000709769 0.008301169 0.999965310 12.302130699
0.999991238 -0.004064513 0.000978120 -0.032234188 0.004072574 0.999956548 -0.008386101 0.031216666 -0.000943992 0.008390010 0.999964356 12.943752289
0.999988079 -0.004766734 0.001047164 -0.027040089 0.004775063 0.999955773 -0.008099997 0.028951600 -0.001008507 0.008104902 0.999966621 13.622393608
0.999979734 -0.006331856 0.000617654 -0.033064496 0.006336135 0.999954045 -0.007190885 0.027944271 -0.000572094 0.007194654 0.999973953 14.294939041
0.999988675 -0.004753658 0.000174560 -0.036279693 0.004754710 0.999966741 -0.006624973 0.024039770 -0.000143062 0.006625729 0.999978065 14.993679047
0.999992192 -0.003919924 -0.000441291 -0.042944398 0.003917210 0.999974370 -0.005990944 0.023389438 0.000464764 0.005989169 0.999981940 15.714423180
0.999989569 -0.004102021 -0.002001211 -0.044081744 0.004089986 0.999973774 -0.005980989 0.026095230 0.002025692 0.005972742 0.999980092 16.439599991
0.999971986 -0.006522869 -0.003676818 -0.042926736 0.006497702 0.999955654 -0.006815516 0.028140284 0.003721112 0.006791434 0.999970019 17.181716919
0.999979317 -0.004723695 -0.004365769 -0.051413253 0.004683631 0.999947250 -0.009142105 0.031011794 0.004408723 0.009121468 0.999948680 17.966178894
0.999979377 -0.003330835 -0.005493257 -0.059952430 0.003278766 0.999949872 -0.009460676 0.034083970 0.005524494 0.009442470 0.999940157 18.735795975
0.999977171 -0.003618033 -0.005710639 -0.071849890 0.003566407 0.999952912 -0.009024709 0.029900946 0.005743022 0.009004137 0.999942958 19.540809631
0.999971986 -0.004378333 -0.006066279 -0.079825938 0.004331194 0.999960482 -0.007761993 0.027376439 0.006100024 0.007735501 0.999951482 20.352882385
0.999960184 -0.005828457 -0.006758623 -0.078289978 0.005779938 0.999957561 -0.007176241 0.029671265 0.006800162 0.007136891 0.999951422 21.191503525
0.999960124 -0.005118106 -0.007314420 -0.087587543 0.005074668 0.999969482 -0.005944826 0.024996819 0.007344623 0.005907471 0.999955595 22.025377274
0.999956310 -0.004712446 -0.008070405 -0.093500361 0.004668129 0.999973953 -0.005501378 0.027286163 0.008096119 0.005463464 0.999952316 22.872190475
0.999957502 -0.003293800 -0.008612528 -0.099302985 0.003252836 0.999983370 -0.004766004 0.024623461 0.008628083 0.004737786 0.999951541 23.742080688
0.999953151 -0.002851430 -0.009253342 -0.112253994 0.002794599 0.999977171 -0.006148823 0.028315131 0.009270664 0.006122675 0.999938309 24.611492157
0.999935389 -0.003553420 -0.010798518 -0.113096237 0.003476610 0.999968588 -0.007123474 0.031445023 0.010823491 0.007085471 0.999916315 25.489677429
0.999906361 -0.003908491 -0.013113873 -0.119940251 0.003809818 0.999964297 -0.007540893 0.036471058 0.013142879 0.007490226 0.999885559 26.385047913
0.999882519 -0.004010442 -0.014795691 -0.128932327 0.003914552 0.999971211 -0.006504219 0.038508516 0.014821350 0.006445536 0.999869406 27.312240601
0.999847651 -0.007291978 -0.015860438 -0.146151543 0.007221626 0.999963880 -0.004488499 0.028054377 0.015892595 0.004373278 0.999864161 28.218435287
0.999827564 -0.006740028 -0.017302018 -0.163969606 0.006660771 0.999967098 -0.004634327 0.028732855 0.017332682 0.004518283 0.999839544 29.157461166
0.999802828 -0.004943286 -0.019232463 -0.181940526 0.004880381 0.999982595 -0.003316288 0.038882602 0.019248521 0.003221772 0.999809563 30.089366913
0.999749184 -0.007436760 -0.021124249 -0.191461429 0.007332718 0.999960601 -0.004998423 0.043817345 0.021160590 0.004842271 0.999764383 31.037332535
0.999705851 -0.008569694 -0.022687903 -0.202816516 0.008296370 0.999892175 -0.012113990 0.035781600 0.022789270 0.011922200 0.999669194 32.006340027
0.999651611 -0.010677526 -0.024139151 -0.217024192 0.010185117 0.999739408 -0.020430531 0.036662962 0.024351008 0.020177552 0.999499798 32.973533630
0.999629438 -0.009062318 -0.025667857 -0.247210011 0.008419540 0.999650955 -0.025040457 0.024771754 0.025885824 0.024815066 0.999356866 33.938316345
0.999590576 -0.009933430 -0.026832722 -0.268425286 0.009355313 0.999723256 -0.021585507 0.004836761 0.027039714 0.021325640 0.999406874 34.939704895
0.999578893 -0.008434421 -0.027764440 -0.294240862 0.007919658 0.999795675 -0.018598434 -0.006133430 0.027915632 0.018370718 0.999441445 35.953582764
0.999599218 -0.005691334 -0.027732102 -0.329982877 0.005240315 0.999853253 -0.016309060 -0.016690850 0.027820854 0.016157199 0.999482334 36.966968536
0.999617994 -0.003544625 -0.027409390 -0.364809245 0.003099631 0.999862969 -0.016260574 -0.026867367 0.027463270 0.016169403 0.999492049 37.994476318
0.999661922 -0.001581044 -0.025952607 -0.396438390 0.001073854 0.999808371 -0.019545238 -0.042133480 0.025978537 0.019510761 0.999472082 39.031314850
0.999703765 -0.000813922 -0.024326514 -0.425995559 0.000252144 0.999733448 -0.023087362 -0.051356621 0.024338821 0.023074389 0.999437451 40.084785461
0.999741673 -0.002961131 -0.022534100 -0.442704976 0.002445251 0.999735057 -0.022886485 -0.063370660 0.022595901 0.022825472 0.999484062 41.161422729
0.999780834 -0.003138597 -0.020698436 -0.473243505 0.002769792 0.999837339 -0.017822668 -0.088055864 0.020751007 0.017761432 0.999626875 42.254165649
0.999803662 -0.004179837 -0.019369144 -0.496179551 0.003853185 0.999850273 -0.016871274 -0.100612000 0.019436762 0.016793327 0.999670029 43.352333069
0.999814510 -0.005278252 -0.018523045 -0.512507737 0.004924763 0.999805868 -0.019077711 -0.107921742 0.018620146 0.018982951 0.999646425 44.461200714
0.999827445 -0.004393446 -0.018050618 -0.534417570 0.003984586 0.999736071 -0.022624584 -0.119489841 0.018145256 0.022548756 0.999581039 45.570678711
0.999842405 -0.002239365 -0.017609846 -0.565377772 0.001852055 0.999756694 -0.021979541 -0.132595688 0.017654782 0.021943463 0.999603331 46.698303223
0.999839485 -0.001151553 -0.017880173 -0.586402893 0.000820524 0.999828339 -0.018510034 -0.147272453 0.017898420 0.018492393 0.999668777 47.826099396
0.999837339 -0.002810140 -0.017814690 -0.614355922 0.002513770 0.999858439 -0.016636895 -0.159597829 0.017858921 0.016589407 0.999702871 48.951866150
0.999826729 -0.005681553 -0.017725121 -0.632843554 0.005388640 0.999848843 -0.016529528 -0.168518841 0.017816355 0.016431149 0.999706268 50.088844299
0.999802113 -0.008403839 -0.018030465 -0.661312103 0.008134498 0.999854982 -0.014959769 -0.177299559 0.018153571 0.014810140 0.999725521 51.234828949
0.999732316 -0.012900608 -0.019204542 -0.682087421 0.012638771 0.999826372 -0.013693573 -0.185803607 0.019377863 0.013447186 0.999721825 52.392715454
0.999709129 -0.010517277 -0.021704851 -0.711387336 0.010166841 0.999817193 -0.016193204 -0.197847828 0.021871191 0.015967824 0.999633253 53.548065186
0.999693573 -0.007580718 -0.023563435 -0.749608040 0.007131376 0.999792218 -0.019095382 -0.208009094 0.023703296 0.018921491 0.999539971 54.724281311
0.999655664 0.005176193 -0.025724977 -0.803925931 -0.005676544 0.999795377 -0.019415207 -0.221041724 0.025619218 0.019554552 0.999480486 55.905395508
0.999555230 0.011744071 -0.027411491 -0.857057631 -0.012364364 0.999668777 -0.022570238 -0.240535200 0.027137347 0.022899127 0.999369383 57.092399597
0.999434292 0.016900558 -0.029077826 -0.903026819 -0.017685259 0.999480486 -0.026944080 -0.257453263 0.028607350 0.027443085 0.999213934 58.266788483
0.999294698 0.019669563 -0.031987552 -0.946334362 -0.020435249 0.999508142 -0.023788938 -0.277200013 0.031503901 0.024425833 0.999205112 59.464012146
0.999408126 0.008282469 -0.033388890 -0.977950633 -0.008877938 0.999803483 -0.017725712 -0.297226071 0.033235516 0.018011644 0.999285221 60.660018921
0.999355912 -0.001476442 -0.035855636 -1.001124740 0.000938134 0.999886692 -0.015025403 -0.315256596 0.035873756 0.014982088 0.999244034 61.863700867
0.999246120 -0.008611689 -0.037855960 -1.032056689 0.008002623 0.999836564 -0.016211253 -0.332914412 0.037989382 0.015896084 0.999151707 63.053501129
0.999117374 -0.014616651 -0.039380312 -1.068027973 0.013884793 0.999726951 -0.018794218 -0.345695972 0.039644267 0.018230842 0.999047518 64.252792358
0.999155521 -0.006270834 -0.040606674 -1.125827551 0.005614616 0.999852121 -0.016254269 -0.360387802 0.040702596 0.016012553 0.999042988 65.461914062
0.999161422 0.003227793 -0.040816754 -1.199014306 -0.003884058 0.999864280 -0.016009267 -0.375824451 0.040759541 0.016154377 0.999038398 66.689910889
0.999122858 0.011299720 -0.040321965 -1.268342018 -0.012027627 0.999768257 -0.017855657 -0.391328305 0.040110853 0.018324973 0.999027193 67.914405823
0.998996675 0.019281242 -0.040421423 -1.336254239 -0.020030899 0.999633253 -0.018223794 -0.398355901 0.040055219 0.019015187 0.999016523 69.153373718
0.998860300 0.023144104 -0.041743405 -1.403013229 -0.023792364 0.999602854 -0.015100249 -0.408668756 0.041377347 0.016076213 0.999014258 70.394157410
0.998883963 0.021168714 -0.042222567 -1.471602678 -0.021730790 0.999680638 -0.012897911 -0.421637207 0.041936051 0.013801047 0.999024987 71.637985229
0.998875022 0.019405345 -0.043268275 -1.527389646 -0.019992782 0.999713182 -0.013185459 -0.434268475 0.042999998 0.014035678 0.998976469 72.893005371
0.998884439 0.014996134 -0.044777639 -1.581614494 -0.015759191 0.999735713 -0.016736913 -0.441359639 0.044514816 0.017423902 0.998856783 74.160057068
0.998771310 0.011123713 -0.048291925 -1.636179090 -0.011981460 0.999774933 -0.017508714 -0.450130254 0.048086293 0.018065808 0.998679817 75.439071655
0.998664320 0.005257912 -0.051399607 -1.704078674 -0.006204709 0.999813676 -0.018278126 -0.469509482 0.051293928 0.018572630 0.998510897 76.737792969
0.998497665 0.000834757 -0.054787472 -1.774814487 -0.001754970 0.999858141 -0.016750084 -0.478060484 0.054765720 0.016821072 0.998357534 78.041549683
0.998273551 -0.000428001 -0.058734685 -1.846594453 -0.000422817 0.999895155 -0.014472595 -0.488814414 0.058734722 0.014472444 0.998168707 79.325294495
0.998007894 -0.000510568 -0.063086815 -1.927476168 -0.000117236 0.999950528 -0.009947330 -0.495441586 0.063088775 0.009934911 0.997958481 80.645431519
0.997782290 0.000205724 -0.066562019 -2.000726223 -0.000660160 0.999976635 -0.006805339 -0.504943073 0.066559061 0.006834188 0.997759104 81.892791748
0.997541726 0.002574711 -0.070027456 -2.089163542 -0.003124094 0.999965191 -0.007736865 -0.503550351 0.070005096 0.007936618 0.997515082 83.205139160
0.997480989 0.003660314 -0.070839852 -2.189661980 -0.004439295 0.999931395 -0.010842050 -0.510480821 0.070795305 0.011129218 0.997428775 84.468498230
0.997383058 0.004953970 -0.072128087 -2.293546438 -0.006008091 0.999878168 -0.014404956 -0.510456562 0.072047941 0.014800612 0.997291327 85.799224854
0.997388899 0.003266602 -0.072144009 -2.411872625 -0.004365357 0.999876797 -0.015077613 -0.523782492 0.072085872 0.015353178 0.997280240 87.121948242
0.997341573 0.000954200 -0.072862379 -2.520820618 -0.002122859 0.999870300 -0.015963508 -0.532564819 0.072837695 0.016075745 0.997214258 88.458129883
0.997250795 -0.001621632 -0.074082516 -2.609318733 0.000383449 0.999860048 -0.016724735 -0.548239470 0.074099265 0.016650349 0.997111857 89.820426941
0.997238576 -0.001755851 -0.074243657 -2.733706474 0.000494591 0.999855340 -0.017003085 -0.560597599 0.074262775 0.016919414 0.997095168 91.165290833
0.997181416 -0.002742660 -0.074978083 -2.831428289 0.001465008 0.999852896 -0.017090021 -0.575028121 0.075013928 0.016932007 0.997038722 92.527992249
0.997145355 -0.003182899 -0.075438440 -2.935927868 0.001910835 0.999854863 -0.016928462 -0.587801933 0.075481370 0.016735988 0.997006774 93.898902893
0.997062981 -0.004863607 -0.076431237 -3.044979095 0.003627192 0.999860466 -0.016307335 -0.604437530 0.076499879 0.015982209 0.996941507 95.260314941
0.997006536 -0.006147265 -0.077072613 -3.154005289 0.005088574 0.999890089 -0.013925143 -0.619889021 0.077149741 0.013491268 0.996928215 96.635215759
0.996958256 -0.009098049 -0.077404745 -3.255502701 0.008230960 0.999899864 -0.011513698 -0.626625717 0.077501744 0.010841561 0.996933281 98.015510559
0.996905088 -0.010740867 -0.077877097 -3.360128164 0.009905853 0.999889314 -0.011100597 -0.634833276 0.077987708 0.010294802 0.996901155 99.403892517
0.996882796 -0.013447041 -0.077742010 -3.475627184 0.012597374 0.999855578 -0.011409447 -0.645740449 0.077884205 0.010394537 0.996908247 100.778533936
0.996929467 -0.013340192 -0.077160075 -3.603883743 0.012531017 0.999861419 -0.010961662 -0.656256020 0.077295609 0.009961110 0.996958435 102.131401062
0.996954620 -0.014002268 -0.076716796 -3.733610392 0.013114837 0.999841273 -0.012059279 -0.669506431 0.076873481 0.011016425 0.996980011 103.498832703
0.996988416 -0.012756471 -0.076494068 -3.851467848 0.011710351 0.999831915 -0.014108827 -0.682267368 0.076661184 0.013170565 0.996970236 104.897125244
0.997042656 -0.011505279 -0.075983830 -3.974547625 0.010527802 0.999856770 -0.013252340 -0.702762663 0.076125413 0.012413207 0.997020960 106.270729065
0.997096419 -0.010192921 -0.075463839 -4.093764782 0.009253302 0.999875367 -0.012790456 -0.713659465 0.075584807 0.012055029 0.997066498 107.663581848
0.997113705 -0.009372456 -0.075341985 -4.209173203 0.008485125 0.999890924 -0.012088866 -0.722291410 0.075447068 0.011414687 0.997084498 109.075721741
0.997060299 -0.008984329 -0.076092519 -4.316431046 0.008283241 0.999920309 -0.009524229 -0.732163072 0.076172024 0.008865938 0.997055292 110.496139526
0.997036219 -0.008254275 -0.076489538 -4.429841042 0.007380745 0.999904335 -0.011695916 -0.735178590 0.076578766 0.011096702 0.997001767 111.902160645
0.996993184 -0.008373396 -0.077035822 -4.535495758 0.007086983 0.999831080 -0.016957145 -0.753373682 0.077164799 0.016360207 0.996884108 113.314056396
0.996917903 -0.007024473 -0.078137107 -4.657073021 0.005556615 0.999804258 -0.018987268 -0.768934429 0.078255191 0.018494569 0.996761799 114.739082336
0.996804476 -0.006935082 -0.079578653 -4.773913860 0.005570728 0.999833882 -0.017353943 -0.788590193 0.079685785 0.016855177 0.996677518 116.176231384
0.996693671 -0.006583467 -0.080983527 -4.896318436 0.005302560 0.999857605 -0.016021797 -0.810560107 0.081077471 0.015539404 0.996586680 117.617073059
0.996567905 -0.005949567 -0.082565360 -5.017166615 0.004383707 0.999807358 -0.019133437 -0.830791831 0.082663283 0.018705826 0.996401966 119.052673340
0.996454775 -0.005629825 -0.083941542 -5.143069267 0.003811085 0.999754846 -0.021811260 -0.854256094 0.084043756 0.021414027 0.996231973 120.491455078
0.996323168 -0.006950644 -0.085392103 -5.266336918 0.005118458 0.999752343 -0.021656387 -0.872674346 0.085521482 0.021139683 0.996112049 121.951164246
0.996193528 -0.007024808 -0.086885907 -5.395696640 0.005102722 0.999737740 -0.022324303 -0.897433758 0.087019950 0.021795971 0.995968103 123.405731201
0.996045768 -0.009693830 -0.088310912 -5.519701958 0.007598829 0.999682367 -0.024028398 -0.921902001 0.088515796 0.023262326 0.995803118 124.860809326
0.995944500 -0.009388669 -0.089478321 -5.652554035 0.007356772 0.999708116 -0.023011077 -0.943477869 0.089668252 0.022259485 0.995722890 126.323478699
0.995855153 -0.010504717 -0.090344824 -5.786466599 0.008827958 0.999781668 -0.018939165 -0.965524733 0.090524048 0.018063106 0.995730460 127.786407471
0.995768309 -0.011419420 -0.091186717 -5.916557789 0.009950033 0.999813497 -0.016552437 -0.984452903 0.091358729 0.015575082 0.995696247 129.258575439
0.995724797 -0.012989542 -0.091451637 -6.063216686 0.011302072 0.999756634 -0.018945826 -0.998694956 0.091675475 0.017831236 0.995629251 130.730148315
0.995667696 -0.013525799 -0.091994226 -6.204473972 0.011540745 0.999689698 -0.022075897 -1.019128919 0.092264272 0.020918574 0.995514810 132.195892334
0.995596409 -0.014564754 -0.092604823 -6.345883846 0.012547363 0.999671936 -0.022330001 -1.037916422 0.092899673 0.021069722 0.995452523 133.688003540
0.995548189 -0.015120599 -0.093033053 -6.488850594 0.013426495 0.999732971 -0.018808778 -1.059143543 0.093292609 0.017475938 0.995485365 135.173187256
0.995470881 -0.016602868 -0.093606070 -6.628037930 0.015140046 0.999752223 -0.016316038 -1.082807064 0.093853772 0.014824939 0.995475590 136.669952393
0.995382845 -0.018184099 -0.094246089 -6.772183895 0.016618544 0.999711037 -0.017369747 -1.092575312 0.094534710 0.015723316 0.995397389 138.177764893
0.995315433 -0.018578880 -0.094878942 -6.911725521 0.016812356 0.999670744 -0.019384332 -1.121293664 0.095207840 0.017698387 0.995300055 139.659103394
0.995317936 -0.018119890 -0.094941437 -7.057208061 0.016398914 0.999687314 -0.018875759 -1.148526788 0.095253780 0.017230446 0.995303869 141.163513184
0.995323122 -0.016590420 -0.095166497 -7.208966732 0.014965317 0.999730170 -0.017764844 -1.174070716 0.095435545 0.016257562 0.995302856 142.661743164
0.995303214 -0.015417442 -0.095570803 -7.366217613 0.013787407 0.999748409 -0.017692761 -1.199005246 0.095819533 0.016291989 0.995265365 144.168823242
0.995293260 -0.014170300 -0.095867060 -7.516887188 0.012492998 0.999758601 -0.018073814 -1.223776340 0.096100025 0.016791079 0.995230019 145.670288086
0.995195568 -0.012152148 -0.097149678 -7.660263062 0.010597513 0.999807656 -0.016502511 -1.241504312 0.097331531 0.015393682 0.995132983 147.184005737
0.995109737 -0.011512225 -0.098102517 -7.809121132 0.010023923 0.999827266 -0.015650297 -1.263186812 0.098265737 0.014590391 0.995053232 148.702560425
0.995075464 -0.009176658 -0.098694734 -7.961209774 0.007414391 0.999806762 -0.018207723 -1.281347632 0.098842740 0.017386297 0.994951189 150.234283447
0.995036006 -0.008282727 -0.099170022 -8.111629486 0.006416011 0.999796450 -0.019127546 -1.297116041 0.099308260 0.018396322 0.994886637 151.770965576
0.994985878 -0.006593973 -0.099797860 -8.260091782 0.004926557 0.999844313 -0.016945170 -1.320314407 0.099894062 0.016368544 0.994863451 153.287887573
0.994953752 -0.006472940 -0.100125633 -8.410366058 0.004911200 0.999862552 -0.015836434 -1.341667175 0.100214377 0.015264783 0.994848788 154.826873779
0.995025218 -0.004754004 -0.099509999 -8.579666138 0.003010203 0.999839425 -0.017666690 -1.359304190 0.099578008 0.017279258 0.994879723 156.360076904
0.995011389 -0.005850511 -0.099589877 -8.724315643 0.003935113 0.999803722 -0.019418444 -1.382178545 0.099683933 0.018929677 0.994839072 157.905929565
0.995040834 -0.005657745 -0.099306509 -8.877230644 0.003554993 0.999765992 -0.021338556 -1.404443264 0.099403992 0.020879699 0.994828045 159.446731567
0.995072782 -0.006599386 -0.098927304 -9.025673866 0.004613786 0.999783576 -0.020286661 -1.426083326 0.099039771 0.019730275 0.994887829 161.005508423
0.995104790 -0.008060941 -0.098496169 -9.181802750 0.006319811 0.999818444 -0.017976372 -1.458559752 0.098623194 0.017265895 0.994975030 162.550094604
0.995105147 -0.009817963 -0.098333076 -9.334476471 0.008163941 0.999818563 -0.017208878 -1.475249529 0.098484188 0.016321857 0.995004773 164.113510132
0.995144784 -0.010154323 -0.097896330 -9.491374016 0.008601255 0.999830604 -0.016273424 -1.500337839 0.098044991 0.015352383 0.995063543 165.669616699
0.995196521 -0.009842774 -0.097401202 -9.647402763 0.008207846 0.999818861 -0.017171979 -1.523563385 0.097552575 0.016290041 0.995097041 167.205902100
0.995231628 -0.009070468 -0.097116984 -9.799553871 0.007471143 0.999830663 -0.016819037 -1.541805983 0.097253099 0.016013263 0.995130837 168.755447388
0.995312691 -0.008148883 -0.096364945 -9.958228111 0.006711173 0.999861419 -0.015234156 -1.565219522 0.096475728 0.014516027 0.995229483 170.308685303
0.995354056 -0.008922840 -0.095867977 -10.119845390 0.007492428 0.999855340 -0.015270281 -1.590422511 0.095990360 0.014481052 0.995276928 171.862319946
0.995379806 -0.010849005 -0.095401213 -10.278279305 0.009450680 0.999841392 -0.015096960 -1.613868117 0.095549867 0.014125602 0.995324433 173.404968262
0.995384991 -0.011921813 -0.095218346 -10.438610077 0.010675829 0.999850750 -0.013584283 -1.638584852 0.095366083 0.012505057 0.995363712 174.947784424
0.995381951 -0.012089387 -0.095229298 -10.586171150 0.010995567 0.999867499 -0.012002564 -1.655763745 0.095361784 0.010900036 0.995383024 176.505218506
0.995404482 -0.011550413 -0.095060550 -10.734059334 0.010440242 0.999871492 -0.012167660 -1.668921471 0.095188871 0.011119288 0.995397151 178.046295166
0.995419800 -0.011394069 -0.094919130 -10.883468628 0.010200384 0.999862790 -0.013051544 -1.686346889 0.095054813 0.012023553 0.995399415 179.590972900
0.995425880 -0.010863093 -0.094917670 -11.035882950 0.009752136 0.999878526 -0.012160481 -1.700558543 0.095038235 0.011179207 0.995410860 181.139038086
0.995445192 -0.010662873 -0.094737403 -11.185950279 0.009497614 0.999873698 -0.012742302 -1.717316628 0.094861314 0.011784485 0.995420754 182.682678223
0.995446801 -0.009830696 -0.094810680 -11.335287094 0.008474559 0.999856114 -0.014695695 -1.732242703 0.094941504 0.013825303 0.995386839 184.231231689
0.995462775 -0.009088055 -0.094716787 -11.486374855 0.007536130 0.999831676 -0.016729744 -1.758683920 0.094852880 0.015940038 0.995363653 185.782119751
0.995462954 -0.009228542 -0.094701245 -11.636824608 0.007724612 0.999838352 -0.016235115 -1.783734798 0.094835766 0.015429925 0.995373368 187.324035645
0.995467901 -0.011240067 -0.094431594 -11.782885551 0.010285568 0.999891043 -0.010588503 -1.802973390 0.094540320 0.009569232 0.995475054 188.862655640
0.995446324 -0.012917524 -0.094444603 -11.928842545 0.012245836 0.999895453 -0.007688127 -1.816633224 0.094534039 0.006496564 0.995500445 190.398986816
0.995373726 -0.016008850 -0.094735622 -12.070344925 0.015404752 0.999856114 -0.007104628 -1.824391484 0.094835728 0.005612382 0.995477140 191.929077148
