1.000000000 0.000000000 0.000000000 0.000000000 0.000000000 1.000000000 0.000000000 0.000000000 0.000000000 0.000000000 1.000000000 0.000000000
0.999995232 -0.001026781 0.002907324 -0.000900221 0.001023335 0.999998748 0.001186791 0.013453772 -0.002908539 -0.001183811 0.999995053 0.825530350
0.999978960 -0.000992439 0.006411059 -0.002616659 0.000953122 0.999980748 0.006132724 0.017162582 -0.006417022 -0.006126484 0.999960661 1.663821936
0.999957323 -0.000260216 0.009235648 0.006782830 0.000158470 0.999939322 0.011015639 0.023581054 -0.009237953 -0.011013705 0.999896646 2.509600639
0.999931395 -0.000115291 0.011712310 0.013963874 0.000001140 0.999952495 0.009745733 0.039560683 -0.011712877 -0.009745051 0.999883890 3.350975513
0.999895751 -0.000270629 0.014435964 0.025731241 0.000164149 0.999972761 0.007376712 0.055630967 -0.014437567 -0.007373573 0.999868572 4.191610336
0.999855816 0.000120413 0.016981076 0.040561959 -0.000209758 0.999986172 0.005259767 0.067920916 -0.016980208 -0.005262570 0.999841988 5.045262337
0.999798179 0.001495994 0.020033160 0.044645540 -0.001626194 0.999977648 0.006484479 0.080953367 -0.020023011 -0.006515748 0.999778271 5.897165775
0.999744236 0.000915254 0.022595808 0.063197650 -0.001114748 0.999960482 0.008817796 0.091456577 -0.022586845 -0.008840729 0.999705791 6.758178234
0.999695837 0.000961943 0.024642905 0.092304960 -0.001233734 0.999938548 0.011016358 0.103103727 -0.024630794 -0.011043410 0.999635637 7.636767387
0.999632537 0.002785768 0.026963759 0.109775893 -0.003086736 0.999933302 0.011126786 0.118991628 -0.026930965 -0.011205927 0.999574482 8.502458572
0.999579370 0.003455119 0.028794535 0.136191830 -0.003756298 0.999938726 0.010412069 0.131745279 -0.028756795 -0.010515851 0.999531150 9.377365112
0.999530554 0.002790403 0.030510068 0.160881683 -0.003085000 0.999949038 0.009612927 0.145070612 -0.030481689 -0.009702538 0.999488235 10.253991127
0.999466419 0.000982683 0.032647513 0.192014039 -0.001273096 0.999959826 0.008875806 0.159310609 -0.032637477 -0.008912634 0.999427497 11.124163628
0.999411464 0.000500794 0.034299530 0.225083098 -0.000805465 0.999960363 0.008869424 0.171519339 -0.034293730 -0.008891830 0.999372244 11.998434067
0.999362111 -0.000419192 0.035709981 0.263598740 0.000095762 0.999958992 0.009058348 0.180843189 -0.035712313 -0.009049150 0.999321163 12.869495392
0.999302030 -0.000559271 0.037352175 0.284986436 0.000179765 0.999948323 0.010162796 0.192504257 -0.037355926 -0.010148988 0.999250472 13.754884720
0.999238491 -0.000643121 0.039013136 0.317859411 0.000190207 0.999932587 0.011611880 0.208256379 -0.039017972 -0.011595617 0.999171197 14.625022888
0.999177217 -0.000923694 0.040546838 0.353671610 0.000426037 0.999924481 0.012280559 0.214982480 -0.040555123 -0.012253180 0.999102175 15.498801231
0.999125779 -0.000286626 0.041803692 0.390983790 -0.000175507 0.999938905 0.011050748 0.223316178 -0.041804306 -0.011048424 0.999064744 16.371868134
0.999035418 0.001450317 0.043888070 0.411669493 -0.001833493 0.999960542 0.008691778 0.240338430 -0.043873731 -0.008763863 0.998998642 17.248218536
0.998955905 0.004563417 0.045455877 0.440422535 -0.004979703 0.999946654 0.009049010 0.254870087 -0.045412157 -0.009265919 0.998925388 18.106378555
0.998902321 0.003653923 0.046699293 0.486661136 -0.004132748 0.999939859 0.010160932 0.261618346 -0.046659358 -0.010342775 0.998857319 18.962049484
0.998860061 0.003397416 0.047613878 0.522570550 -0.003836084 0.999951005 0.009124677 0.276080877 -0.047580548 -0.009296926 0.998824120 19.816169739
0.998826444 0.005011707 0.048173405 0.565918207 -0.005336016 0.999963939 0.006605876 0.287143201 -0.048138563 -0.006855177 0.998817146 20.664499283
0.998776555 0.005506066 0.049143564 0.596664310 -0.005771863 0.999969482 0.005268315 0.297416300 -0.049113054 -0.005545520 0.998777807 21.514991760
0.998781502 0.004934439 0.049103543 0.641362548 -0.005255590 0.999965608 0.006413308 0.312968016 -0.049070209 -0.006663561 0.998773098 22.353008270
0.998798788 0.004327016 0.048807997 0.680379450 -0.004807205 0.999941170 0.009725234 0.321376175 -0.048763044 -0.009948183 0.998760819 23.193897247
0.998831809 0.005678406 0.047987115 0.712837577 -0.006210129 0.999920905 0.010938730 0.331982404 -0.047921203 -0.011223958 0.998788059 24.030637741
0.998888493 0.006138935 0.046734814 0.756047904 -0.006641096 0.999921799 0.010597225 0.336649060 -0.046666104 -0.010895816 0.998851120 24.872167587
0.998939931 0.007120511 0.045478161 0.796560347 -0.007494281 0.999939501 0.008053448 0.349935859 -0.045418065 -0.008385737 0.998932898 25.707199097
0.998969257 0.007741868 0.044726584 0.824001491 -0.008135349 0.999929726 0.008622153 0.357624322 -0.044656690 -0.008977132 0.998962045 26.535009384
0.999003232 0.010773021 0.043318834 0.849583685 -0.011136978 0.999904633 0.008169286 0.367222816 -0.043226693 -0.008643583 0.999027908 27.367063522
0.999044001 0.012478759 0.041897178 0.881979585 -0.012842085 0.999882162 0.008413945 0.378483057 -0.041787244 -0.008943948 0.999086499 28.192083359
0.999080598 0.013182947 0.040794138 0.909944534 -0.013535189 0.999873340 0.008370472 0.384673774 -0.040678624 -0.008914933 0.999132514 29.012742996
0.999099970 0.015154621 0.039617319 0.933870554 -0.015546268 0.999833107 0.009596412 0.400170505 -0.039465275 -0.010203677 0.999168873 29.843206406
0.999113619 0.017581457 0.038247056 0.964548826 -0.018043455 0.999767959 0.011767801 0.414140046 -0.038031284 -0.012447479 0.999199033 30.654914856
0.999120295 0.019629693 0.037057832 0.985243857 -0.020146715 0.999704123 0.013630232 0.420542926 -0.036779307 -0.014364835 0.999220192 31.478076935
0.999121845 0.021019680 0.036245279 1.002269387 -0.021541957 0.999668777 0.014079658 0.430439413 -0.035937324 -0.014848088 0.999243736 32.280662537
0.999172926 0.021530315 0.034494568 1.031406999 -0.021999767 0.999669671 0.013288174 0.445916533 -0.034197073 -0.014036057 0.999316514 33.099056244
0.999228776 0.022115756 0.032446686 1.056513667 -0.022530256 0.999668419 0.012465262 0.460479438 -0.032160249 -0.013186680 0.999395728 33.887798309
0.999279082 0.022252990 0.030758683 1.066427946 -0.022630218 0.999672234 0.011970921 0.477017969 -0.030482212 -0.012658367 0.999455154 34.676174164
0.999363482 0.022304598 0.027841775 1.078421950 -0.022676624 0.999656796 0.013118711 0.483473331 -0.027539611 -0.013741719 0.999526262 35.455955505
0.999477983 0.021495083 0.024118546 1.102670670 -0.021850539 0.999655068 0.014572400 0.495304704 -0.023796991 -0.015091796 0.999602914 36.223182678
0.999558747 0.021645883 0.020340368 1.115430355 -0.021972707 0.999630809 0.015983984 0.507524073 -0.019986870 -0.016423864 0.999665320 36.979602814
0.999621570 0.021874156 0.016679965 1.122474790 -0.022142297 0.999625742 0.016063992 0.518649817 -0.016322337 -0.016427247 0.999731839 37.744499207
0.999648809 0.023299973 0.012622237 1.131958723 -0.023493597 0.999605119 0.015415270 0.529598236 -0.012258078 -0.015706398 0.999801517 38.482742310
0.999633491 0.025587313 0.008840959 1.125593901 -0.025714125 0.999563575 0.014540887 0.541690648 -0.008465039 -0.014762894 0.999855161 39.224845886
0.999620140 0.027002733 0.005519714 1.117177606 -0.027078567 0.999532998 0.014159403 0.552561283 -0.005134794 -0.014303490 0.999884486 39.953968048
0.999566138 0.029373197 0.002169526 1.114436388 -0.029400880 0.999468625 0.014074491 0.559974492 -0.001754961 -0.014132171 0.999898612 40.672328949
0.999570131 0.029311948 0.000557670 1.102100015 -0.029316887 0.999471724 0.014028238 0.567760170 -0.000146181 -0.014038557 0.999901474 41.386955261
0.999454498 0.033001538 -0.001279253 1.095337033 -0.032982666 0.999375224 0.012698459 0.585876763 0.001697522 -0.012649338 0.999918580 42.095832825
0.999439657 0.033384502 -0.002411386 1.090227365 -0.033354353 0.999376059 0.011616359 0.597518206 0.002797688 -0.011529420 0.999929607 42.792800903
0.999405265 0.034351882 -0.003010581 1.076466560 -0.034317493 0.999352455 0.010813168 0.601546943 0.003380084 -0.010703421 0.999936998 43.484233856
0.999388099 0.034838103 -0.003124051 1.078214526 -0.034807213 0.999349356 0.009450587 0.614518285 0.003451259 -0.009336064 0.999950469 44.149032593
0.999211013 0.039675105 -0.001810582 1.068403602 -0.039651282 0.999145031 0.011702654 0.628009200 0.002273338 -0.011621629 0.999929905 44.821098328
0.999166548 0.040815100 0.000625837 1.064834237 -0.040819898 0.999050021 0.015259298 0.638425887 -0.000002432 -0.015272126 0.999883354 45.497985840
0.999086380 0.042616207 0.003199026 1.052493334 -0.042668134 0.998918951 0.018447433 0.647858262 -0.002409408 -0.018567074 0.999824703 46.154960632
0.999045193 0.043411627 0.004913990 1.057996869 -0.043500073 0.998860955 0.019609341 0.655216813 -0.004057120 -0.019804377 0.999795616 46.800182343
0.998925269 0.045733947 0.007527350 1.052838445 -0.045865893 0.998778045 0.018404564 0.668790221 -0.006676438 -0.018730031 0.999802291 47.435741425
0.998789966 0.048321690 0.009141807 1.056434631 -0.048460957 0.998701990 0.015680891 0.684964299 -0.008372215 -0.016104937 0.999835253 48.072349548
0.998708606 0.049647231 0.010783684 1.061664581 -0.049811013 0.998638511 0.015491034 0.697781444 -0.009999915 -0.016008174 0.999821842 48.696376801
0.998731434 0.048741523 0.012640361 1.070041180 -0.048929311 0.998689651 0.014998674 0.707074106 -0.011892739 -0.015598132 0.999807596 49.306545258
0.998763442 0.047587760 0.014386844 1.081786036 -0.047802273 0.998744905 0.014953355 0.715288639 -0.013657190 -0.015622588 0.999784708 49.924251556
0.998831511 0.045674834 0.015793229 1.095049262 -0.045894783 0.998850167 0.013856345 0.723880470 -0.015142182 -0.014564980 0.999779284 50.522987366
0.998895705 0.043398913 0.017997593 1.100172162 -0.043597072 0.998991191 0.010767921 0.732945502 -0.017512120 -0.011540673 0.999780059 51.127262115
0.998951554 0.041541606 0.019237177 1.116923213 -0.041673694 0.999110043 0.006516893 0.738677621 -0.018949334 -0.007311744 0.999793708 51.714191437
0.998885930 0.042018238 0.021480342 1.116775036 -0.042090509 0.999109507 0.002923353 0.748770595 -0.021338381 -0.003824215 0.999764979 52.308609009
0.998939574 0.039428912 0.023771625 1.138696790 -0.039480455 0.999218881 0.001702706 0.765116751 -0.023685921 -0.002639415 0.999715984 52.928474426
0.999058902 0.035677671 0.024666989 1.164341927 -0.035801455 0.999348342 0.004594672 0.772454023 -0.024486989 -0.005473461 0.999685168 53.522514343
0.999165118 0.031405445 0.026129682 1.171318531 -0.031589177 0.999478817 0.006648568 0.780133545 -0.025907263 -0.007468432 0.999636471 54.107833862
0.999276400 0.027677445 0.026088521 1.190689802 -0.027909882 0.999573529 0.008587930 0.775271058 -0.025839703 -0.009309844 0.999622762 54.704029083
0.999342918 0.027072998 0.024099039 1.204611778 -0.027270863 0.999596715 0.007919955 0.778689802 -0.023874903 -0.008571953 0.999678195 55.263462067
0.999556899 0.022149552 0.019885022 1.224998474 -0.022232568 0.999744952 0.003963458 0.786153078 -0.019792162 -0.004403797 0.999794424 55.836231232
0.999686360 0.019207465 0.016071128 1.228868604 -0.019236222 0.999813616 0.001636680 0.793035686 -0.016036697 -0.001945315 0.999869525 56.399730682
0.999819279 0.016353551 0.009691812 1.238172770 -0.016352618 0.999866247 -0.000175567 0.797209084 -0.009693387 0.000017049 0.999953032 56.974643707
0.999940932 0.010807726 0.001134308 1.253147721 -0.010804876 0.999938548 -0.002489268 0.792183995 -0.001161141 0.002476865 0.999996245 57.549797058
0.999947309 0.005999452 -0.008330286 1.257475495 -0.006036275 0.999972105 -0.004402231 0.796884716 0.008303642 0.004452283 0.999955595 58.133647919
0.999812901 0.005361216 -0.018586019 1.220411181 -0.005389005 0.999984443 -0.001445404 0.796896517 0.018577980 0.001545293 0.999826193 58.687217712
0.999540150 0.004652184 -0.029964460 1.205125928 -0.004587403 0.999987006 0.002230280 0.800659299 0.029974446 -0.002091795 0.999548495 59.273876190
0.999168813 0.003316325 -0.040629081 1.170339584 -0.003134175 0.999984741 0.004546138 0.808440745 0.040643539 -0.004415020 0.999163985 59.850437164
0.998650253 0.000545687 -0.051936638 1.135768533 -0.000063064 0.999956787 0.009293707 0.806618273 0.051939465 -0.009277888 0.998607159 60.440753937
0.998052001 0.002110502 -0.062351473 1.089078546 -0.001330332 0.999920368 0.012551324 0.817857563 0.062372994 -0.012443926 0.997975349 61.035411835
0.997350633 0.007288312 -0.072377935 1.030697703 -0.006262907 0.999876916 0.014384217 0.838537574 0.072473861 -0.013892812 0.997273564 61.635581970
0.996489882 0.009914731 -0.083124332 0.969505847 -0.008699571 0.999850154 0.014968064 0.857455075 0.083260283 -0.014192378 0.996426761 62.248310089
0.995557547 0.005514776 -0.093993105 0.913169205 -0.003985576 0.999856770 0.016449252 0.871270835 0.094070353 -0.016001562 0.995436966 62.873867035
0.994632483 0.005315620 -0.103334263 0.829289854 -0.003656756 0.999861479 0.016236197 0.880917013 0.103406250 -0.015771180 0.994514167 63.493648529
0.993436575 0.005782209 -0.114238255 0.749669552 -0.004334770 0.999907196 0.012914701 0.895551682 0.114302330 -0.012334740 0.993369460 64.116714478
0.992086768 0.008720300 -0.125250861 0.655014694 -0.007424422 0.999913990 0.010809345 0.912382185 0.125334352 -0.009793893 0.992066205 64.762084961
0.990707040 0.009772647 -0.135661587 0.548063278 -0.008385240 0.999906600 0.010794636 0.933094978 0.135754406 -0.009556767 0.990696430 65.420097351
0.989178598 0.008196061 -0.146487445 0.449936777 -0.006715770 0.999921322 0.010596956 0.944505811 0.146562770 -0.009498506 0.989155769 66.082626343
0.987899125 0.005576822 -0.154997498 0.346775949 -0.003977202 0.999935627 0.010628486 0.954991162 0.155046791 -0.009883416 0.987857699 66.755699158
0.986879647 0.004736156 -0.161387995 0.229783222 -0.003109982 0.999941826 0.010327305 0.977176607 0.161427513 -0.009689894 0.986837029 67.440147400
0.985945225 0.006810765 -0.166930109 0.103685573 -0.005446737 0.999947965 0.008627721 0.986584246 0.166980177 -0.007597236 0.985930979 68.130615234
0.985222578 0.010474819 -0.170958459 -0.028386906 -0.009367855 0.999929607 0.007280478 0.998951495 0.171022683 -0.005571377 0.985251367 68.830329895
0.984591126 0.011463464 -0.174496010 -0.166588783 -0.010751935 0.999929607 0.005022446 1.006309509 0.174541295 -0.003068886 0.984645069 69.535331726
0.983825386 0.011586927 -0.178755075 -0.299916089 -0.011717235 0.999931276 0.000326803 1.015995860 0.178746581 0.001772998 0.983893573 70.270637512
0.983381867 0.012387741 -0.181126133 -0.439935446 -0.013168759 0.999908447 -0.003110052 1.030926824 0.181071028 0.005443575 0.983454943 70.995185852
0.983054876 0.015626172 -0.182644188 -0.586321592 -0.016746553 0.999849200 -0.004593447 1.029638290 0.182544872 0.007574271 0.983168364 71.726531982
0.982916296 0.019191142 -0.183049887 -0.738854051 -0.020404084 0.999780536 -0.004745021 1.036362767 0.182918668 0.008398924 0.983092189 72.478050232
0.982870817 0.021398114 -0.183049306 -0.889027178 -0.022560686 0.999736369 -0.004270804 1.036524415 0.182909667 0.008327366 0.983094454 73.230773926
0.982709348 0.023343872 -0.183677584 -1.033350468 -0.024474008 0.999692917 -0.003887971 1.037272334 0.183530420 0.008316072 0.982978880 73.992279053
0.982724130 0.025861807 -0.183260605 -1.186582685 -0.026830988 0.999636054 -0.002810567 1.039251804 0.183121219 0.007679076 0.983060360 74.754852295
0.982790291 0.028373074 -0.182532638 -1.333832979 -0.029335674 0.999566317 -0.002575147 1.050702810 0.182380423 0.007885546 0.983196437 75.512809753
0.982930481 0.029654646 -0.181571633 -1.479651213 -0.030574849 0.999529898 -0.002270425 1.049657106 0.181418955 0.007783195 0.983375072 76.283302307
0.983229995 0.032470573 -0.179455876 -1.626929522 -0.033638339 0.999428034 -0.003467287 1.053226829 0.179240644 0.009445739 0.983759940 77.041687012
0.983462214 0.036036760 -0.177492186 -1.773271084 -0.037449285 0.999287903 -0.004613505 1.060145140 0.177199528 0.011184163 0.984111369 77.839385986
0.983873129 0.037394352 -0.174915299 -1.912023187 -0.038806159 0.999235928 -0.004656880 1.059268236 0.174607500 0.011369569 0.984572470 78.609230042
0.984516859 0.035907134 -0.171572745 -2.053564072 -0.037299018 0.999292135 -0.004894692 1.058923483 0.171275541 0.011218402 0.985159278 79.397354126
0.985011876 0.034564227 -0.168988019 -2.182209492 -0.035996739 0.999337196 -0.005419909 1.057590127 0.168688685 0.011421692 0.985603213 80.167236328
0.985507548 0.035836808 -0.165803045 -2.315196276 -0.037309635 0.999287069 -0.005775944 1.059237957 0.165477857 0.011878287 0.986141980 80.932006836
0.985921800 0.036813982 -0.163103923 -2.450345993 -0.038521457 0.999230981 -0.007317268 1.061280966 0.162709117 0.013497256 0.986581743 81.714385986
0.986315489 0.037698098 -0.160501018 -2.577454567 -0.039849207 0.999153614 -0.010203684 1.057204604 0.159980506 0.016459890 0.986982942 82.479309082
0.986586809 0.041381974 -0.157905146 -2.717699051 -0.044023354 0.998942435 -0.013265236 1.061182976 0.157189205 0.020038819 0.987365186 83.264678955
0.987293243 0.038565151 -0.154158384 -2.838267565 -0.042275030 0.998888254 -0.020858895 1.051121235 0.153182581 0.027110895 0.987825930 84.021202087
0.988011479 0.033684641 -0.150660917 -2.957531691 -0.037902724 0.998963296 -0.025212932 1.045196414 0.149655446 0.030621124 0.988263905 84.784347534
0.988513470 0.032163076 -0.147670656 -3.067778111 -0.035764374 0.999122500 -0.021796562 1.037056804 0.146840036 0.026827544 0.988796413 85.560516357
0.988884270 0.033182908 -0.144937307 -3.176345587 -0.035386939 0.999293566 -0.012654576 1.031858087 0.144415006 0.017642798 0.989359915 86.334922791
0.989291310 0.029212562 -0.143001139 -3.291075706 -0.029621441 0.999560893 -0.000730756 1.014423132 0.142917007 0.004958831 0.989722252 87.101623535
0.989669621 0.024538983 -0.141251251 -3.388590574 -0.024283914 0.999698877 0.003529472 1.011451483 0.141295314 -0.000062878 0.989967465 87.865966797
0.990139246 0.020199116 -0.138622761 -3.496025801 -0.020798972 0.999779522 -0.002879874 1.017119169 0.138534024 0.005734687 0.990341067 88.627326965
0.990311384 0.021160817 -0.137242809 -3.599791527 -0.022758793 0.999690115 -0.010084557 1.019384384 0.136986881 0.013110332 0.990486085 89.384452820
0.990528166 0.021636544 -0.135594323 -3.711001158 -0.023722123 0.999623537 -0.013784005 1.018629789 0.135245040 0.016870029 0.990668535 90.135169983
0.990565598 0.024109263 -0.134902015 -3.815634012 -0.025975598 0.999589443 -0.012091510 1.016080499 0.134555116 0.015481594 0.990785182 90.885604858
0.990601659 0.024937408 -0.134486005 -3.924134016 -0.026139116 0.999632537 -0.007177004 1.010789275 0.134257615 0.010624898 0.990889490 91.646446228
0.990648866 0.024336988 -0.134248137 -4.031967163 -0.024796929 0.999690950 -0.001754834 1.008978009 0.134163946 0.005067365 0.990946174 92.403045654
0.990534663 0.023377346 -0.135257632 -4.134968758 -0.023466125 0.999724209 0.000938127 1.014235020 0.135242254 0.002244725 0.990810037 93.161705017
0.990436733 0.019866526 -0.136529714 -4.239079475 -0.019546652 0.999802172 0.003683240 1.017249823 0.136575878 -0.000979318 0.990629137 93.924041748
0.990243673 0.016520683 -0.138363957 -4.343321800 -0.016373733 0.999863505 0.002200304 1.021790147 0.138381422 0.000086697 0.990378976 94.665191650
0.989957333 0.014121546 -0.140659451 -4.453697205 -0.014081053 0.999900043 0.001283195 1.028316259 0.140663505 0.000710324 0.990057230 95.423202515
0.989481986 0.013364259 -0.144037411 -4.566984653 -0.013753314 0.999903977 -0.001705675 1.037209511 0.144000784 0.003668726 0.989570796 96.191619873
0.989048362 0.011370488 -0.147153348 -4.683458328 -0.012054618 0.999920249 -0.003758116 1.045858622 0.147098884 0.005490836 0.989106536 96.955627441
0.988651872 0.010278553 -0.149872899 -4.804895878 -0.011235310 0.999921560 -0.005538450 1.048154116 0.149804205 0.007159467 0.988689780 97.729301453
0.988273859 0.008593657 -0.152449667 -4.919596195 -0.009786290 0.999927104 -0.007074494 1.048928857 0.152377769 0.008483455 0.988285899 98.512954712
0.988004088 0.009647159 -0.154126182 -5.046503067 -0.010888812 0.999914706 -0.007213928 1.052464843 0.154043436 0.008805641 0.988024831 99.296546936
0.987736702 0.011328879 -0.155717179 -5.175201893 -0.012256849 0.999912381 -0.005000432 1.052563429 0.155646876 0.006847713 0.987789035 100.090927124
0.987553954 0.012820399 -0.156757042 -5.303829193 -0.013498741 0.999903560 -0.003263473 1.052693486 0.156700090 0.005338878 0.987631798 100.880119324
0.987471640 0.009601865 -0.157504022 -5.436413288 -0.010274737 0.999941230 -0.003458394 1.056144595 0.157461554 0.005033379 0.987512290 101.676940918
0.987347424 0.005465968 -0.158477902 -5.557867527 -0.006348275 0.999967039 -0.005061684 1.057426214 0.158445016 0.006003702 0.987349570 102.470001221
0.987219214 0.008112323 -0.159161523 -5.694160461 -0.009398468 0.999928951 -0.007329671 1.057032466 0.159090757 0.008731866 0.987225354 103.260299683
0.987175167 0.009345237 -0.159367159 -5.827531338 -0.010737960 0.999911308 -0.007880163 1.057844162 0.159279376 0.009490379 0.987187922 104.049400330
0.986835063 0.011847918 -0.161295220 -5.960067749 -0.013074799 0.999893069 -0.006547117 1.058265328 0.161200404 0.008569827 0.986884475 104.840133667
0.986780763 0.012850335 -0.161550760 -6.091309071 -0.013763389 0.999894977 -0.004533940 1.054837346 0.161475524 0.006697490 0.986854017 105.627578735
0.986785948 0.012072007 -0.161578879 -6.226818562 -0.013506424 0.999878526 -0.007782016 1.050337553 0.161465302 0.009861537 0.986829102 106.403388977
0.986590683 0.013526279 -0.162652463 -6.361255169 -0.015747264 0.999799430 -0.012373239 1.048863649 0.162452474 0.014768654 0.986605823 107.185142517
0.986476362 0.014424281 -0.163267732 -6.489781857 -0.017093599 0.999742031 -0.014956233 1.048361063 0.163009882 0.017544804 0.986468434 107.960510254
0.986048639 0.017833333 -0.165499553 -6.629782200 -0.020230092 0.999713302 -0.012807487 1.046383262 0.165223703 0.015976876 0.986126721 108.769096375
0.985953510 0.017297458 -0.166121751 -6.762926579 -0.018653868 0.999804139 -0.006608267 1.041301966 0.165974915 0.009614257 0.986083090 109.550468445
0.985817194 0.016825162 -0.166977167 -6.892629147 -0.017529601 0.999842584 -0.002745698 1.039171100 0.166904688 0.005633800 0.985956967 110.338317871
0.985716581 0.016646164 -0.167588115 -7.027848244 -0.017004965 0.999855161 -0.000706030 1.041442990 0.167552084 0.003545775 0.985856831 111.113540649
0.985721886 0.017401237 -0.167480007 -7.158015251 -0.017594056 0.999845147 0.000332552 1.045581698 0.167459860 0.002618849 0.985875428 111.895629883
0.985549510 0.019763321 -0.168230608 -7.305088520 -0.019619640 0.999804378 0.002516354 1.053316355 0.168247432 0.000820632 0.985744476 112.685844421
0.985541642 0.019236593 -0.168337926 -7.456132412 -0.019149020 0.999814332 0.002143687 1.057919383 0.168347910 0.001110814 0.985727012 113.496101379
0.985537410 0.023840390 -0.167772561 -7.585763454 -0.024196176 0.999707222 -0.000076446 1.060566783 0.167721629 0.004134795 0.985825717 114.252189636
0.985753894 0.028870484 -0.165697917 -7.721858978 -0.029835012 0.999549270 -0.003334421 1.066542506 0.165526971 0.008230518 0.986170948 115.035888672
0.986179590 0.035447277 -0.161843568 -7.859253407 -0.036985006 0.999294698 -0.006497514 1.073487878 0.161499098 0.012393500 0.986795008 115.818473816
0.987102151 0.040624887 -0.154851571 -7.996056080 -0.042311177 0.999075532 -0.007608082 1.070400357 0.154399335 0.014061906 0.987908423 116.605979919
0.988169253 0.045952041 -0.146321282 -8.125623703 -0.047393639 0.998855889 -0.006379590 1.076142430 0.145860732 0.013238812 0.989216566 117.382400513
0.989580095 0.049705002 -0.135131806 -8.252745628 -0.050632615 0.998711467 -0.003434221 1.075857759 0.134786978 0.010240513 0.990821660 118.193931580
0.991042912 0.049908478 -0.123867363 -8.353726387 -0.050358288 0.998731077 -0.000501140 1.077788353 0.123685174 0.006734400 0.992298663 118.990936279
0.992458463 0.045899890 -0.113663666 -8.434710503 -0.046167381 0.998933673 0.000279226 1.076827288 0.113555282 0.004970433 0.993519247 119.788536072
0.993822932 0.041100718 -0.103085823 -8.514425278 -0.041478783 0.999138236 -0.001525630 1.080294132 0.102934279 0.005792080 0.994671285 120.577568054
0.995029330 0.035926122 -0.092875719 -8.579813004 -0.036478132 0.999325395 -0.004252221 1.081916213 0.092660300 0.007619018 0.995668650 121.392242432
0.995956063 0.033252351 -0.083461158 -8.645539284 -0.033922266 0.999402523 -0.006621117 1.080792904 0.083191119 0.009425533 0.996489048 122.195976257
0.996767998 0.028559720 -0.075086132 -8.699872971 -0.029237194 0.999540985 -0.007938730 1.079366207 0.074824937 0.010108379 0.997145474 123.006408691
0.997446954 0.021623958 -0.068058461 -8.744169235 -0.022250300 0.999716640 -0.008458363 1.086250663 0.067856275 0.009951090 0.997645497 123.819526672
0.997873843 0.016728083 -0.062992111 -8.779078484 -0.017355684 0.999804914 -0.009429153 1.076916218 0.062822089 0.010502376 0.997969508 124.622596741
0.998192668 0.015022534 -0.058187123 -8.831990242 -0.015858890 0.999777079 -0.013938527 1.067014456 0.057964761 0.014836118 0.998208404 125.436271667
0.998321176 0.011667425 -0.056733485 -8.869248390 -0.012863674 0.999701619 -0.020766141 1.068118930 0.056474268 0.021461081 0.998173356 126.250564575
0.998430669 0.006936080 -0.055570573 -8.907846451 -0.008023105 0.999780357 -0.019362003 1.066311240 0.055424072 0.019777466 0.998266995 127.076820374
0.998535514 0.007115419 -0.053630151 -8.955325127 -0.007641999 0.999924541 -0.009620058 1.060815930 0.053557653 0.010015812 0.998514533 127.916358948
0.998612940 0.007982303 -0.052043200 -9.006704330 -0.008083432 0.999965847 -0.001732958 1.054570079 0.052027591 0.002151242 0.998643339 128.755599976
0.998624504 0.008330756 -0.051765654 -9.046569824 -0.008451527 0.999962032 -0.002114564 1.051023364 0.051746074 0.002549154 0.998657048 129.596176147
0.998679221 0.005757189 -0.051055208 -9.087563515 -0.006212276 0.999942362 -0.008759414 1.059496760 0.051001832 0.009065013 0.998657405 130.443695068
0.998718560 0.005558891 -0.050302256 -9.135850906 -0.006155707 0.999912381 -0.011717473 1.063128114 0.050232712 0.012012105 0.998665273 131.290618896
0.998745859 0.007526077 -0.049498122 -9.180977821 -0.007920456 0.999938369 -0.007776240 1.066691160 0.049436547 0.008158536 0.998743951 132.144851685
0.998857796 0.005214086 -0.047495961 -9.226249695 -0.005213697 0.999986410 0.000132080 1.068611503 0.047496006 0.000115700 0.998871446 133.012954712
0.998889983 0.005416672 -0.046792008 -9.262269974 -0.005219712 0.999976993 0.004330441 1.066482186 0.046814390 -0.004081393 0.998895288 133.869781494
0.998991013 0.007034125 -0.044355985 -9.310904503 -0.006958023 0.999974072 0.001869876 1.072162271 0.044367988 -0.001559359 0.999014020 134.722808838
0.999020398 0.009316351 -0.043260198 -9.343359947 -0.009409571 0.999953806 -0.001951720 1.083030820 0.043240014 0.002356868 0.999061942 135.584945679
0.999120831 0.009359443 -0.040865704 -9.384918213 -0.009546466 0.999944806 -0.004383788 1.085785747 0.040822420 0.004770057 0.999155045 136.445724487
0.999244928 0.008796369 -0.037844464 -9.414969444 -0.008921503 0.999955297 -0.003138938 1.086798310 0.037815161 0.003474197 0.999278724 137.300094604
0.999307394 0.014579467 -0.034237813 -9.453548431 -0.014598927 0.999893367 -0.000318448 1.086745620 0.034229521 0.000818063 0.999413669 138.169174194
0.999401689 0.017843071 -0.029628994 -9.481105804 -0.017813627 0.999840558 0.001257460 1.092082739 0.029646706 -0.000728908 0.999560177 139.018249512
0.999566853 0.016815290 -0.024152355 -9.503832817 -0.016863532 0.999856174 -0.001795179 1.087286949 0.024118695 0.002201695 0.999706686 139.868560791
0.999691725 0.017223533 -0.017884232 -9.521421432 -0.017351424 0.999824822 -0.007020677 1.094547510 0.017760178 0.007328829 0.999815404 140.732406616
0.999813318 0.015749235 -0.011193343 -9.521417618 -0.015855771 0.999829233 -0.009493624 1.096202970 0.011041913 0.009669331 0.999892294 141.582305908
0.999963641 0.008176435 -0.002428622 -9.518474579 -0.008194256 0.999938905 -0.007420921 1.094481111 0.002367797 0.007440552 0.999969542 142.427917480
0.999951839 0.007004419 0.006870771 -9.509192467 -0.007001307 0.999975383 -0.000476879 1.086992145 -0.006873942 0.000428752 0.999976277 143.266448975
0.999795973 0.009686260 0.017724846 -9.512567520 -0.009683090 0.999953091 -0.000264622 1.090617061 -0.017726576 0.000092937 0.999842882 144.137710571
0.999563336 0.007949497 0.028459450 -9.483626366 -0.007766167 0.999948442 -0.006546541 1.086976290 -0.028510023 0.006322661 0.999573529 144.973449707
0.999116898 0.009665166 0.040890433 -9.457098961 -0.008957394 0.999807477 -0.017456932 1.085292935 -0.041051283 0.017075242 0.999011099 145.803741455
0.998465061 0.015567574 0.053152874 -9.420141220 -0.014311213 0.999611080 -0.023936110 1.081381917 -0.053504828 0.023138687 0.998299479 146.627090454
0.997652471 0.017534506 0.066197097 -9.369630814 -0.016270574 0.999675810 -0.019584578 1.072209358 -0.066519037 0.018461538 0.997614324 147.459945679
0.996663392 0.019150956 0.079343244 -9.306828499 -0.018165484 0.999748886 -0.013123638 1.063923001 -0.079574645 0.011638541 0.996760964 148.292236328
0.995381474 0.023375509 0.093109131 -9.231350899 -0.022673996 0.999706030 -0.008585207 1.053218961 -0.093282446 0.006434400 0.995618880 149.122741699
0.993977308 0.020559706 0.107640184 -9.137100220 -0.020004269 0.999780416 -0.006237462 1.053612590 -0.107744791 0.004046632 0.994170368 149.938858032
0.992469728 0.017437052 0.121242531 -9.030594826 -0.016630733 0.999832392 -0.007659274 1.050697207 -0.121355757 0.005585246 0.992593348 150.752059937
0.990655482 0.018411508 0.135139525 -8.915131569 -0.016742337 0.999768972 -0.013477661 1.041053414 -0.135356456 0.011089168 0.990734935 151.559600830
0.988599598 0.021089638 0.149084032 -8.794871330 -0.017863367 0.999577105 -0.022946803 1.040341854 -0.149504930 0.020022059 0.988558233 152.371520996
0.986366570 0.021770608 0.163116693 -8.662529945 -0.018221265 0.999564230 -0.023224315 1.037057400 -0.163551211 0.019935496 0.986333430 153.182220459
0.983963132 0.021479487 0.177074119 -8.516139984 -0.019221764 0.999710739 -0.014455909 1.031717896 -0.177333400 0.010820405 0.984091341 154.022323608
0.981288552 0.022029864 0.191278532 -8.354644775 -0.021927118 0.999756038 -0.002654037 1.018812656 -0.191290334 -0.001589811 0.981532216 154.836120605
0.978500068 0.023353890 0.204920098 -8.188333511 -0.023472054 0.999722779 -0.001854428 1.016551495 -0.204906583 -0.002995337 0.978776932 155.658538818
0.975543320 0.021182714 0.218784124 -8.000783920 -0.020100905 0.999772251 -0.007169566 1.025351763 -0.218886167 0.002596464 0.975746930 156.454071045
0.972548008 0.016933167 0.232085496 -7.793770790 -0.015017625 0.999837041 -0.010018062 1.026300311 -0.232217312 0.006257673 0.972643793 157.263366699
0.969298065 0.017427947 0.245270327 -7.585276604 -0.015583565 0.999833822 -0.009458674 1.026622772 -0.245394424 0.005346088 0.969408572 158.080093384
0.965819001 0.019537995 0.258479983 -7.371150970 -0.017532306 0.999795675 -0.010062552 1.018977404 -0.258623779 0.005186854 0.965964198 158.900543213
0.962333024 0.017494610 0.271309912 -7.133652210 -0.013951067 0.999790370 -0.014984228 1.010690451 -0.271515191 0.010634755 0.962375402 159.705780029
0.958514214 0.014407132 0.284680426 -6.882931232 -0.009111245 0.999760091 -0.019918535 1.009071112 -0.284899086 0.016498405 0.958415508 160.532867432
0.954391360 0.013920391 0.298233777 -6.619676590 -0.007521586 0.999716461 -0.022592707 0.997877836 -0.298463702 0.019319093 0.954225421 161.361434937
0.950266540 0.011231240 0.311235189 -6.341789246 -0.005701546 0.999809444 -0.018671125 0.992905140 -0.311385572 0.015968025 0.950149477 162.198501587
0.946437120 0.008483125 0.322776794 -6.056626320 -0.003905064 0.999882400 -0.014828298 0.979171157 -0.322864622 0.012773588 0.946358919 163.018142700
0.942400575 0.006154311 0.334429860 -5.759375572 -0.001535708 0.999899805 -0.014073036 0.966157556 -0.334482968 0.012748851 0.942315578 163.844955444
0.938332677 0.004409297 0.345705509 -5.450433731 0.001763437 0.999844611 -0.017538926 0.949558258 -0.345729142 0.017066978 0.938179135 164.666595459
0.934284210 0.005853815 0.356481016 -5.136569977 0.001046231 0.999815881 -0.019160107 0.947864771 -0.356527537 0.018273948 0.934106112 165.490905762
0.930127382 0.007181467 0.367166877 -4.807716846 -0.002188499 0.999899387 -0.014013143 0.942187190 -0.367230594 0.012230463 0.930049539 166.323471069
0.926101148 0.005876485 0.377229542 -4.460342407 -0.002922432 0.999960423 -0.008402800 0.935509324 -0.377263993 0.006679416 0.926081657 167.163955688
0.922519982 0.005025761 0.385916650 -4.115910053 -0.001469258 0.999953687 -0.009510107 0.934989929 -0.385946572 0.008206253 0.922484636 167.983322144
0.919346094 0.002671747 0.393440694 -3.758342266 0.003716604 0.999873340 -0.015474390 0.927026868 -0.393432230 0.015688583 0.919219732 168.794967651
0.916449249 0.000429376 0.400150687 -3.377383709 0.008741398 0.999739289 -0.021092838 0.920645118 -0.400055438 0.022828391 0.916206598 169.626434326
0.913193583 -0.002407968 0.407518983 -3.004528046 0.013866818 0.999587059 -0.025167204 0.906189322 -0.407290131 0.028633522 0.912849844 170.458618164
0.910101414 -0.005269259 0.414352089 -2.621154785 0.017659038 0.999503970 -0.026076542 0.896691799 -0.414009154 0.031049358 0.909743011 171.282745361
0.906811595 -0.011519525 0.421378702 -2.229928493 0.022416065 0.999529958 -0.020914767 0.887412488 -0.420939684 0.028411405 0.906643569 172.117767334
0.904011250 -0.011827765 0.427345097 -1.826484203 0.019981695 0.999693751 -0.014600694 0.868350148 -0.427041501 0.021738270 0.903970718 172.955932617
0.900876701 -0.005747064 0.434037060 -1.432449341 0.011369618 0.999881685 -0.010359115 0.855010152 -0.433926195 0.014267121 0.900835454 173.821533203
0.897768855 -0.001337378 0.440464884 -1.033076763 0.008893763 0.999846578 -0.015091717 0.848188162 -0.440377116 0.017466264 0.897642970 174.647048950
0.894750416 0.004396126 0.446544915 -0.621338844 0.007811225 0.999644518 -0.025492756 0.836486459 -0.446498245 0.026297716 0.894397974 175.465866089
0.891388118 0.008306454 0.453164726 -0.204617500 0.007323548 0.999437571 -0.032725196 0.819686592 -0.453181684 0.032489624 0.890825927 176.292327881
0.889128387 0.010239050 0.457543343 0.222343445 0.007238473 0.999310017 -0.036429156 0.806204617 -0.457600653 0.035702109 0.888440788 177.138519287
0.887597442 0.008290007 0.460545421 0.663509369 0.009847621 0.999267995 -0.036966305 0.776196957 -0.460514754 0.037346475 0.886866093 177.960174561
0.885917127 0.002399953 0.463837296 1.104102135 0.019414425 0.998918414 -0.042249575 0.747772157 -0.463437021 0.046434760 0.884912372 178.782409668
0.884148836 0.000135038 0.467205286 1.549653053 0.024786735 0.998578072 -0.047195546 0.714206815 -0.466547340 0.053308383 0.882888317 179.603057861
0.882508337 0.005622057 0.470263183 1.987669945 0.021531096 0.998397112 -0.052341796 0.676572621 -0.469803661 0.056317352 0.880972683 180.427917480
0.880876184 0.009770154 0.473245978 2.414767742 0.018972181 0.998254836 -0.055922817 0.632129669 -0.472966433 0.058239587 0.879153550 181.255599976
0.880004108 0.010812734 0.474843025 2.863052845 0.018092798 0.998252094 -0.056261905 0.581587076 -0.474621385 0.058101945 0.878270268 182.064773560
0.878704786 0.013723436 0.477168232 3.307747841 0.014734407 0.998330712 -0.055845547 0.530411363 -0.477138072 0.056102540 0.877035797 182.908859253
0.876718998 0.013695700 0.480807930 3.746107101 0.014001895 0.998444259 -0.053971916 0.489486098 -0.480799109 0.054050427 0.875163317 183.728851318
0.875120521 0.012945333 0.483731806 4.195018768 0.012936788 0.998658955 -0.050129477 0.450385332 -0.483732015 0.050127272 0.873779476 184.558715820
0.874154210 0.011703696 0.485507399 4.661122799 0.011611018 0.998920143 -0.044985678 0.403229594 -0.485509634 0.044961654 0.873074353 185.372222900
0.872732103 0.010823439 0.488079458 5.107560158 0.011796123 0.998994827 -0.043245859 0.365457773 -0.488056928 0.043499496 0.871727169 186.186737061
0.871731281 0.009875256 0.489884704 5.562485695 0.012635973 0.999011278 -0.042623632 0.336018085 -0.489821285 0.043346524 0.870744586 187.001022339
0.871387839 0.006282376 0.490554571 6.029913902 0.015605168 0.999057055 -0.040514566 0.295615375 -0.490346551 0.042959087 0.870468140 187.808715820
0.870303988 -0.000245547 0.492514938 6.494946480 0.020727390 0.999132156 -0.036128443 0.267616808 -0.492078662 0.041651279 0.869553804 188.624633789
0.869351625 -0.003386841 0.494182497 6.961925507 0.024133541 0.999074399 -0.035607956 0.243502140 -0.493604481 0.042882208 0.868628681 189.440887451
0.869257450 0.003345405 0.494348377 7.414706230 0.021467689 0.998778343 -0.044507612 0.199484527 -0.493893355 0.049301092 0.868123710 190.238113403
0.869246125 0.007536743 0.494322181 7.875902176 0.024810210 0.997958899 -0.058843277 0.160786867 -0.493756682 0.063413531 0.867284894 191.033676147
0.869219959 0.007856891 0.494363159 8.333601952 0.029035743 0.997336924 -0.066903077 0.123016953 -0.493572265 0.072507694 0.866677046 191.828994751
0.868065715 0.010859600 0.496330440 8.784008026 0.024246840 0.997640193 -0.064235069 0.064748764 -0.495856762 0.067794710 0.865753949 192.640289307
0.868158400 0.018003222 0.495960593 9.241766930 0.013439723 0.998122454 -0.059757225 0.008627057 -0.496105224 0.058544308 0.866286457 193.451736450
0.867626309 0.026238909 0.496524036 9.682608604 0.001724264 0.998441815 -0.055775829 -0.035834074 -0.497213870 0.049248714 0.866229177 194.271209717
0.867364466 0.025817972 0.497003376 10.145751953 -0.001484930 0.998783290 -0.049292587 -0.079164982 -0.497671306 0.042016622 0.866347432 195.092849731
0.866846263 0.020745469 0.498143762 10.614164352 0.000427411 0.999102652 -0.042351943 -0.110488176 -0.498575360 0.036925536 0.866059542 195.906036377
0.866577268 0.019782577 0.498650700 11.076362610 0.000841002 0.999154687 -0.041100208 -0.147701740 -0.499042243 0.036035869 0.865828037 196.712387085
0.866294265 0.020833852 0.499099404 11.531301498 0.003479043 0.998854041 -0.047733691 -0.191108584 -0.499521911 0.043087814 0.865229070 197.502838135
0.866966844 0.022238504 0.497869372 12.013401031 0.007421342 0.998317063 -0.057515364 -0.231764555 -0.498310536 0.053558774 0.865342736 198.307434082
0.867085218 0.021969324 0.497675210 12.486215591 0.009473404 0.998119235 -0.060566112 -0.266258121 -0.498069823 0.057230659 0.865246296 199.123214722
0.867106020 0.017815685 0.497804910 12.959525108 0.009030509 0.998633742 -0.051469468 -0.311895013 -0.498041749 0.049124919 0.865760446 199.935440063
0.866457164 0.017262749 0.498952955 13.416687012 0.006034689 0.998966873 -0.045041755 -0.350246191 -0.499215007 0.042037778 0.865457833 200.770492554
0.866089523 0.017448802 0.499584287 13.873645782 0.005171721 0.999024391 -0.043858372 -0.387247205 -0.499862164 0.040568989 0.865154326 201.577255249
0.866034448 0.021862987 0.499506116 14.336483002 0.001794481 0.998901129 -0.046832353 -0.417917848 -0.499981135 0.041454785 0.865043581 202.397445679
0.866015434 0.022803780 0.499496996 14.802748680 0.000912770 0.998885751 -0.047185160 -0.452466249 -0.500016391 0.041319005 0.865029693 203.205520630
0.865928710 0.026110632 0.499485403 15.263798714 -0.001194053 0.998741508 -0.050139219 -0.497261405 -0.500165999 0.042820577 0.864870191 204.012390137
0.866220772 0.028589401 0.498842925 15.736789703 -0.001125887 0.998470902 -0.055268735 -0.536531806 -0.499660224 0.047313284 0.864928365 204.831176758
0.866452098 0.031100705 0.498290628 16.195928574 -0.001772801 0.998243213 -0.059222512 -0.590679884 -0.499257118 0.050430097 0.864985049 205.631057739
0.866062403 0.032643173 0.498869061 16.660312653 -0.004818695 0.998364747 -0.056961849 -0.634183884 -0.499912709 0.046928618 0.864803433 206.452178955
0.866004109 0.028881479 0.499202162 17.128728867 -0.004935872 0.998775661 -0.049221814 -0.673979640 -0.500012577 0.040162295 0.865086377 207.267776489
0.866070151 0.025571354 0.499268025 17.612459183 -0.008504697 0.999300063 -0.036428910 -0.713976145 -0.499850094 0.027303869 0.865681410 208.130081177
