1.000000000 0.000000000 0.000000000 0.000000000 0.000000000 1.000000000 0.000000000 0.000000000 0.000000000 0.000000000 1.000000000 0.000000000
0.999998212 -0.000764733 0.001721219 0.003624542 0.000764318 0.999999702 0.000241558 0.006118547 -0.001721403 -0.000240242 0.999998510 0.685123980
0.999988794 -0.001208440 0.004575307 -0.018478034 0.001206035 0.999999106 0.000528329 0.005879377 -0.004575941 -0.000522805 0.999989390 1.392200589
0.999983728 -0.002004307 0.005345352 0.003105688 0.001998331 0.999997377 0.001123037 0.007250873 -0.005347589 -0.001112337 0.999985099 2.065092802
0.999974906 -0.002798210 0.006504201 0.007320947 0.002787355 0.999994695 0.001677492 0.010160034 -0.006508861 -0.001659320 0.999977469 2.743372679
0.999971986 -0.002246775 0.007136356 0.011458404 0.002233865 0.999995828 0.001816465 0.011947422 -0.007140408 -0.001800472 0.999972880 3.424941063
0.999970734 -0.002057878 0.007370777 0.016806278 0.002046270 0.999996662 0.001582075 0.020163935 -0.007374008 -0.001566946 0.999971569 4.124216557
0.999966562 -0.004154271 0.007047577 0.021208085 0.004145181 0.999990582 0.001303866 0.023059208 -0.007052927 -0.001274609 0.999974310 4.810594559
0.999963820 -0.005888236 0.006136508 0.020846210 0.005874465 0.999980211 0.002259829 0.022920150 -0.006149693 -0.002223699 0.999978602 5.490685463
0.999972582 -0.005898858 0.004479510 0.028971743 0.005886427 0.999978781 0.002783408 0.023062291 -0.004495834 -0.002756963 0.999986112 6.189714432
0.999981821 -0.004955821 0.003439490 0.024568807 0.004942233 0.999979973 0.003947878 0.026054716 -0.003458986 -0.003930808 0.999986291 6.874211788
0.999986589 -0.004708817 0.002158553 0.024378095 0.004698466 0.999977589 0.004775430 0.028449599 -0.002180991 -0.004765224 0.999986291 7.554501057
0.999987423 -0.004990564 0.000521956 0.025251837 0.004987868 0.999974847 0.005046045 0.033374041 -0.000547126 -0.005043379 0.999987125 8.250549316
0.999983191 -0.005671945 -0.001183657 0.028874535 0.005677794 0.999971390 0.004997388 0.038447198 0.001155278 -0.005004025 0.999986827 8.927775383
0.999987423 -0.004622630 -0.001945305 0.016855635 0.004633429 0.999973655 0.005584012 0.036743604 0.001919441 -0.005592955 0.999982536 9.623379707
0.999989212 -0.003082870 -0.003475286 0.018484803 0.003103325 0.999977827 0.005895949 0.040849723 0.003457033 -0.005906670 0.999976575 10.300569534
0.999986351 -0.001435612 -0.005021115 0.011778544 0.001466308 0.999980211 0.006115018 0.046308283 0.005012237 -0.006122297 0.999968708 10.988569260
0.999980211 0.000024967 -0.006291054 0.002821169 0.000013313 0.999981463 0.006084681 0.054484714 0.006291089 -0.006084644 0.999961674 11.665559769
0.999969959 0.000320576 -0.007742069 0.000620237 -0.000281371 0.999987125 0.005064402 0.050685544 0.007743593 -0.005062072 0.999957204 12.361448288
0.999962568 -0.000497441 -0.008635267 -0.014427320 0.000530436 0.999992549 0.003819111 0.054347914 0.008633303 -0.003823549 0.999955416 13.045248985
0.999953032 -0.000171220 -0.009693327 -0.024154870 0.000192488 0.999997556 0.002193155 0.061891682 0.009692928 -0.002194918 0.999950588 13.723837852
0.999939620 0.000735518 -0.010965905 -0.025996117 -0.000712551 0.999997556 0.002098203 0.062944785 0.010967421 -0.002090263 0.999937654 14.417976379
0.999928534 0.001062535 -0.011905389 -0.038670260 -0.001038832 0.999997437 0.001996900 0.069912985 0.011907481 -0.001984389 0.999927163 15.101577759
0.999911487 0.000754426 -0.013283992 -0.038823899 -0.000707808 0.999993563 0.003513708 0.066302925 0.013286558 -0.003503995 0.999905586 15.785674095
0.999904037 0.001085058 -0.013810714 -0.058726404 -0.001026872 0.999990582 0.004219518 0.069322579 0.013815162 -0.004204931 0.999895751 16.466352463
0.999887943 0.000620431 -0.014957063 -0.065341339 -0.000554236 0.999990046 0.004429397 0.073044926 0.014959662 -0.004420611 0.999878347 17.150358200
0.999873102 0.002070410 -0.015796714 -0.084966362 -0.002007116 0.999989927 0.004021575 0.080755897 0.015804879 -0.003989358 0.999867141 17.821424484
0.999858439 0.001638526 -0.016745076 -0.093009241 -0.001581938 0.999992967 0.003392069 0.080942981 0.016750516 -0.003365099 0.999854028 18.513267517
0.999852896 0.001925146 -0.017042093 -0.111592785 -0.001868259 0.999992609 0.003353283 0.075746641 0.017048422 -0.003320951 0.999849141 19.176195145
0.999843001 0.002914479 -0.017477969 -0.123777024 -0.002859030 0.999990821 0.003196623 0.084153570 0.017487125 -0.003146152 0.999842167 19.852754593
0.999841690 0.003584462 -0.017427444 -0.142422333 -0.003530744 0.999988914 0.003112192 0.087809660 0.017438406 -0.003050168 0.999843299 20.523559570
0.999849141 0.002815840 -0.017141052 -0.145984441 -0.002765375 0.999991775 0.002967095 0.088842362 0.017149266 -0.002919246 0.999848664 21.193866730
0.999853551 0.002490448 -0.016932148 -0.153038099 -0.002439741 0.999992490 0.003014708 0.091585562 0.016939528 -0.002972956 0.999852121 21.858425140
0.999869287 0.001849853 -0.016061921 -0.166661084 -0.001812050 0.999995530 0.002367812 0.094286226 0.016066229 -0.002338398 0.999868214 22.509304047
0.999894023 0.003156308 -0.014212630 -0.186912611 -0.003126104 0.999992788 0.002146861 0.095581815 0.014219304 -0.002102203 0.999896705 23.199947357
0.999903917 0.003828904 -0.013323508 -0.193812385 -0.003804713 0.999991059 0.001840551 0.098994181 0.013330436 -0.001789682 0.999909520 23.857484818
0.999924481 0.003130008 -0.011884098 -0.200953156 -0.003114699 0.999994278 0.001306478 0.104931459 0.011888119 -0.001269363 0.999928534 24.518777847
0.999939680 0.002843131 -0.010608962 -0.207631037 -0.002826036 0.999994695 0.001626019 0.105415531 0.010613528 -0.001595940 0.999942422 25.175088882
0.999955058 0.003147969 -0.008941613 -0.222764030 -0.003130235 0.999993086 0.001996547 0.104719304 0.008947836 -0.001968468 0.999958038 25.834815979
0.999968171 0.002164925 -0.007675775 -0.224299759 -0.002144523 0.999994159 0.002665259 0.106231719 0.007681501 -0.002648713 0.999966979 26.482818604
0.999985695 0.002043542 -0.004942219 -0.234043971 -0.002027708 0.999992788 0.003206778 0.114005119 0.004948737 -0.003196711 0.999982655 27.136016846
0.999994099 0.003178615 -0.001297568 -0.236440688 -0.003173526 0.999987364 0.003905184 0.117928818 0.001309964 -0.003901043 0.999991536 27.788364410
0.999988198 0.003508593 0.003358321 -0.235084027 -0.003524750 0.999982178 0.004817185 0.120678872 -0.003341360 -0.004828966 0.999982774 28.425018311
0.999958873 0.002919426 0.008588798 -0.232593089 -0.002967140 0.999980211 0.005547928 0.125431478 -0.008572431 -0.005573184 0.999947727 29.071226120
0.999913335 0.002145493 0.012990630 -0.221210748 -0.002223739 0.999979436 0.006011791 0.128104061 -0.012977465 -0.006040157 0.999897540 29.709547043
0.999852121 0.001529178 0.017128896 -0.209529221 -0.001631134 0.999981046 0.005939891 0.129191592 -0.017119488 -0.005966952 0.999835670 30.340774536
0.999769986 0.000833074 0.021429587 -0.197975308 -0.000944338 0.999986112 0.005182476 0.133809268 -0.021424972 -0.005201521 0.999756932 30.974153519
0.999677300 -0.000070335 0.025401518 -0.174206778 -0.000031185 0.999992013 0.003996168 0.136119127 -0.025401596 -0.003995670 0.999669313 31.618703842
0.999577045 -0.000274646 0.029079147 -0.150900632 0.000193573 0.999996066 0.002790811 0.139395565 -0.029079799 -0.002784002 0.999573231 32.244186401
0.999447107 -0.001201059 0.033226531 -0.132116884 0.001131039 0.999997079 0.002126044 0.140099630 -0.033228990 -0.002087288 0.999445558 32.870285034
0.999340236 -0.000843061 0.036309268 -0.097055607 0.000792837 0.999998689 0.001397613 0.144590586 -0.036310397 -0.001367904 0.999339640 33.497077942
0.999184549 -0.001132812 0.040361028 -0.078645557 0.001087690 0.999998748 0.001139899 0.142946064 -0.040362272 -0.001095069 0.999184489 34.098052979
0.999034226 -0.002328341 0.043876421 -0.050007001 0.002304971 0.999997199 0.000583225 0.140011534 -0.043877654 -0.000481528 0.999036789 34.693374634
0.998850703 -0.003018328 0.047834322 -0.015392028 0.003022847 0.999995410 -0.000022132 0.141685024 -0.047834035 0.000166702 0.998855293 35.293888092
0.998632550 -0.003720138 0.052146085 0.017143825 0.003775509 0.999992430 -0.000963370 0.143330738 -0.052142106 0.001158931 0.998638988 35.883987427
0.998337746 -0.005013715 0.057416569 0.049919553 0.005091610 0.999986291 -0.001210447 0.140618637 -0.057409715 0.001500777 0.998349547 36.455402374
0.998011410 -0.005121088 0.062825076 0.089132763 0.005238367 0.999984860 -0.001702180 0.138804346 -0.062815413 0.002027896 0.998023093 37.020519257
0.997630775 -0.005098868 0.068606362 0.130512387 0.005225793 0.999984920 -0.001670699 0.139761150 -0.068596810 0.002025263 0.997642398 37.570201874
0.997197509 -0.005421187 0.074617282 0.173206002 0.005573025 0.999982774 -0.001826826 0.138095602 -0.074606098 0.002237550 0.997210562 38.106742859
0.996698022 -0.006629376 0.080926821 0.220418021 0.006810794 0.999974847 -0.001965910 0.135655209 -0.080911756 0.002510594 0.996718109 38.625473022
0.996185422 -0.007555753 0.086934112 0.274964035 0.007737325 0.999968529 -0.001751845 0.134141341 -0.086918138 0.002417800 0.996212542 39.130752563
0.995603979 -0.008368772 0.093287952 0.324623406 0.008578130 0.999961495 -0.001843432 0.135383129 -0.093268938 0.002635565 0.995637476 39.621566772
0.994998634 -0.009193195 0.099464625 0.373543888 0.009409576 0.999954283 -0.001706544 0.130611092 -0.099444389 0.002633929 0.995039642 40.088207245
0.994365215 -0.009671022 0.105566353 0.428387552 0.009897172 0.999949694 -0.001618593 0.128610194 -0.105545387 0.002654281 0.994410932 40.540676117
0.993679941 -0.009198034 0.111872919 0.473674744 0.009425522 0.999954462 -0.001504722 0.129480600 -0.111853980 0.002549673 0.993721366 40.988941193
0.992993653 -0.009570301 0.117779747 0.526378810 0.009882469 0.999949038 -0.002066704 0.128322825 -0.117753968 0.003216179 0.993037581 41.412414551
0.992368937 -0.009577893 0.122931741 0.585788250 0.010066625 0.999943674 -0.003355130 0.126964897 -0.122892685 0.004567034 0.992409468 41.826683044
0.991717160 -0.009986527 0.128052264 0.641120791 0.010527111 0.999938309 -0.003545464 0.126886964 -0.128008962 0.004864117 0.991761088 42.228855133
0.991138458 -0.009776914 0.132472634 0.697211385 0.010326468 0.999940693 -0.003462040 0.126499981 -0.132430941 0.004799335 0.991180599 42.624130249
0.990687013 -0.010381175 0.135762364 0.748783946 0.010917834 0.999935269 -0.003208945 0.126397178 -0.135720253 0.004661291 0.990736246 43.017635345
0.990459919 -0.010954675 0.137364820 0.813581347 0.011445299 0.999930620 -0.002782332 0.128629804 -0.137324810 0.004327970 0.990516603 43.396808624
0.990366995 -0.011378605 0.137998909 0.859837115 0.011782643 0.999928355 -0.002111261 0.122207649 -0.137965009 0.003716915 0.990430117 43.758819580
0.990579903 -0.011959801 0.136412814 0.903401732 0.012365787 0.999921262 -0.002129129 0.130648360 -0.136376619 0.003795924 0.990649819 44.055332184
0.990892172 -0.012283551 0.134096384 0.938421011 0.012553005 0.999920547 -0.001164085 0.116250306 -0.134071425 0.002836795 0.990967631 44.376220703
0.991474152 -0.012828131 0.129670456 0.980090976 0.013032908 0.999914825 -0.000730720 0.115490615 -0.129650027 0.002414473 0.991556883 44.678066254
0.992212296 -0.012831232 0.123895444 1.008302212 0.013000070 0.999915361 -0.000554371 0.117789499 -0.123877846 0.002160704 0.992295146 44.968406677
0.993104756 -0.012899231 0.116518475 1.033906937 0.012992321 0.999915600 -0.000039415 0.119542666 -0.116508134 0.001552989 0.993188500 45.237667084
0.994020462 -0.012224971 0.108507313 1.054811597 0.012277045 0.999924600 0.000188149 0.117247507 -0.108501434 0.001145125 0.994095623 45.483985901
0.994949281 -0.011235560 0.099748358 1.066539764 0.011262570 0.999936521 0.000292361 0.117619887 -0.099745311 0.000832538 0.995012641 45.707420349
0.995772839 -0.010564896 0.091240749 1.080762863 0.010541238 0.999944150 0.000741200 0.111709580 -0.091243491 0.000223723 0.995828569 45.917110443
0.996452451 -0.009258668 0.083647087 1.077639818 0.009233280 0.999957144 0.000690365 0.110487625 -0.083649896 0.000084421 0.996495187 46.103389740
0.997086227 -0.008921837 0.075759366 1.082884789 0.008892677 0.999960184 0.000722232 0.107427463 -0.075762801 -0.000046424 0.997125864 46.271827698
0.997664213 -0.008402605 0.067790300 1.084761143 0.008407874 0.999964654 0.000207583 0.109191857 -0.067789644 0.000362875 0.997699559 46.408031464
0.998254120 -0.007845325 0.058542211 1.083449364 0.007957780 0.999966919 -0.001688016 0.110987261 -0.058527030 0.002150935 0.998283505 46.549736023
0.998801947 -0.007050321 0.048424244 1.087784886 0.007263899 0.999964654 -0.004235990 0.112876222 -0.048392668 0.004582664 0.998817861 46.689575195
0.999226213 -0.007100340 0.038685814 1.075435996 0.007299002 0.999960899 -0.004996435 0.109566987 -0.038648825 0.005274936 0.999238908 46.832824707
0.999611676 -0.007556455 0.026820909 1.072182417 0.007680086 0.999960363 -0.004509520 0.108865835 -0.026785769 0.004713756 0.999630094 46.980644226
0.999861777 -0.008250988 0.014434216 1.062016249 0.008313922 0.999956191 -0.004305465 0.112526782 -0.014398058 0.004424875 0.999886572 47.127525330
0.999963939 -0.008447837 0.000845012 1.054963946 0.008451522 0.999954343 -0.004456438 0.112049244 -0.000807327 0.004463419 0.999989688 47.267288208
0.999871790 -0.008370396 -0.013650283 1.041978955 0.008316477 0.999957383 -0.004001983 0.110158175 0.013683200 0.003887947 0.999898851 47.408802032
0.999545455 -0.007853964 -0.029105959 1.026285291 0.007738853 0.999961793 -0.004065450 0.117444657 0.029136777 0.003838355 0.999568045 47.552555084
0.998976946 -0.007737787 -0.044555243 1.001165628 0.007544067 0.999961376 -0.004514378 0.122984886 0.044588454 0.004173631 0.998996735 47.695243835
0.998086154 -0.006888552 -0.061453458 0.980917752 0.006608848 0.999966860 -0.004753572 0.117039368 0.061484165 0.004338339 0.998098612 47.836662292
0.996921480 -0.006339482 -0.078149609 0.937910020 0.005975801 0.999970198 -0.004886637 0.112608425 0.078178257 0.004404587 0.996929646 47.961460114
0.995299995 -0.006588415 -0.096615404 0.911464810 0.006104110 0.999967277 -0.005307426 0.109678909 0.096647210 0.004692730 0.995307624 48.111530304
0.993223369 -0.006808528 -0.116021581 0.877775609 0.006104295 0.999960721 -0.006424079 0.114382572 0.116060764 0.005672315 0.993225932 48.277030945
0.990671277 -0.007014004 -0.136092514 0.831737220 0.006114809 0.999956608 -0.007024145 0.116748013 0.136135876 0.006126440 0.990671217 48.441799164
0.987501442 -0.007055202 -0.157451808 0.787827134 0.006015995 0.999956846 -0.007075775 0.116892852 0.157494932 0.006040109 0.987501323 48.627426147
0.983794868 -0.007459802 -0.179142341 0.726264834 0.006305076 0.999955535 -0.007014357 0.111721136 0.179186702 0.005771183 0.983798146 48.824897766
0.979335546 -0.008516166 -0.202062786 0.668961525 0.007111575 0.999945223 -0.007676242 0.114015348 0.202117100 0.006080633 0.979342461 49.017448425
0.974069655 -0.009076949 -0.226066083 0.590736747 0.007386944 0.999938071 -0.008320529 0.118368305 0.226127610 0.006434837 0.974076450 49.227088928
0.967827976 -0.008449561 -0.251470834 0.519894540 0.006601578 0.999944687 -0.008191414 0.117398918 0.251526147 0.006267776 0.967830241 49.433181763
0.960417271 -0.006974272 -0.278477967 0.433839858 0.004759972 0.999951482 -0.008626799 0.116670832 0.278524637 0.006959779 0.960403860 49.650684357
0.951700270 -0.005687326 -0.306975991 0.325736761 0.002712124 0.999945164 -0.010117678 0.122031987 0.307016701 0.008796440 0.951663494 49.896205902
0.941475391 -0.005232295 -0.337041199 0.202904582 0.001892220 0.999945819 -0.010237719 0.116747350 0.337076485 0.009000804 0.941434264 50.150527954
0.929356456 -0.007885580 -0.369099438 0.077117682 0.004311563 0.999935508 -0.010506903 0.119853713 0.369158477 0.008173263 0.929330528 50.425285339
0.915579915 -0.011303077 -0.401977181 -0.083984017 0.007807539 0.999916136 -0.010333179 0.127239570 0.402060241 0.006322399 0.915591359 50.711814880
0.899787784 -0.013182465 -0.436128676 -0.257208824 0.010185963 0.999905705 -0.009208330 0.124691084 0.436208934 0.003843152 0.899837196 51.005714417
0.881454289 -0.013529082 -0.472075492 -0.445619345 0.010852281 0.999905884 -0.008392765 0.118840948 0.472144634 0.002274744 0.881518185 51.315723419
0.861094713 -0.010879331 -0.508328140 -0.673913240 0.008613016 0.999939740 -0.006810664 0.125809073 0.508371592 0.001486388 0.861136496 51.632354736
0.838800311 -0.006729379 -0.544397712 -0.921306849 0.006123973 0.999976993 -0.002925130 0.123884454 0.544404864 -0.000880277 0.838822186 51.956218719
0.814820647 -0.001921204 -0.579709947 -1.178062916 0.003111071 0.999994576 0.001058756 0.129669115 0.579704762 -0.002666215 0.814822257 52.262771606
0.789396405 0.000390986 -0.613883674 -1.464429855 0.002276456 0.999991059 0.003564208 0.137443587 0.613879561 -0.004211052 0.789388478 52.572940826
0.762551904 -0.000356279 -0.646926999 -1.755224705 0.004355328 0.999980032 0.004583039 0.132538959 0.646912396 -0.006312384 0.762538195 52.870109558
0.733776093 -0.001044562 -0.679390609 -2.063831806 0.006340496 0.999965787 0.005310610 0.146512166 0.679361820 -0.008204472 0.733757615 53.163604736
0.702965617 -0.000496217 -0.711223602 -2.381262779 0.008625269 0.999932170 0.007827475 0.150782675 0.711171508 -0.011636941 0.702922225 53.450386047
0.671354592 0.000419555 -0.741136193 -2.720817566 0.010127985 0.999901295 0.009740427 0.151056677 0.741067111 -0.014045496 0.671284080 53.717655182
0.638889909 0.000986625 -0.769297600 -3.070803642 0.010923526 0.999886751 0.010354180 0.156154692 0.769220650 -0.015018622 0.638806820 53.950386047
0.604549646 0.001208000 -0.796566486 -3.455858231 0.012200132 0.999867499 0.010775531 0.162136137 0.796473980 -0.016232561 0.604454875 54.206775665
0.568369031 0.001726004 -0.822771966 -3.833333015 0.013011498 0.999853909 0.011085801 0.170395851 0.822670877 -0.017006321 0.568263531 54.438232422
0.532102823 0.002164895 -0.846677065 -4.233150482 0.014081262 0.999835789 0.011406027 0.180012167 0.846562743 -0.017991459 0.531984925 54.649032593
0.495045841 0.004127352 -0.868857145 -4.647338867 0.014837742 0.999802709 0.013203439 0.185135841 0.868740261 -0.019428184 0.494886935 54.847679138
0.457303345 0.003844611 -0.889302492 -5.092342377 0.018539300 0.999732137 0.013855428 0.190669179 0.889117539 -0.022823181 0.457109571 55.058784485
0.418828547 0.002989272 -0.908060431 -5.521139145 0.021018377 0.999694765 0.012985323 0.198979437 0.907822073 -0.024524579 0.418637872 55.234115601
0.380888641 0.003386851 -0.924614787 -5.963598251 0.021835871 0.999681473 0.012656959 0.209622830 0.924363136 -0.025010660 0.380693376 55.376419067
0.342637718 0.004055074 -0.939458907 -6.413667679 0.022876518 0.999658167 0.012658401 0.217803597 0.939189076 -0.025828792 0.342427850 55.523590088
0.306721210 0.004929336 -0.951786757 -6.904111862 0.023428377 0.999644518 0.012727188 0.225780994 0.951511085 -0.026202515 0.306496680 55.649307251
0.270918071 0.005701008 -0.962585628 -7.372144699 0.023558119 0.999643683 0.012550884 0.233467191 0.962314188 -0.026076965 0.270687282 55.751106262
0.235914290 0.006142197 -0.971754551 -7.852397919 0.024756454 0.999617517 0.012328477 0.239761472 0.971458614 -0.026965659 0.235671997 55.841281891
0.203088105 0.006077017 -0.979141653 -8.346168518 0.026507037 0.999580145 0.011701812 0.249860764 0.978801668 -0.028330641 0.202841759 55.912590027
0.171985567 0.008059536 -0.985066533 -8.866817474 0.025582118 0.999592721 0.012644840 0.254536033 0.984767258 -0.027374819 0.171709359 55.973278046
