1.000000000 0.000000000 0.000000000 0.000000000 0.000000000 1.000000000 0.000000000 0.000000000 0.000000000 0.000000000 1.000000000 0.000000000
0.999999046 -0.000626932 0.001213650 -0.002495579 0.000627227 0.999999762 -0.000243165 0.011243246 -0.001213497 0.000243926 0.999999225 1.175301433
0.999995291 -0.002181479 0.002150616 0.002731967 0.002179245 0.999997079 0.001040361 0.012884043 -0.002152879 -0.001035669 0.999997139 2.369210958
0.999988198 -0.003893390 0.002908079 0.009374185 0.003885628 0.999988914 0.002670127 0.020940740 -0.002918443 -0.002658795 0.999992192 3.566890955
0.999983311 -0.004518133 0.003596887 0.011306865 0.004506155 0.999984324 0.003331080 0.032282747 -0.003611881 -0.003314816 0.999987960 4.772201538
0.999981105 -0.004551646 0.004127723 0.008996439 0.004540083 0.999985754 0.002806419 0.046381388 -0.004140438 -0.002787625 0.999987543 5.990136623
0.999980032 -0.004374192 0.004562879 0.010414765 0.004363243 0.999987602 0.002406895 0.047222495 -0.004573350 -0.002386938 0.999986708 7.239760876
0.999980807 -0.003563827 0.005067969 0.014295282 0.003560079 0.999993384 0.000748366 0.051538829 -0.005070603 -0.000730309 0.999986887 8.462304115
0.999984801 -0.001808656 0.005210142 0.018213145 0.001813898 0.999997854 -0.001001570 0.066743053 -0.005208320 0.001011005 0.999985933 9.719673157
0.999988616 -0.000463563 0.004747646 0.009370884 0.000469205 0.999999166 -0.001187301 0.072723180 -0.004747092 0.001189515 0.999988019 10.966436386
0.999990880 0.000695152 0.004215578 0.002746716 -0.000687069 0.999997914 -0.001918482 0.082089253 -0.004216903 0.001915568 0.999989271 12.233349800
0.999991655 0.001948327 0.003591069 0.001288526 -0.001937198 0.999993324 -0.003099799 0.088840432 -0.003597085 0.003092816 0.999988735 13.510088921
0.999993443 0.002202668 0.002870873 0.001586583 -0.002192701 0.999991596 -0.003470200 0.090346538 -0.002878492 0.003463882 0.999989867 14.801222801
0.999994755 0.002413064 0.002165400 0.002157285 -0.002407488 0.999993801 -0.002573925 0.092222512 -0.002171597 0.002568698 0.999994338 16.111419678
0.999997377 0.001621866 0.001622989 0.001929799 -0.001618008 0.999995887 -0.002376206 0.102501817 -0.001626836 0.002373574 0.999995887 17.433420181
0.999998510 0.001087963 0.001334563 -0.004064960 -0.001084361 0.999995768 -0.002696486 0.109911330 -0.001337491 0.002695034 0.999995470 18.759248734
0.999999821 -0.000129415 0.000602163 0.005376804 0.000131051 0.999996305 -0.002717260 0.114816546 -0.000601810 0.002717338 0.999996126 20.106554031
0.999998093 -0.001930433 0.000312022 -0.003940592 0.001931177 0.999995232 -0.002404531 0.127357006 -0.000307378 0.002405129 0.999997079 21.466560364
0.999992609 -0.003826631 -0.000289455 -0.007811706 0.003826159 0.999991357 -0.001615220 0.134421915 0.000295634 0.001614100 0.999998629 22.844957352
0.999985158 -0.005404581 -0.000718612 -0.002858091 0.005403731 0.999984682 -0.001180648 0.143846661 0.000724982 0.001176747 0.999999046 24.227712631
0.999981105 -0.006102452 -0.000742778 -0.004226780 0.006101880 0.999981105 -0.000770400 0.152553409 0.000747466 0.000765853 0.999999404 25.629261017
0.999973714 -0.007229166 -0.000607124 -0.009360083 0.007228741 0.999973655 -0.000699056 0.164962366 0.000612161 0.000694649 0.999999583 27.041412354
0.999972761 -0.007350613 -0.000687312 -0.017180683 0.007349936 0.999972522 -0.000983266 0.176415503 0.000694521 0.000978188 0.999999285 28.437139511
0.999975741 -0.006954869 -0.000355347 -0.022727996 0.006954382 0.999974906 -0.001355968 0.182773456 0.000364769 0.001353464 0.999999046 29.885820389
0.999972105 -0.007438338 -0.000635289 -0.020781189 0.007437403 0.999971271 -0.001462592 0.194732338 0.000646150 0.001457826 0.999998748 31.336778641
0.999969125 -0.007828990 -0.000698614 -0.025501557 0.007828190 0.999968708 -0.001140453 0.201127619 0.000707520 0.001134948 0.999999106 32.778026581
0.999968946 -0.007875089 -0.000222955 -0.030682988 0.007874915 0.999968708 -0.000766247 0.215226278 0.000228982 0.000764467 0.999999702 34.246593475
0.999965966 -0.008232779 0.000518846 -0.041267671 0.008232966 0.999966025 -0.000358950 0.225006998 -0.000515873 0.000363209 0.999999821 35.712600708
0.999959171 -0.008956754 0.001195124 -0.043383915 0.008956722 0.999959886 0.000031696 0.233567104 -0.001195360 -0.000020991 0.999999285 37.212615967
0.999946892 -0.010160597 0.001722634 -0.041302957 0.010159079 0.999948025 0.000887569 0.253371030 -0.001731563 -0.000870021 0.999998093 38.714576721
0.999938369 -0.010892608 0.002136259 -0.040475428 0.010891026 0.999940395 0.000750961 0.265670300 -0.002144312 -0.000727649 0.999997437 40.228519440
0.999927104 -0.011709664 0.002948798 -0.051310521 0.011706891 0.999931037 0.000956034 0.273106426 -0.002959789 -0.000921443 0.999995172 41.720668793
0.999901712 -0.013697507 0.002993837 -0.046778157 0.013696410 0.999906123 0.000386467 0.291432083 -0.002998850 -0.000345424 0.999995470 43.249687195
0.999910355 -0.013086324 0.002844086 -0.038572244 0.013082367 0.999913454 0.001405306 0.297723681 -0.002862230 -0.001367973 0.999994993 44.762474060
0.999906600 -0.013369100 0.002846852 -0.037061390 0.013363534 0.999908745 0.001965342 0.303441912 -0.002872867 -0.001927114 0.999994040 46.271293640
0.999913037 -0.012913268 0.002683506 -0.035799664 0.012903595 0.999910295 0.003591282 0.315612555 -0.002729640 -0.003556343 0.999989927 47.792800903
0.999935687 -0.011033235 0.002635914 -0.046289340 0.011022238 0.999930620 0.004151000 0.325469017 -0.002681530 -0.004121679 0.999987900 49.367359161
0.999938488 -0.010899944 0.002043166 -0.033542141 0.010890069 0.999929249 0.004783242 0.343124777 -0.002095159 -0.004760697 0.999986470 50.936191559
0.999953628 -0.009459306 0.001803750 -0.039343040 0.009451044 0.999945045 0.004534783 0.352271259 -0.001846547 -0.004517526 0.999988079 52.508239746
0.999964476 -0.008273197 0.001616990 -0.036282416 0.008269544 0.999963284 0.002253417 0.364804208 -0.001635573 -0.002239965 0.999996126 54.063560486
0.999969602 -0.007660057 0.001466643 -0.032683287 0.007658557 0.999970138 0.001026076 0.380223423 -0.001474459 -0.001014812 0.999998391 55.656490326
0.999974728 -0.006956410 0.001484144 -0.041543555 0.006953143 0.999973416 0.002195524 0.374877721 -0.001499378 -0.002185149 0.999996483 57.248394012
0.999980927 -0.006011099 0.001414768 -0.039488081 0.006006831 0.999977469 0.003001293 0.389297128 -0.001432777 -0.002992738 0.999994516 58.856586456
0.999983251 -0.005349635 0.002213476 -0.053730432 0.005344024 0.999982536 0.002533192 0.404089957 -0.002226989 -0.002521321 0.999994338 60.489772797
0.999985874 -0.004552243 0.002753377 -0.059436031 0.004546168 0.999987245 0.002208645 0.425434083 -0.002763396 -0.002196096 0.999993742 62.099479675
0.999987245 -0.003822167 0.003310248 -0.059299093 0.003816133 0.999991059 0.001827434 0.444136083 -0.003317203 -0.001814778 0.999992847 63.741004944
0.999987304 -0.003343554 0.003769555 -0.059784785 0.003337759 0.999993265 0.001542543 0.456998914 -0.003774687 -0.001529941 0.999991715 65.383758545
0.999986351 -0.002773637 0.004422032 -0.059515305 0.002766073 0.999994695 0.001715696 0.465361387 -0.004426768 -0.001703441 0.999988735 67.022750854
0.999985218 -0.002116402 0.005013451 -0.068176202 0.002108445 0.999996483 0.001591919 0.479115039 -0.005016802 -0.001581325 0.999986172 68.696441650
0.999982238 -0.002616962 0.005354160 -0.061157737 0.002609862 0.999995708 0.001332761 0.495437145 -0.005357625 -0.001318763 0.999984801 70.357528687
0.999980509 -0.003027333 0.005461183 -0.056737415 0.003019153 0.999994338 0.001505561 0.504140377 -0.005465710 -0.001489044 0.999983966 72.044921875
0.999979675 -0.003470033 0.005352730 -0.046609491 0.003459649 0.999992132 0.001947970 0.516834259 -0.005359447 -0.001929412 0.999983788 73.717231750
0.999976277 -0.004983034 0.004760457 -0.042999253 0.004970666 0.999984264 0.002606131 0.520804346 -0.004773369 -0.002582407 0.999985278 75.417945862
0.999979675 -0.005102230 0.003817682 -0.047092047 0.005094395 0.999984920 0.002059262 0.527781248 -0.003828131 -0.002039771 0.999990582 77.111648560
0.999979317 -0.005764106 0.002843347 -0.047265574 0.005757550 0.999980748 0.002308636 0.541406870 -0.002856600 -0.002292218 0.999993265 78.803337097
0.999974310 -0.007016698 0.001470059 -0.039411642 0.007011947 0.999970257 0.003212467 0.549794436 -0.001492556 -0.003202076 0.999993742 80.514984131
0.999965191 -0.008345289 0.000134960 -0.044403531 0.008344656 0.999956548 0.004155891 0.567184389 -0.000169636 -0.004154620 0.999991357 82.220390320
0.999948561 -0.010110663 -0.000811415 -0.058236342 0.010114049 0.999939680 0.004281671 0.582894981 0.000768076 -0.004289658 0.999990523 83.962890625
0.999919951 -0.012393671 -0.002548456 -0.061726410 0.012404589 0.999913752 0.004313796 0.601628482 0.002494772 -0.004345064 0.999987423 85.711288452
0.999905825 -0.013105243 -0.004072401 -0.074122727 0.013126210 0.999900520 0.005165305 0.615782142 0.004004303 -0.005218274 0.999978364 87.454666138
0.999886572 -0.014041082 -0.005445651 -0.086012267 0.014071337 0.999885559 0.005557901 0.630292594 0.005366989 -0.005633898 0.999969721 89.186470032
0.999865830 -0.014804021 -0.007014659 -0.098516673 0.014841848 0.999875426 0.005371571 0.646940112 0.006934264 -0.005474960 0.999960959 90.930541992
0.999844790 -0.015523531 -0.008334509 -0.119485028 0.015569311 0.999863923 0.005456198 0.667106926 0.008248676 -0.005585114 0.999950409 92.680519104
0.999818921 -0.016479323 -0.009517958 -0.126672983 0.016533654 0.999847293 0.005658147 0.676737368 0.009423262 -0.005814489 0.999938667 94.440086365
0.999805093 -0.016914329 -0.010185041 -0.153129831 0.016964884 0.999844074 0.004898059 0.699102700 0.010100606 -0.005069892 0.999936163 96.203002930
0.999819100 -0.016156256 -0.010037958 -0.172348514 0.016200611 0.999859273 0.004353317 0.698971689 0.009966212 -0.004515151 0.999940157 97.972854614
0.999825478 -0.015894102 -0.009814948 -0.186056957 0.015938381 0.999863088 0.004449763 0.715306699 0.009742878 -0.004605421 0.999941945 99.750190735
0.999860525 -0.014609938 -0.008090444 -0.242012024 0.014650700 0.999880135 0.005001960 0.724882841 0.008016396 -0.005119794 0.999954760 101.539756775
0.999868691 -0.014478059 -0.007277805 -0.265996575 0.014508510 0.999886155 0.004149022 0.754397511 0.007216906 -0.004254067 0.999964893 103.341590881
0.999864936 -0.015283611 -0.006042023 -0.271337420 0.015297675 0.999880373 0.002288403 0.755870521 0.006006325 -0.002380522 0.999979138 105.124954224
0.999868989 -0.015234591 -0.005470302 -0.279912859 0.015243671 0.999882519 0.001621860 0.772814631 0.005444951 -0.001705035 0.999983728 106.942703247
0.999864757 -0.016025255 -0.003689624 -0.293117076 0.016032355 0.999869645 0.001902524 0.760381043 0.003658654 -0.001961421 0.999991357 108.727882385
0.999846041 -0.017122827 -0.003829186 -0.289553672 0.017133463 0.999849379 0.002762458 0.780200958 0.003781308 -0.002827640 0.999988854 110.538002014
0.999830246 -0.018317012 -0.001985954 -0.314394802 0.018327752 0.999816716 0.005531531 0.789794087 0.001884269 -0.005566990 0.999982715 112.356918335
0.999809146 -0.019510347 -0.000986892 -0.324852496 0.019515892 0.999791801 0.005960238 0.803493738 0.000870400 -0.005978361 0.999981761 114.160430908
0.999782801 -0.020838426 -0.000277478 -0.329629749 0.020839702 0.999765396 0.005905561 0.821388721 0.000154351 -0.005910061 0.999982536 115.973182678
0.999731600 -0.023163898 -0.000419350 -0.314824253 0.023165900 0.999715686 0.005650938 0.842026770 0.000288333 -0.005659136 0.999983966 117.803161621
0.999694824 -0.024700860 -0.000316372 -0.324329793 0.024702113 0.999682903 0.004892068 0.859870136 0.000195434 -0.004898391 0.999987960 119.608520508
0.999663055 -0.025932375 -0.001126868 -0.320688158 0.025938425 0.999647081 0.005733247 0.879317164 0.000977793 -0.005760545 0.999982953 121.441322327
0.999624550 -0.027372332 -0.001222906 -0.327151000 0.027380520 0.999598622 0.007273322 0.900494337 0.001023327 -0.007304075 0.999972820 123.309120178
0.999642551 -0.026695024 -0.001477282 -0.336495578 0.026707686 0.999599636 0.009343753 0.923362970 0.001227259 -0.009379867 0.999955237 125.183662415
0.999634802 -0.026952535 -0.001961198 -0.337166995 0.026969893 0.999591649 0.009440018 0.954683781 0.001705965 -0.009489464 0.999953508 127.055007935
0.999659181 -0.026069116 -0.001378528 -0.346950412 0.026081029 0.999614894 0.009477349 0.983794570 0.001130931 -0.009510072 0.999954164 128.945465088
0.999680579 -0.025261283 -0.000783679 -0.364264578 0.025267633 0.999634862 0.009573588 1.015468597 0.000541552 -0.009590332 0.999953866 130.782943726
0.999681830 -0.025223704 0.000035367 -0.359212250 0.025222057 0.999630749 0.010111431 1.041285992 -0.000290402 -0.010107322 0.999948859 132.664916992
0.999702334 -0.024371235 0.001151789 -0.370423168 0.024357883 0.999648631 0.010452916 1.062902570 -0.001406135 -0.010421749 0.999944687 134.528121948
0.999732792 -0.022996644 0.002345239 -0.381240249 0.022971706 0.999684513 0.010156278 1.100624084 -0.002578060 -0.010099689 0.999945700 136.445587158
0.999751925 -0.022054119 0.003111380 -0.379903376 0.022022285 0.999708295 0.009919627 1.127931476 -0.003329241 -0.009848646 0.999945939 138.345397949
0.999766529 -0.021279208 0.003753525 -0.381921113 0.021242548 0.999728739 0.009550495 1.153980017 -0.003955734 -0.009468530 0.999947369 140.262710571
0.999775887 -0.020661941 0.004608984 -0.384380043 0.020619147 0.999745548 0.009146972 1.188914895 -0.004796806 -0.009049889 0.999947548 142.169708252
0.999764323 -0.021241898 0.004475072 -0.359969139 0.021201434 0.999735594 0.008903572 1.220681429 -0.004663017 -0.008806597 0.999950349 144.152633667
0.999773383 -0.020691764 0.005001110 -0.373331070 0.020649821 0.999752343 0.008297913 1.248541951 -0.005171570 -0.008192761 0.999953091 146.077941895
0.999765754 -0.021161497 0.004539515 -0.364041984 0.021124218 0.999743998 0.008108465 1.270700455 -0.004709940 -0.008010672 0.999956846 148.049011230
0.999761224 -0.021308729 0.004846631 -0.367407590 0.021272559 0.999746382 0.007396174 1.296364427 -0.005003005 -0.007291307 0.999960899 149.972640991
0.999772310 -0.020836378 0.004597506 -0.358262986 0.020799551 0.999752343 0.007917548 1.323022366 -0.004761341 -0.007820119 0.999958098 151.961151123
0.999801219 -0.019329626 0.004882963 -0.372719318 0.019291511 0.999783993 0.007735948 1.337242842 -0.005031441 -0.007640210 0.999958158 153.895431519
0.999796152 -0.019587232 0.004892722 -0.368979424 0.019547464 0.999776542 0.008047576 1.357256293 -0.005049258 -0.007950296 0.999955654 155.854782104
0.999841571 -0.017043380 0.005131220 -0.369303346 0.017003421 0.999825537 0.007732900 1.388121843 -0.005262119 -0.007644427 0.999956906 157.826614380
0.999862909 -0.015665449 0.005363886 -0.374016017 0.015621149 0.999844313 0.008203555 1.412631035 -0.005491564 -0.008118640 0.999951959 159.820938110
0.999870002 -0.015232932 0.005287318 -0.365308821 0.015187540 0.999848366 0.008521698 1.437860847 -0.005416327 -0.008440290 0.999949694 161.823822021
0.999882817 -0.014361539 0.005303275 -0.374025941 0.014311180 0.999853253 0.009414552 1.467024803 -0.005437705 -0.009337553 0.999941647 163.831069946
0.999870360 -0.015271138 0.005106443 -0.379095435 0.015222085 0.999838889 0.009510847 1.502014279 -0.005250861 -0.009431884 0.999941707 165.845626831
0.999869764 -0.015516233 0.004436472 -0.386715025 0.015473465 0.999834955 0.009517345 1.530770302 -0.004583413 -0.009447457 0.999944866 167.874588013
0.999869406 -0.015904035 0.002875046 -0.377728671 0.015875185 0.999826014 0.009793402 1.555815458 -0.003030301 -0.009746481 0.999947906 169.904144287
0.999870837 -0.015930802 0.002112151 -0.381480694 0.015912233 0.999836981 0.008535020 1.584220529 -0.002247776 -0.008500309 0.999961317 171.930404663
0.999880850 -0.015389767 0.001177175 -0.385903507 0.015379946 0.999850214 0.007941165 1.611936808 -0.001299211 -0.007922114 0.999967754 173.974090576
0.999887407 -0.015001729 0.000384605 -0.396956176 0.014997978 0.999852359 0.008385791 1.633571863 -0.000510349 -0.008379079 0.999964774 176.022552490
0.999868512 -0.016177511 -0.001138121 -0.396520406 0.016186899 0.999830365 0.008788778 1.663002253 0.000995748 -0.008806045 0.999960721 178.068115234
0.999849200 -0.017243154 -0.002055627 -0.405970156 0.017260296 0.999813735 0.008635414 1.690681577 0.001906342 -0.008669592 0.999960601 180.134094238
0.999849141 -0.017064907 -0.003234741 -0.416779548 0.017094396 0.999810457 0.009319788 1.713002205 0.003075087 -0.009373678 0.999951363 182.222824097
0.999837518 -0.017424736 -0.004613374 -0.426856041 0.017471053 0.999795377 0.010197114 1.742186427 0.004434749 -0.010276058 0.999937356 184.304168701
0.999830723 -0.017479589 -0.005739946 -0.441763788 0.017538106 0.999793053 0.010307536 1.779221296 0.005558587 -0.010406459 0.999930382 186.388214111
0.999861836 -0.015273206 -0.006560401 -0.458496362 0.015337188 0.999834180 0.009815740 1.816189647 0.006409395 -0.009915002 0.999930322 188.473602295
0.999848425 -0.015526225 -0.007875558 -0.471879065 0.015604368 0.999828637 0.009959843 1.842936516 0.007719570 -0.010081227 0.999919415 190.543045044
0.999835551 -0.015840996 -0.008831001 -0.500354528 0.015935032 0.999816000 0.010681652 1.870107532 0.008660167 -0.010820617 0.999903977 192.600830078
0.999839485 -0.015450445 -0.009069872 -0.545108795 0.015551435 0.999816656 0.011171707 1.894632339 0.008895601 -0.011310964 0.999896467 194.677200317
0.999820054 -0.015929790 -0.010299471 -0.557063460 0.016053669 0.999798417 0.012059167 1.942994356 0.010105295 -0.012222341 0.999874234 196.767410278
0.999798119 -0.016813608 -0.010999513 -0.578687131 0.016949877 0.999779284 0.012414967 1.975144148 0.010788345 -0.012598901 0.999862432 198.821731567
0.999790370 -0.017419938 -0.010758189 -0.628815651 0.017549759 0.999772847 0.012093032 2.002271652 0.010545086 -0.012279300 0.999868989 200.922058105
0.999769568 -0.018207731 -0.011369330 -0.634381533 0.018320434 0.999783278 0.009888731 2.040078640 0.011186815 -0.010094743 0.999886453 202.942031860
0.999805570 -0.016496513 -0.010801173 -0.670698106 0.016601665 0.999814928 0.009718969 2.060424805 0.010638845 -0.009896397 0.999894440 204.966583252
0.999857128 -0.014207997 -0.009155384 -0.719967604 0.014301249 0.999845684 0.010201703 2.092657566 0.009009026 -0.010331179 0.999906063 207.072113037
0.999864519 -0.014328744 -0.008102763 -0.749008000 0.014424317 0.999825597 0.011862254 2.118725777 0.007931378 -0.011977524 0.999896824 209.161056519
0.999891341 -0.013211425 -0.006535927 -0.775231779 0.013292126 0.999834001 0.012461977 2.155648947 0.006370201 -0.012547500 0.999900997 211.259231567
0.999881983 -0.014331980 -0.005534044 -0.791596174 0.014394829 0.999830365 0.011489147 2.173071861 0.005368443 -0.011567453 0.999918699 213.377746582
0.999886513 -0.014349558 -0.004587925 -0.811672330 0.014394607 0.999846995 0.009941570 2.203246593 0.004444566 -0.010006484 0.999940038 215.492507935
0.999883950 -0.014826347 -0.003508011 -0.826089442 0.014856355 0.999851882 0.008688718 2.228538513 0.003378670 -0.008739826 0.999956071 217.600036621
0.999856651 -0.016726643 -0.002625937 -0.845097959 0.016752727 0.999807179 0.010247226 2.262324095 0.002454029 -0.010289748 0.999944031 219.720626831
0.999847174 -0.017433731 -0.001317748 -0.859101295 0.017447140 0.999787688 0.010959860 2.294599056 0.001126397 -0.010981176 0.999939084 221.833892822
0.999842465 -0.017739110 -0.000596729 -0.870759904 0.017744390 0.999787629 0.010478078 2.321120262 0.000410730 -0.010487016 0.999944925 223.957748413
0.999842405 -0.017750908 0.000171746 -0.878609896 0.017748561 0.999799669 0.009251109 2.357541084 -0.000335927 -0.009246604 0.999957204 226.079513550
0.999847174 -0.017480846 0.000210283 -0.875340283 0.017478151 0.999804378 0.009257692 2.385511160 -0.000372074 -0.009252602 0.999957144 228.243911743
0.999840260 -0.017861100 0.000632834 -0.885068417 0.017853389 0.999784350 0.010606810 2.417177200 -0.000822147 -0.010593819 0.999943554 230.405151367
0.999829292 -0.018456055 0.000893987 -0.893352509 0.018444676 0.999764919 0.011397143 2.445139170 -0.001104124 -0.011378708 0.999934673 232.534637451
0.999821126 -0.018883303 0.001069166 -0.907460690 0.018869471 0.999753118 0.011734143 2.480443239 -0.001290481 -0.011711869 0.999930561 234.673812866
0.999785006 -0.020706905 0.001055846 -0.900418162 0.020692380 0.999710381 0.012288283 2.512002945 -0.001309992 -0.012263793 0.999923944 236.818069458
0.999756455 -0.022036960 0.001190293 -0.904712737 0.022021048 0.999684989 0.012041956 2.550387621 -0.001455286 -0.012012811 0.999926805 238.987335205
0.999759257 -0.021903211 0.001289420 -0.906225204 0.021885647 0.999684274 0.012344179 2.581460714 -0.001559390 -0.012312988 0.999922991 241.142013550
0.999781668 -0.020839682 0.001531548 -0.914858699 0.020818304 0.999700665 0.012853834 2.611626625 -0.001798959 -0.012819144 0.999916196 243.296142578
0.999782145 -0.020806579 0.001669697 -0.915591240 0.020782365 0.999694169 0.013403229 2.656671762 -0.001948061 -0.013365609 0.999908805 245.453964233
0.999820590 -0.018867211 0.001665290 -0.916854918 0.018841939 0.999723434 0.014072903 2.683458805 -0.001930346 -0.014039000 0.999899566 247.609878540
0.999836266 -0.017970433 0.002113971 -0.924736857 0.017939668 0.999744236 0.013768903 2.713050127 -0.002360863 -0.013728726 0.999902964 249.772598267
0.999850929 -0.017031116 0.002828861 -0.930581629 0.016993258 0.999772310 0.012906938 2.758392096 -0.003048037 -0.012856943 0.999912679 251.977493286
0.999852538 -0.016848996 0.003310484 -0.932619989 0.016804494 0.999773741 0.013039811 2.789197683 -0.003529443 -0.012982257 0.999909520 254.167816162
0.999858439 -0.016390869 0.003793085 -0.927017152 0.016340729 0.999783337 0.012892632 2.821697712 -0.004003584 -0.012828825 0.999909699 256.347442627
0.999848783 -0.016853571 0.004287343 -0.925784171 0.016795177 0.999770343 0.013309582 2.857792616 -0.004510673 -0.013235562 0.999902248 258.533477783
0.999831855 -0.017709488 0.004753503 -0.915096283 0.017640743 0.999744475 0.014133936 2.892381668 -0.005002593 -0.014047705 0.999888837 260.743469238
0.999789894 -0.019797873 0.005307336 -0.904460430 0.019715561 0.999691010 0.015136913 2.932517290 -0.005605375 -0.015029096 0.999871373 262.935882568
0.999759018 -0.021229224 0.005591536 -0.886540711 0.021141933 0.999660432 0.015233184 2.962975025 -0.005913026 -0.015111297 0.999868333 265.117584229
0.999727547 -0.022589099 0.005882382 -0.874877512 0.022514177 0.999668300 0.012505790 3.004586935 -0.006162925 -0.012369946 0.999904513 267.292419434
0.999692738 -0.023969801 0.006317532 -0.865006983 0.023889175 0.999635935 0.012543160 3.043255329 -0.006615888 -0.012388386 0.999901354 269.490447998
0.999675453 -0.024796402 0.005844091 -0.852916002 0.024713397 0.999598324 0.013871400 3.084686756 -0.006185704 -0.013722470 0.999886692 271.699890137
0.999689937 -0.024162784 0.006017171 -0.852921784 0.024068346 0.999593198 0.015301493 3.128513336 -0.006384450 -0.015151925 0.999864817 273.904235840
0.999727726 -0.022622103 0.005716283 -0.850818217 0.022538107 0.999642909 0.014354577 3.164205790 -0.006038973 -0.014221835 0.999880612 276.090484619
0.999767363 -0.020891249 0.005362519 -0.856345952 0.020821255 0.999701381 0.012792456 3.204442024 -0.005628168 -0.012677826 0.999903798 278.277496338
0.999825239 -0.018095462 0.004691958 -0.845367551 0.018040083 0.999770105 0.011587975 3.237615585 -0.004900570 -0.011501307 0.999921858 280.485107422
0.999871790 -0.015443916 0.004225012 -0.846007943 0.015397825 0.999823868 0.010732322 3.276933908 -0.004390017 -0.010665890 0.999933481 282.698730469
0.999903321 -0.013320386 0.003993978 -0.858764470 0.013274415 0.999847770 0.011323791 3.308703661 -0.004144207 -0.011269678 0.999927878 284.908874512
0.999914289 -0.012567661 0.003675362 -0.867956460 0.012519029 0.999837518 0.012968276 3.349888802 -0.003837746 -0.012921153 0.999909163 287.132873535
0.999930918 -0.011380407 0.002944495 -0.867239177 0.011332507 0.999810934 0.015802506 3.390616894 -0.003123777 -0.015768046 0.999870777 289.359863281
0.999913275 -0.012898603 0.002654578 -0.870561421 0.012849043 0.999757051 0.017909117 3.426276684 -0.002884936 -0.017873457 0.999836087 291.571807861
0.999874413 -0.015748540 0.001765201 -0.864241898 0.015712291 0.999696970 0.018949939 3.485403299 -0.002063100 -0.018919824 0.999818861 293.815155029
0.999810338 -0.019454209 0.000899903 -0.864700198 0.019433478 0.999628603 0.019104587 3.533259392 -0.001271234 -0.019083476 0.999817073 296.043823242
0.999774516 -0.021235190 0.000138567 -0.865579009 0.021230098 0.999641299 0.016326100 3.579355478 -0.000485205 -0.016319476 0.999866724 298.270294189
0.999744594 -0.022597859 -0.000367470 -0.873773456 0.022600736 0.999658406 0.013123609 3.619424105 0.000070779 -0.013128562 0.999913812 300.508270264
0.999731600 -0.023145953 -0.001006767 -0.888293326 0.023157082 0.999647498 0.012985350 3.664707661 0.000705854 -0.013005177 0.999915183 302.755981445
0.999748707 -0.022394150 -0.001004072 -0.911087453 0.022406289 0.999645352 0.014392745 3.712884665 0.000681403 -0.014411625 0.999895930 305.018524170
0.999802053 -0.019801397 -0.001937051 -0.932698607 0.019828856 0.999685287 0.015366896 3.763583183 0.001632156 -0.015402264 0.999880075 307.266082764
0.999817014 -0.019009048 -0.002140988 -0.945909023 0.019041155 0.999688506 0.016134299 3.802927017 0.001833624 -0.016172115 0.999867558 309.511688232
0.999838650 -0.017807947 -0.002364126 -0.963651359 0.017841641 0.999726951 0.015090875 3.851404905 0.002094743 -0.015130620 0.999883354 311.772430420
0.999848485 -0.017192781 -0.002714331 -0.969622135 0.017231580 0.999739230 0.014984050 3.895935535 0.002456006 -0.015028552 0.999884069 314.024139404
0.999877632 -0.015341079 -0.003058832 -0.979209602 0.015387279 0.999758363 0.015700364 3.939268112 0.002817233 -0.015745511 0.999872088 316.289978027
0.999904275 -0.013503269 -0.003015692 -1.007582903 0.013552041 0.999767303 0.016784407 3.988416672 0.002788346 -0.016823668 0.999854565 318.606231689
0.999916017 -0.012665155 -0.002752491 -1.032117367 0.012707144 0.999794185 0.015814032 4.042015076 0.002551637 -0.015847681 0.999871135 320.884338379
0.999902248 -0.013694035 -0.002816751 -1.034879684 0.013734458 0.999795079 0.014870840 4.083037376 0.002612532 -0.014908073 0.999885440 323.124237061
0.999887824 -0.014669530 -0.003019174 -1.039819241 0.014708406 0.999803543 0.013284626 4.126325607 0.002823702 -0.013327544 0.999907196 325.416656494
0.999891937 -0.014416726 -0.002867988 -1.059301257 0.014453937 0.999805629 0.013407180 4.170086384 0.002674143 -0.013447185 0.999906003 327.695861816
0.999897897 -0.014015652 -0.002791659 -1.071779490 0.014053235 0.999804199 0.013931557 4.209592342 0.002595852 -0.013969366 0.999899030 329.942565918
0.999888420 -0.014691655 -0.002700913 -1.081599236 0.014728362 0.999791920 0.014114173 4.264641762 0.002492990 -0.014152379 0.999896765 332.249938965
0.999885321 -0.015002841 -0.002053991 -1.107868314 0.015029550 0.999793589 0.013671867 4.311796188 0.001848451 -0.013701170 0.999904454 334.567321777
0.999877930 -0.015458540 -0.002264954 -1.111484885 0.015487211 0.999792397 0.013240797 4.347681522 0.002059801 -0.013274259 0.999909759 336.881286621
0.999880373 -0.015364780 -0.001788585 -1.127874374 0.015386842 0.999796391 0.013055108 4.388949871 0.001587632 -0.013081066 0.999913156 339.154571533
0.999861479 -0.016547479 -0.001780831 -1.132391214 0.016570117 0.999770820 0.013552899 4.426938057 0.001556156 -0.013580530 0.999906540 341.447937012
0.999862313 -0.016532782 -0.001438817 -1.156674743 0.016550481 0.999774456 0.013308711 4.470091343 0.001218463 -0.013330692 0.999910414 343.760803223
0.999864817 -0.016429262 -0.000674462 -1.174688578 0.016436465 0.999785364 0.012614317 4.512542725 0.000467074 -0.012623698 0.999920189 346.071746826
0.999870002 -0.016122665 -0.000196985 -1.186008215 0.016123867 0.999792278 0.012467171 4.547821522 -0.000004059 -0.012468726 0.999922276 348.394866943
0.999871135 -0.016053680 0.000006398 -1.191447139 0.016052252 0.999787331 0.012948384 4.589949131 -0.000214265 -0.012946612 0.999916196 350.703002930
0.999854386 -0.017063729 0.000019740 -1.192729354 0.017061906 0.999763131 0.013511018 4.627207279 -0.000250284 -0.013508714 0.999908745 353.041961670
