1.000000000 0.000000000 0.000000000 0.000000000 0.000000000 1.000000000 0.000000000 0.000000000 0.000000000 0.000000000 1.000000000 0.000000000
0.999989033 0.000516002 0.004654032 -0.006013713 -0.000522159 0.999998987 0.001321767 0.006364371 -0.004653345 -0.001324183 0.999988317 1.558833957
0.999958992 0.000205360 0.009054594 0.008070108 -0.000218957 0.999998868 0.001500634 0.016978811 -0.009054275 -0.001502555 0.999957860 3.134249449
0.999912560 -0.000392463 0.013220334 0.022142047 0.000367910 0.999998212 0.001859587 0.027160633 -0.013221041 -0.001854561 0.999910891 4.689607143
0.999851823 -0.000455689 0.017207477 0.039879799 0.000432447 0.999998987 0.001354399 0.038327549 -0.017208077 -0.001346758 0.999851048 6.278681278
0.999767244 -0.000129648 0.021573870 0.066895060 0.000103652 0.999999285 0.001206091 0.047201581 -0.021574011 -0.001203575 0.999766529 7.848538399
0.999661982 0.000963050 0.025980968 0.092200734 -0.001032629 0.999995887 0.002664770 0.059319582 -0.025978295 -0.002690698 0.999658883 9.442127228
0.999542654 0.001164168 0.030218972 0.132713363 -0.001281430 0.999991715 0.003861318 0.071849898 -0.030214226 -0.003898275 0.999535859 11.040912628
0.999394059 0.001940528 0.034752142 0.174727693 -0.002068599 0.999991179 0.003649684 0.085741952 -0.034744751 -0.003719361 0.999389291 12.641112328
0.999240696 0.002292600 0.038895145 0.226565793 -0.002401646 0.999993324 0.002757099 0.096468866 -0.038888566 -0.002848418 0.999239504 14.222935677
0.999074280 0.002963243 0.042915732 0.293465704 -0.003067624 0.999992490 0.002366585 0.111855388 -0.042908397 -0.002496044 0.999075890 15.833561897
0.998896122 0.002267711 0.046918996 0.354254454 -0.002373322 0.999994755 0.002195339 0.126121953 -0.046913773 -0.002304269 0.998896301 17.418180466
0.998734117 0.002763871 0.050225116 0.425592303 -0.002891741 0.999992788 0.002473451 0.135941431 -0.050217915 -0.002615558 0.998734832 19.007673264
0.998594165 0.002867327 0.052928507 0.501323938 -0.003010242 0.999992013 0.002620635 0.145435333 -0.052920572 -0.002776279 0.998594880 20.619289398
0.998471737 0.002725401 0.055197101 0.584424853 -0.002875420 0.999992371 0.002638642 0.157070369 -0.055189487 -0.002793325 0.998471975 22.203016281
0.998388231 0.002726316 0.056687307 0.675858200 -0.002856387 0.999993443 0.002213642 0.166071236 -0.056680903 -0.002371995 0.998389542 23.805881500
0.998345971 0.001831423 0.057462297 0.764952123 -0.001993534 0.999994218 0.002763971 0.170036435 -0.057456903 -0.002873953 0.998343825 25.388574600
0.998369515 -0.000253538 0.057081375 0.880240381 0.000015480 0.999991298 0.004170909 0.184384659 -0.057081938 -0.004163225 0.998360813 27.031541824
0.998442829 -0.000876793 0.055777192 0.971257985 0.000589141 0.999986470 0.005173392 0.195675507 -0.055780970 -0.005132475 0.998429835 28.626993179
0.998572767 -0.001119562 0.053396568 1.059259176 0.000847203 0.999986529 0.005123043 0.204090163 -0.053401582 -0.005070493 0.998560250 30.225797653
0.998777688 -0.001418826 0.049407233 1.166286588 0.001201935 0.999989510 0.004419293 0.219283313 -0.049412984 -0.004354507 0.998768926 31.835702896
0.998963177 0.000503353 0.045522936 1.241771340 -0.000716527 0.999988854 0.004666593 0.232725471 -0.045520082 -0.004694373 0.998952389 33.435932159
0.999100268 0.003289078 0.042283218 1.290604591 -0.003474662 0.999984622 0.004316339 0.243539587 -0.042268373 -0.004459376 0.999096334 35.014209747
0.999224067 0.005407572 0.039013367 1.344413280 -0.005494070 0.999982655 0.002110259 0.261144161 -0.039001282 -0.002322964 0.999236465 36.627040863
0.999350250 0.007370967 0.035281818 1.401150107 -0.007394072 0.999972522 0.000524420 0.271444321 -0.035276983 -0.000784955 0.999377251 38.241310120
0.999468386 0.009154634 0.031291433 1.440832376 -0.009132651 0.999957919 -0.000845381 0.280082434 -0.031297855 0.000559158 0.999509931 39.865856171
0.999606431 0.009077975 0.026544400 1.485988259 -0.009037657 0.999957800 -0.001638455 0.289603710 -0.026558153 0.001397911 0.999646306 41.500755310
0.999724567 0.009151227 0.021612348 1.525267243 -0.009145848 0.999958098 -0.000347690 0.294782430 -0.021614624 0.000149931 0.999766350 43.154411316
0.999812603 0.009250126 0.017004786 1.553442836 -0.009263807 0.999956846 0.000725965 0.306835473 -0.016997335 -0.000883358 0.999855161 44.789142609
0.999878526 0.009687326 0.012209591 1.577914000 -0.009708688 0.999951422 0.001691536 0.315768003 -0.012192612 -0.001809870 0.999924004 46.430568695
0.999914408 0.010549755 0.007741643 1.592780828 -0.010574034 0.999939263 0.003102059 0.333349496 -0.007708447 -0.003183654 0.999965250 48.100936890
0.999937177 0.010402040 0.004174626 1.590953112 -0.010423223 0.999932766 0.005085167 0.340973318 -0.004121450 -0.005128361 0.999978364 49.759174347
0.999935567 0.011341441 0.000538229 1.601468086 -0.011344520 0.999916971 0.006111838 0.357662976 -0.000468867 -0.006117550 0.999981165 51.410259247
0.999941409 0.010466345 -0.002758393 1.603984356 -0.010445107 0.999916553 0.007604368 0.384239286 0.002837752 -0.007575111 0.999967277 53.074119568
0.999910474 0.011839551 -0.006230847 1.589776278 -0.011779349 0.999884427 0.009611434 0.405944318 0.006343922 -0.009537179 0.999934375 54.723625183
0.999884367 0.011395141 -0.010070654 1.575289369 -0.011283192 0.999874711 0.011104186 0.434661150 0.010195925 -0.010989273 0.999887645 56.390529633
0.999774396 0.016865198 -0.012911068 1.542324781 -0.016729623 0.999804497 0.010537649 0.461314797 0.013086264 -0.010319274 0.999861121 58.014717102
0.999632776 0.022536298 -0.015047625 1.493875980 -0.022459187 0.999733865 0.005274038 0.487838417 0.015162477 -0.004934144 0.999872863 59.644397736
0.999487936 0.026783312 -0.017506663 1.465328336 -0.026701713 0.999631524 0.004878331 0.506112754 0.017630871 -0.004408375 0.999834836 61.315635681
0.999379992 0.029254740 -0.019591402 1.426725268 -0.029149400 0.999559164 0.005641068 0.528031945 0.019747792 -0.005066493 0.999792159 62.965160370
0.999314368 0.029480243 -0.022400154 1.398801684 -0.029393395 0.999559104 0.004196584 0.545952499 0.022513993 -0.003535290 0.999740303 64.614486694
0.999219418 0.030694878 -0.024866933 1.354750395 -0.030682119 0.999528766 0.000894595 0.552991629 0.024882674 -0.000130926 0.999690354 66.257087708
0.999101043 0.032846536 -0.026798910 1.314247251 -0.032879777 0.999458969 -0.000800568 0.564695477 0.026758116 0.001680990 0.999640524 67.924476624
0.998947084 0.035729945 -0.028776549 1.260833979 -0.035698917 0.999361336 0.001591428 0.570781231 0.028815031 -0.000562461 0.999584615 69.571174622
0.998793840 0.038210958 -0.030834138 1.212404013 -0.038119048 0.999266863 0.003563371 0.586080253 0.030947693 -0.002383705 0.999518156 71.252655029
0.998646319 0.039938368 -0.033324294 1.156812549 -0.039835054 0.999199212 0.003758654 0.593535006 0.033447724 -0.002426090 0.999437511 72.886413574
0.998470843 0.041283660 -0.036764313 1.101031065 -0.041143272 0.999142826 0.004567279 0.614479244 0.036921352 -0.003047690 0.999313533 74.570167542
0.998347819 0.041731149 -0.039498094 1.023805737 -0.041505482 0.999117017 0.006516582 0.628524899 0.039735164 -0.004866429 0.999198377 76.228050232
0.998218596 0.041596334 -0.042771868 0.950690031 -0.041259427 0.999110341 0.008730038 0.644641042 0.043096956 -0.006949744 0.999046743 77.882492065
0.998024583 0.042923696 -0.045874093 0.870826244 -0.042558070 0.999054193 0.008917843 0.671164632 0.046213493 -0.006947914 0.998907447 79.564285278
0.997837186 0.044700872 -0.048194647 0.785499930 -0.044406820 0.998987913 0.007155369 0.691216052 0.048465721 -0.004999723 0.998812318 81.239707947
0.997711122 0.045426581 -0.050089553 0.706158936 -0.045111123 0.998954475 0.007411077 0.717181206 0.050373841 -0.005134518 0.998717248 82.916107178
0.997659504 0.044933166 -0.051541988 0.622174144 -0.044361882 0.998941302 0.012175422 0.736485898 0.052034501 -0.009860425 0.998596609 84.624076843
0.997635365 0.044392291 -0.052468944 0.530877411 -0.043650690 0.998931289 0.015197112 0.776267588 0.053087506 -0.012870871 0.998506904 86.338294983
0.997676134 0.043631922 -0.052331273 0.460136563 -0.042644292 0.998893261 0.019843606 0.797499001 0.053139169 -0.017565863 0.998432577 88.026229858
0.997755945 0.041363511 -0.052651033 0.376341462 -0.040370774 0.998988926 0.019781390 0.837517798 0.053416029 -0.017611438 0.998417020 89.736381531
0.997844636 0.039775170 -0.052191619 0.285232633 -0.038804211 0.999056816 0.019487431 0.881424069 0.052917507 -0.017420175 0.998446941 91.458580017
0.997850001 0.038870871 -0.052767299 0.195072025 -0.038185440 0.999173462 0.013936673 0.920175135 0.053265419 -0.011891767 0.998509586 93.175910950
0.997726083 0.041327216 -0.053242426 0.107404955 -0.040813237 0.999109447 0.010705380 0.948795795 0.053637434 -0.008508041 0.998524249 94.925354004
0.997526884 0.045564994 -0.053515427 0.006663035 -0.045067165 0.998929083 0.010473371 0.979462445 0.053935334 -0.008035681 0.998512089 96.627388000
0.997407019 0.047238689 -0.054292958 -0.093794584 -0.046680566 0.998843610 0.011503084 1.007263303 0.054773565 -0.008938831 0.998458803 98.343048096
0.997439981 0.045786653 -0.054927714 -0.195154309 -0.045125686 0.998893917 0.013214594 1.039114952 0.055472013 -0.010702114 0.998402894 100.061241150
0.997605264 0.041083667 -0.055640273 -0.284515917 -0.040342242 0.999082386 0.014384050 1.075258255 0.056180168 -0.012104951 0.998347282 101.761825562
0.997706413 0.036576703 -0.056956373 -0.367874384 -0.035760913 0.999243617 0.015277361 1.109236360 0.057472087 -0.013205510 0.998259783 103.468536377
0.997727513 0.034258246 -0.058018655 -0.464082450 -0.033363201 0.999309957 0.016326183 1.143679023 0.058537923 -0.014353394 0.998181999 105.166442871
0.997661114 0.035108130 -0.058649082 -0.575505733 -0.034132950 0.999263227 0.017547539 1.173757553 0.059221931 -0.015504631 0.998124421 106.833633423
0.997535765 0.037758503 -0.059132852 -0.683312476 -0.036862917 0.999189615 0.016164064 1.207086802 0.059695262 -0.013944423 0.998119235 108.550590515
0.997451246 0.039598349 -0.059354823 -0.793123066 -0.038758926 0.999132574 0.015228111 1.245410204 0.059906345 -0.012888769 0.998120785 110.270256042
0.997423947 0.040649548 -0.059101902 -0.910339713 -0.039603569 0.999039292 0.018763283 1.285221577 0.059807841 -0.016374301 0.998075604 112.004348755
0.997424901 0.041167218 -0.058726933 -1.018809795 -0.039987225 0.998976767 0.021128992 1.327082515 0.059536666 -0.018726256 0.998050451 113.757202148
0.997380853 0.042968951 -0.058181353 -1.126562238 -0.041822482 0.998908877 0.020781979 1.371724010 0.059010852 -0.018294260 0.998089671 115.479743958
0.997307420 0.045526180 -0.057491764 -1.237562537 -0.044477317 0.998822153 0.019394072 1.411521912 0.058306985 -0.016784772 0.998157561 117.218734741
0.997193575 0.048527334 -0.057009075 -1.351140261 -0.047512013 0.998689294 0.019033000 1.450704575 0.057857975 -0.016270971 0.998192251 118.945846558
0.997189522 0.049497355 -0.056240790 -1.465512872 -0.048503533 0.998644173 0.018901367 1.496379256 0.057100106 -0.016120369 0.998238325 120.686378479
0.997229576 0.049131446 -0.055850524 -1.578748465 -0.048059743 0.998636663 0.020373398 1.539056420 0.056775354 -0.017632795 0.998231232 122.453842163
0.997256517 0.049059547 -0.055430725 -1.692112327 -0.047956888 0.998627543 0.021051409 1.583619714 0.056387421 -0.018335368 0.998240590 124.208496094
0.997257352 0.048624594 -0.055798303 -1.793331742 -0.047488563 0.998640180 0.021508859 1.623074532 0.056768287 -0.018800085 0.998210371 125.927772522
0.997268140 0.048269823 -0.055913281 -1.893418789 -0.047130290 0.998656809 0.021523533 1.666374922 0.056877118 -0.018829525 0.998203635 127.694885254
0.997363150 0.046398245 -0.055802539 -2.001376152 -0.045232691 0.998734832 0.021972565 1.710896969 0.056751426 -0.019390529 0.998199999 129.437408447
0.997399330 0.045253959 -0.056095250 -2.107440710 -0.044093706 0.998790562 0.021752184 1.752816558 0.057011779 -0.019222166 0.998188436 131.181274414
0.997394204 0.044838421 -0.056518383 -2.213727474 -0.043684833 0.998814344 0.021484278 1.793905258 0.057414692 -0.018959299 0.998170376 132.930892944
0.997345626 0.045414206 -0.056914583 -2.327054024 -0.044203032 0.998772264 0.022362432 1.838884830 0.057860278 -0.019787276 0.998128593 134.688232422
0.997359753 0.045299631 -0.056757644 -2.440382242 -0.044030230 0.998755634 0.023420293 1.891834497 0.057747949 -0.020859405 0.998113275 136.554244995
0.997289777 0.046412192 -0.057088114 -2.542240143 -0.045070935 0.998681784 0.024562491 1.948386550 0.058152858 -0.021922905 0.998066962 138.350418091
0.997432649 0.044170283 -0.056366049 -2.644490004 -0.042837437 0.998778164 0.024639903 1.988112330 0.057385530 -0.022162067 0.998106062 140.140411377
0.997484863 0.043620836 -0.055867944 -2.746906757 -0.042321235 0.998809993 0.024238208 2.043371916 0.056858752 -0.021812845 0.998143911 141.929397583
0.997557223 0.041829675 -0.055945072 -2.836525917 -0.040617742 0.998918533 0.022627853 2.088322878 0.056831080 -0.020300217 0.998177409 143.726409912
0.997559667 0.041978557 -0.055790141 -2.940266371 -0.040826645 0.998932123 0.021629551 2.131325722 0.056638543 -0.019299045 0.998208225 145.532424927
0.997509658 0.043300338 -0.055673495 -3.043014050 -0.042054977 0.998842418 0.023349859 2.177717686 0.056620106 -0.020950362 0.998175979 147.311660767
0.997456491 0.044853706 -0.055395331 -3.156635761 -0.043521617 0.998739004 0.025024271 2.228963375 0.056447912 -0.022549728 0.998150885 149.094863892
0.997339070 0.047205683 -0.055555422 -3.259524584 -0.045865025 0.998630643 0.025165133 2.284491777 0.056667283 -0.022550121 0.998138428 150.877868652
0.997407794 0.046332367 -0.055054195 -3.354391336 -0.044963986 0.998654366 0.025839766 2.320535421 0.056177329 -0.023297329 0.998148978 152.697463989
0.997405648 0.047063772 -0.054470085 -3.468507528 -0.045795705 0.998655260 0.024299303 2.372951269 0.055540454 -0.021741766 0.998219669 154.458938599
0.997477591 0.045386821 -0.054575242 -3.572278500 -0.044040777 0.998701215 0.025619352 2.412200212 0.055667140 -0.023151195 0.998180926 156.180038452
0.997503281 0.043308508 -0.055781692 -3.669362068 -0.041767303 0.998720646 0.028505426 2.452700377 0.056944858 -0.026104404 0.998035967 157.920013428
0.997472763 0.041755885 -0.057484709 -3.765367746 -0.040251642 0.998822510 0.027081940 2.510241985 0.058547851 -0.024699643 0.997978985 159.687118530
0.997404516 0.041344181 -0.058948047 -3.861971378 -0.039835170 0.998853505 0.026548820 2.561537743 0.059978101 -0.024131708 0.997907937 161.444671631
0.997337699 0.040201947 -0.060838040 -3.959630251 -0.038598217 0.998881519 0.027310628 2.617433071 0.061867934 -0.024889680 0.997773945 163.216110229
0.997248471 0.039739292 -0.062580056 -4.066211224 -0.038121615 0.998912692 0.026835391 2.672196865 0.063578434 -0.024375899 0.997679114 164.993362427
0.997223377 0.037895773 -0.064105131 -4.177912235 -0.036218382 0.998975575 0.027129425 2.727966309 0.065067552 -0.024732312 0.997574329 166.789138794
0.997126937 0.037801854 -0.065641828 -4.300537586 -0.036054429 0.998968482 0.027604641 2.785779953 0.066617623 -0.025158655 0.997461319 168.569854736
0.996998727 0.038514044 -0.067158073 -4.419127464 -0.036754929 0.998953104 0.027235854 2.831675291 0.068136729 -0.024685722 0.997370541 170.375808716
0.996790707 0.040568136 -0.069011219 -4.547143936 -0.038795665 0.998886824 0.026833562 2.888452768 0.070022985 -0.024070110 0.997254968 172.144271851
0.996615529 0.043451168 -0.069781870 -4.681193829 -0.041705403 0.998784184 0.026283139 2.945181131 0.070839062 -0.023283903 0.997215986 173.917449951
0.996512830 0.044619344 -0.070507057 -4.823850632 -0.042959630 0.998766840 0.024884012 2.991530895 0.071530417 -0.021768279 0.997200847 175.663040161
0.996339262 0.047614682 -0.070999257 -4.959064484 -0.045947466 0.998632610 0.024934238 3.045314074 0.072089411 -0.021580726 0.997164667 177.423263550
0.996272147 0.049488693 -0.070658661 -5.104679585 -0.047766324 0.998523653 0.025861951 3.095288992 0.071834221 -0.022390438 0.997165263 179.164749146
0.996221483 0.050728530 -0.070493884 -5.246443748 -0.049004771 0.998460829 0.025971660 3.143366098 0.071702883 -0.022418989 0.997174025 180.892715454
0.996326208 0.049642015 -0.069783874 -5.379069805 -0.047930103 0.998512328 0.025996665 3.197528124 0.070970587 -0.022556411 0.997223318 182.687637329
0.996349335 0.049250796 -0.069730654 -5.513200760 -0.047511358 0.998522043 0.026388653 3.244653463 0.070927262 -0.022979319 0.997216761 184.447006226
0.996387661 0.048545964 -0.069677159 -5.643932343 -0.046826921 0.998562038 0.026097361 3.299507380 0.070843890 -0.022740323 0.997228146 186.240829468
0.996347249 0.048868444 -0.070029020 -5.771301746 -0.047127202 0.998542428 0.026305651 3.347169638 0.071212463 -0.022909291 0.997198045 188.002120972
0.996314228 0.049223710 -0.070249707 -5.898490906 -0.047349121 0.998482883 0.028105861 3.395632267 0.071526609 -0.024676006 0.997133434 189.757949829
0.996243596 0.050438315 -0.070389472 -6.024281502 -0.048517089 0.998408675 0.028743118 3.454119921 0.071727216 -0.025220055 0.997105360 191.534454346
0.996142089 0.052352831 -0.070427828 -6.161972046 -0.050435659 0.998313963 0.028731244 3.503342152 0.071813241 -0.025068328 0.997103035 193.273956299
0.996022344 0.053512432 -0.071245708 -6.288817883 -0.051683083 0.998290896 0.027278455 3.556395054 0.072583683 -0.023487752 0.997085750 195.020050049
0.995963156 0.053921148 -0.071763001 -6.421232224 -0.052215215 0.998311758 0.025440507 3.609176874 0.073013633 -0.021590687 0.997097194 196.772491455
0.995939970 0.053598233 -0.072324701 -6.557297707 -0.051906560 0.998337209 0.025071563 3.658170462 0.073548228 -0.021215644 0.997065961 198.538742065
0.995882332 0.053585418 -0.073123291 -6.688830853 -0.051833324 0.998326242 0.025653081 3.703333855 0.074375533 -0.021757226 0.996992946 200.281173706
0.995847344 0.053426445 -0.073713854 -6.823288441 -0.051602144 0.998317778 0.026436185 3.748648167 0.075002238 -0.022522612 0.996928990 202.011764526
0.995803177 0.053464312 -0.074280433 -6.956206322 -0.051683925 0.998333037 0.025688745 3.792196035 0.075530037 -0.021741830 0.996906459 203.766891479
0.995743096 0.053460795 -0.075084180 -7.091825485 -0.051746905 0.998357415 0.024590507 3.842311382 0.076275475 -0.020600455 0.996873975 205.516281128
0.995703876 0.053064048 -0.075881854 -7.235368729 -0.051316701 0.998374581 0.024795862 3.888906717 0.077074282 -0.020795329 0.996808469 207.285827637
0.995680928 0.052340847 -0.076680660 -7.377874374 -0.050518982 0.998397231 0.025510618 3.937478542 0.077893004 -0.021526609 0.996729314 209.028549194
0.995599687 0.052022900 -0.077941649 -7.511462688 -0.050140709 0.998405874 0.025915481 3.986824036 0.079165593 -0.021893395 0.996621013 210.773025513
0.995549381 0.051518407 -0.078912809 -7.652670860 -0.049669772 0.998447359 0.025214000 4.028722286 0.080089279 -0.021182202 0.996562600 212.519439697
0.995435476 0.051909093 -0.080085568 -7.792551994 -0.050112277 0.998448253 0.024286633 4.078352928 0.081221990 -0.020162506 0.996492088 214.265960693
0.995358169 0.052522480 -0.080644116 -7.942668915 -0.050665796 0.998405218 0.024900805 4.117312908 0.081823356 -0.020699322 0.996431887 215.925384521
0.995221913 0.053307530 -0.081802353 -8.092908859 -0.051420305 0.998363972 0.025007837 4.167521000 0.083001621 -0.020682046 0.996334791 217.647232056
0.995119989 0.053681538 -0.082791716 -8.238332748 -0.051713411 0.998330235 0.025737561 4.215205193 0.084035106 -0.021330521 0.996234477 219.358154297
0.995034516 0.053643219 -0.083837733 -8.390784264 -0.051632382 0.998328328 0.025973342 4.264157295 0.085090883 -0.021515628 0.996140838 221.101272583
0.994948089 0.053925272 -0.084678233 -8.540580750 -0.051918507 0.998319924 0.025726279 4.320349693 0.085923262 -0.021199943 0.996076167 222.834426880
0.994798779 0.054674700 -0.085942321 -8.691741943 -0.052583035 0.998267055 0.026417868 4.367415428 0.087237775 -0.021761354 0.995949805 224.553283691
0.994631529 0.056543376 -0.086665697 -8.858444214 -0.054349788 0.998144090 0.027466737 4.417109013 0.088057920 -0.022609020 0.995858729 226.325866699
0.994417787 0.057292797 -0.088604532 -8.997547150 -0.055005182 0.998091996 0.028049929 4.467229843 0.090042531 -0.023019640 0.995671868 228.027557373
0.994352579 0.055964470 -0.090171784 -9.150703430 -0.053614262 0.998161197 0.028280269 4.523684978 0.091588661 -0.023286065 0.995524645 229.751846313
0.994273722 0.055287182 -0.091449693 -9.314314842 -0.052951522 0.998210788 0.027774340 4.580985069 0.092821635 -0.022772897 0.995422304 231.497177124
0.994221985 0.054218341 -0.092644423 -9.482775688 -0.051982436 0.998299479 0.026381083 4.628442764 0.093917213 -0.021412771 0.995349705 233.204650879
0.994118929 0.052588034 -0.094668172 -9.645182610 -0.050531175 0.998434186 0.023996377 4.673551559 0.095781863 -0.019071560 0.995219648 234.909805298
0.993969440 0.052891709 -0.096058577 -9.814023018 -0.050875727 0.998432755 0.023318026 4.716472626 0.097141363 -0.018290356 0.995102525 236.611190796
0.993898392 0.052950211 -0.096758738 -9.985389709 -0.050885845 0.998423696 0.023681413 4.756684780 0.097860150 -0.018613270 0.995026112 238.323410034
0.993723631 0.055261638 -0.097259879 -10.150908470 -0.052981976 0.998260319 0.025869461 4.800556660 0.098520264 -0.020554075 0.994922757 240.004470825
0.993679285 0.057010364 -0.096701965 -10.323806763 -0.054466683 0.998101771 0.028745305 4.856176376 0.098157175 -0.023296578 0.994898200 241.720687866
0.993659019 0.059737109 -0.095253408 -10.491791725 -0.057147872 0.997924328 0.029685179 4.908837795 0.096828997 -0.024053417 0.995010316 243.430084229
0.993653893 0.060847063 -0.094602413 -10.652908325 -0.058529530 0.997918189 0.027084887 4.963987827 0.096053503 -0.021375969 0.995146632 245.122863770
0.993717909 0.060559329 -0.094112851 -10.814779282 -0.058529764 0.997992754 0.024180489 5.008302689 0.095388301 -0.018520184 0.995267868 246.806945801
0.993923485 0.057564124 -0.093821399 -10.970048904 -0.055803079 0.998214781 0.021289079 5.054966927 0.094879396 -0.015924193 0.995361388 248.497741699
0.994161785 0.054687820 -0.093013890 -11.133813858 -0.052988891 0.998381793 0.020639868 5.089440346 0.093992122 -0.015590666 0.995450854 250.171081543
0.994388103 0.052164186 -0.092039160 -11.291613579 -0.050381426 0.998496652 0.021589456 5.121950626 0.093026996 -0.016831234 0.995521307 251.843978882
0.994578481 0.050089452 -0.091130286 -11.449165344 -0.048257414 0.998588204 0.022198480 5.156820297 0.092113540 -0.017680418 0.995591521 253.506439209
0.994602680 0.048813637 -0.091556996 -11.595308304 -0.046941470 0.998644352 0.022492556 5.194856644 0.092530824 -0.018073337 0.995545805 255.176879883
0.994563580 0.048511289 -0.092140727 -11.750450134 -0.046668742 0.998667061 0.022048838 5.230655670 0.093087524 -0.017628880 0.995501876 256.819183350
0.994532824 0.047445867 -0.093023658 -11.901825905 -0.045625750 0.998725116 0.021597447 5.266549110 0.093929768 -0.017235095 0.995429635 258.451263428
0.994295001 0.049965385 -0.094238698 -12.064061165 -0.048055384 0.998592794 0.022430746 5.296365738 0.095226847 -0.017774101 0.995296896 260.070007324
0.994122863 0.051986769 -0.094958551 -12.224104881 -0.049905181 0.998461545 0.024167445 5.336803436 0.096068844 -0.019286485 0.995187819 261.678009033
0.993645132 0.059663538 -0.095444568 -12.402609825 -0.057319913 0.997987628 0.027113365 5.373691559 0.096870176 -0.021470189 0.995065451 263.278015137
0.993344009 0.063558504 -0.096062623 -12.564851761 -0.061331701 0.997779727 0.025961328 5.411135197 0.097499408 -0.019896846 0.995036662 264.870208740
0.993218124 0.063360520 -0.097484514 -12.720885277 -0.061625883 0.997884512 0.020706262 5.448690414 0.098590247 -0.014558265 0.995021641 266.431854248
0.993226469 0.060197383 -0.099385478 -12.872415543 -0.058734089 0.998118758 0.017586943 5.472220421 0.100257196 -0.011630502 0.994893551 267.959503174
0.993110061 0.059079517 -0.101202913 -13.026482582 -0.058001015 0.998224318 0.013568982 5.489811420 0.101824857 -0.007605621 0.994773269 269.467926025
0.993186057 0.056125272 -0.102134548 -13.179938316 -0.054908313 0.998383343 0.014690101 5.513195515 0.102793917 -0.008981967 0.994662106 270.964080811
0.993151128 0.056003690 -0.102540024 -13.343778610 -0.053745966 0.998250306 0.024652177 5.534948826 0.103741221 -0.018972224 0.994423330 272.474029541
0.993082285 0.055544961 -0.103452012 -13.490882874 -0.052422658 0.998090744 0.032661520 5.572417736 0.105068676 -0.027012350 0.994098008 273.926361084
0.993386447 0.047687862 -0.104447193 -13.636601448 -0.044571925 0.998494565 0.031967606 5.611558437 0.105814420 -0.027100775 0.994016528 275.374450684
0.993313313 0.045548405 -0.106085099 -13.776165009 -0.042691503 0.998665929 0.029048415 5.647367954 0.107266679 -0.024325244 0.993932664 276.759063721
0.993175805 0.044174183 -0.107937239 -13.922591209 -0.042030744 0.998872876 0.022054249 5.682323933 0.108789809 -0.017367065 0.993913054 278.133209229
0.993236423 0.041941870 -0.108269297 -14.086412430 -0.039884806 0.998981535 0.021096576 5.701118469 0.109043859 -0.016635589 0.993897736 279.541442871
0.992967129 0.046524312 -0.108865798 -14.230942726 -0.044060878 0.998717844 0.024926625 5.722747326 0.109885901 -0.019954598 0.993743896 280.879486084
0.992985725 0.044807695 -0.109414943 -14.393033981 -0.042502508 0.998824358 0.023311580 5.746254921 0.110330850 -0.018497657 0.993722796 282.186523438
0.992900074 0.043751016 -0.110613368 -14.532083511 -0.041644327 0.998905718 0.021285709 5.774028301 0.111423597 -0.016528161 0.993635535 283.474792480
0.992825210 0.042685281 -0.111696266 -14.685174942 -0.041134953 0.999023080 0.016148830 5.794529438 0.112276465 -0.011438345 0.993611157 284.778381348
0.992751122 0.039922081 -0.113364078 -14.824555397 -0.039087050 0.999189913 0.009579998 5.815948963 0.113654695 -0.005079487 0.993507326 286.036804199
0.992660403 0.039522275 -0.114295036 -14.973217964 -0.038802538 0.999210596 0.008515975 5.837243557 0.114541382 -0.004018534 0.993410349 287.308074951
0.992594540 0.040246274 -0.114613965 -15.134984016 -0.039047424 0.999156833 0.012686751 5.845153809 0.115027919 -0.008117420 0.993329108 288.589538574
0.992525995 0.039841555 -0.115346469 -15.279170990 -0.038372282 0.999151945 0.014931343 5.868998528 0.115843534 -0.010393639 0.993213117 289.870788574
0.992348969 0.041004259 -0.116456836 -15.438555717 -0.039568305 0.999109983 0.014616529 5.889574051 0.116952524 -0.009896698 0.993088186 291.139862061
0.992226303 0.041849621 -0.117199115 -15.596937180 -0.040479399 0.999081612 0.014048404 5.912000179 0.117679402 -0.009195046 0.993009090 292.405059814
0.992052078 0.043790691 -0.117962107 -15.756091118 -0.042550102 0.999009550 0.013016067 5.929990768 0.118415251 -0.007893316 0.992932796 293.666107178
0.991931975 0.044486221 -0.118709572 -15.911489487 -0.043365858 0.998987138 0.012005607 5.949991226 0.119123414 -0.006760803 0.992856443 294.920227051
0.991695642 0.045831364 -0.120163463 -16.059267044 -0.044756070 0.998930216 0.011633603 5.964302063 0.120568097 -0.006158948 0.992685974 296.187164307
0.991593301 0.046866491 -0.120607786 -16.228460312 -0.045840621 0.998885214 0.011267860 5.977467537 0.121001415 -0.005644399 0.992636263 297.451965332
0.991439879 0.047640622 -0.121561840 -16.382314682 -0.046592601 0.998848319 0.011450915 5.996451378 0.121967368 -0.005689012 0.992517829 298.697082520
0.991387129 0.047729496 -0.121957012 -16.537803650 -0.046562895 0.998838425 0.012399474 6.019919872 0.122407168 -0.006614008 0.992457926 299.946594238
0.991418660 0.048422672 -0.121426180 -16.709997177 -0.047252249 0.998804748 0.012501725 6.023038387 0.121886410 -0.006656784 0.992521703 301.168090820
0.991486490 0.047071461 -0.121403687 -16.861543655 -0.046097979 0.998878360 0.010816320 6.041133881 0.121776655 -0.005127771 0.992544293 302.409698486
0.991555572 0.045899786 -0.121287711 -17.015975952 -0.044975542 0.998934507 0.010348353 6.063117981 0.121633463 -0.004805987 0.992563426 303.665161133
0.991712332 0.044354111 -0.120579332 -17.171104431 -0.043477450 0.999005437 0.009892864 6.072512627 0.120898195 -0.004568394 0.992654383 304.901947021
0.991735101 0.044634961 -0.120287828 -17.324113846 -0.043805420 0.998994589 0.009533074 6.091578960 0.120592400 -0.004185026 0.992693305 306.141204834
0.991834998 0.044531245 -0.119500346 -17.476724625 -0.043625023 0.998996019 0.010190025 6.106598377 0.119834147 -0.004893618 0.992781878 307.371673584
0.991910517 0.045254897 -0.118598267 -17.622396469 -0.044214245 0.998957098 0.011392482 6.130567551 0.118990153 -0.006056590 0.992876947 308.610900879
0.992030740 0.046073195 -0.117270209 -17.774982452 -0.044793647 0.998904705 0.013524800 6.146561623 0.117764898 -0.008164057 0.993007958 309.830627441
0.992165387 0.045589212 -0.116316229 -17.918348312 -0.044274233 0.998923182 0.013865319 6.166120529 0.116823092 -0.008606878 0.993115425 311.051940918
0.992362559 0.044595916 -0.115011752 -18.064428329 -0.043451678 0.998978078 0.012438051 6.182030201 0.115448907 -0.007345604 0.993286252 312.271453857
0.992559433 0.042962153 -0.113929980 -18.210500717 -0.041960854 0.999056756 0.011173423 6.197691917 0.114302553 -0.006309688 0.993425965 313.497009277
0.992716551 0.041750859 -0.113007680 -18.348106384 -0.040804144 0.999110103 0.010678536 6.218199730 0.113352954 -0.005989578 0.993536711 314.726013184
0.992904723 0.041360892 -0.111487851 -18.497020721 -0.040356226 0.999121964 0.011254050 6.232825279 0.111855440 -0.006674970 0.993702054 315.949249268
0.992998183 0.042066671 -0.110385887 -18.636264801 -0.041047782 0.999091148 0.011487608 6.249613285 0.110768810 -0.006876078 0.993822396 317.166931152
0.993050814 0.043867238 -0.109205209 -18.778312683 -0.042849328 0.999013603 0.011651518 6.261961937 0.109608606 -0.006891180 0.993950963 318.386291504
0.993100464 0.045645639 -0.108018480 -18.911260605 -0.044611003 0.998932660 0.011976766 6.281061172 0.108449876 -0.007075320 0.994076729 319.592773438
0.993166804 0.048134461 -0.106314696 -19.058759689 -0.047089316 0.998814702 0.012320631 6.287620544 0.106781721 -0.007230156 0.994256198 320.821136475
0.993185878 0.050079364 -0.105232447 -19.194639206 -0.049141679 0.998725772 0.011486304 6.305073738 0.105673581 -0.006236736 0.994381309 322.034729004
0.993226051 0.052091971 -0.103867352 -19.324573517 -0.051166367 0.998623252 0.011557861 6.322884560 0.104326427 -0.006165053 0.994524002 323.237060547
0.993369341 0.052441567 -0.102309532 -19.454816818 -0.051489037 0.998602271 0.011930835 6.338003159 0.102792203 -0.006583906 0.994681060 324.436889648
0.993469894 0.052423023 -0.101338148 -19.575071335 -0.051529668 0.998606205 0.011415095 6.349989891 0.101795316 -0.006118632 0.994786561 325.647155762
0.993698001 0.050560262 -0.100039706 -19.702976227 -0.050008353 0.998716593 0.008018547 6.364630699 0.100316733 -0.002965193 0.994951129 326.841644287
0.993914008 0.047693789 -0.099298708 -19.824243546 -0.047456462 0.998862028 0.004752058 6.376722813 0.099412352 -0.000010771 0.995046318 328.030090332
0.994105756 0.046174843 -0.098089695 -19.945085526 -0.045930799 0.998933375 0.004745831 6.388505459 0.098204210 -0.000212520 0.995166242 329.226409912
0.994314373 0.045565616 -0.096243121 -20.069248199 -0.044810951 0.998945534 0.009989235 6.389925003 0.096596800 -0.005619694 0.995307744 330.420715332
0.994355261 0.045784734 -0.095714755 -20.183917999 -0.044495210 0.998888314 0.015564894 6.402306557 0.096320987 -0.011218186 0.995287120 331.613281250
0.994473279 0.045359720 -0.094685741 -20.303379059 -0.043900240 0.998883665 0.017441556 6.422321320 0.095371187 -0.013188434 0.995354414 332.796508789
0.994524002 0.044920161 -0.094361804 -20.425369263 -0.043572836 0.998917401 0.016291568 6.437900543 0.094991475 -0.012090745 0.995404661 333.977111816
0.994580686 0.044053584 -0.094173059 -20.539470673 -0.042899616 0.998977840 0.014244266 6.459828854 0.094704308 -0.010127083 0.995453954 335.148010254
0.994611740 0.043500952 -0.094101876 -20.651994705 -0.042427152 0.999009907 0.013382715 6.474961281 0.094590873 -0.009318131 0.995472610 336.317260742
0.994703829 0.042476308 -0.093595400 -20.769119263 -0.041574541 0.999068499 0.011564519 6.492886543 0.093999438 -0.007612085 0.995543122 337.480255127
0.994755626 0.041469082 -0.093496315 -20.876174927 -0.040632211 0.999115407 0.010837619 6.509473801 0.093863033 -0.006981821 0.995560646 338.647613525
0.994789541 0.041532360 -0.093106396 -20.991880417 -0.040651191 0.999109030 0.011341571 6.525077343 0.093494482 -0.007497590 0.995591581 339.783691406
0.994838536 0.040165041 -0.093182653 -21.091564178 -0.039204121 0.999157727 0.012120693 6.538483620 0.093590997 -0.008404989 0.995575249 340.929626465
0.994863272 0.040843908 -0.092621796 -21.209268570 -0.039828088 0.999124706 0.012790227 6.556770802 0.093063131 -0.009035579 0.995619237 342.061370850
0.994942486 0.039919727 -0.092172712 -21.316146851 -0.038827635 0.999153197 0.013612012 6.569959641 0.092638053 -0.009964322 0.995649993 343.212646484
0.995060861 0.039072748 -0.091253377 -21.433315277 -0.037863005 0.999171078 0.014951397 6.586477757 0.091761932 -0.011422423 0.995715439 344.340820312
0.995153844 0.038220152 -0.090598136 -21.540706635 -0.036889106 0.999186039 0.016321611 6.601640224 0.091148205 -0.012900429 0.995753765 345.475372314
0.995295644 0.035371836 -0.090196505 -21.642637253 -0.034117181 0.999298930 0.015414732 6.625701904 0.090678521 -0.012264965 0.995804667 346.627380371
0.995470047 0.032454018 -0.089364968 -21.749044418 -0.031214692 0.999396622 0.015231329 6.645109653 0.089805365 -0.012372833 0.995882452 347.757293701
0.995622575 0.029203152 -0.088785447 -21.851869583 -0.027874338 0.999480665 0.016170060 6.658909798 0.089211553 -0.013624443 0.995919526 348.895538330
0.995745540 0.026941473 -0.088119328 -21.949951172 -0.025564156 0.999533296 0.016721720 6.675129414 0.088528715 -0.014397882 0.995969534 350.046539307
0.995819092 0.026290292 -0.087482147 -22.050188065 -0.025037851 0.999568164 0.015383330 6.695956707 0.087848797 -0.013128649 0.996047318 351.177246094
0.995895982 0.026415626 -0.086564556 -22.152338028 -0.025431799 0.999599040 0.012448595 6.716973305 0.086858690 -0.010196013 0.996168494 352.319000244
0.995967627 0.027825201 -0.085289143 -22.257953644 -0.027134217 0.999589026 0.009250439 6.727599621 0.085511483 -0.006898884 0.996313274 353.444976807
0.996043444 0.028881568 -0.084043853 -22.361419678 -0.028233746 0.999561846 0.008886755 6.732340336 0.084263697 -0.006478721 0.996422410 354.572814941
0.996071696 0.030279765 -0.083212204 -22.456632614 -0.029636206 0.999520600 0.008958552 6.742607594 0.083443575 -0.006457266 0.996491611 355.689788818
0.996136427 0.030943282 -0.082186826 -22.547178268 -0.030303616 0.999500036 0.009019370 6.755433559 0.082424827 -0.006493965 0.996576130 356.805755615
0.996231556 0.030607443 -0.081153072 -22.634590149 -0.029863533 0.999500215 0.010365009 6.767363548 0.081429765 -0.007902432 0.996647775 357.923645020
0.996377885 0.029899660 -0.079606399 -22.727399826 -0.028959550 0.999496877 0.012938174 6.781220913 0.079953186 -0.010585945 0.996742427 359.039123535
0.996473730 0.028648060 -0.078862824 -22.805974960 -0.027691836 0.999529421 0.013192415 6.802212715 0.079203650 -0.010962039 0.996798158 360.160858154
0.996582270 0.027841661 -0.077772789 -22.899454117 -0.027105322 0.999577343 0.010507683 6.820534706 0.078032471 -0.008363714 0.996915758 361.261901855
0.996647894 0.028844193 -0.076556854 -22.992301941 -0.028304413 0.999566317 0.008126626 6.834493637 0.076758057 -0.005932488 0.997032106 362.355987549
0.996593654 0.031416133 -0.076250441 -23.070079803 -0.030989939 0.999496818 0.006766455 6.847438335 0.076424651 -0.004380409 0.997065723 363.477752686
0.996560693 0.034189239 -0.075484030 -23.155965805 -0.033833783 0.999409556 0.005983144 6.861146927 0.075644016 -0.003408656 0.997129083 364.578277588
0.996513903 0.036390796 -0.075071715 -23.250057220 -0.036048267 0.999332547 0.005913117 6.867543221 0.075236797 -0.003186298 0.997160614 365.684265137
0.996437550 0.037102226 -0.075733706 -23.330499649 -0.036803979 0.999308288 0.005330444 6.876086712 0.075879090 -0.002524153 0.997113824 366.782592773
0.996364236 0.037094947 -0.076695956 -23.419692993 -0.036733195 0.999306381 0.006122552 6.882097721 0.076869875 -0.003283005 0.997035742 367.887145996
0.996287346 0.036382638 -0.078024663 -23.509885788 -0.035874870 0.999325037 0.007900137 6.893353939 0.078259431 -0.005071682 0.996920109 368.988067627
0.996080995 0.035456065 -0.081027806 -23.589408875 -0.034731694 0.999343276 0.010332245 6.903053761 0.081340931 -0.007477520 0.996658266 370.077972412
0.995929778 0.035554625 -0.082823724 -23.713871002 -0.034780081 0.999336898 0.010776258 6.922331810 0.083151951 -0.007851780 0.996505976 371.199035645
0.995623529 0.034916103 -0.086686999 -23.808511734 -0.034234006 0.999370158 0.009343158 6.931850910 0.086958624 -0.006334626 0.996191800 372.299072266
0.995317340 0.034052145 -0.090464912 -23.914375305 -0.033643939 0.999415696 0.006033874 6.948522568 0.090617523 -0.002962023 0.995881379 373.406188965
0.995010555 0.032087825 -0.094469115 -24.009220123 -0.031935412 0.999485075 0.003125157 6.953730106 0.094520748 -0.000092654 0.995522916 374.524261475
0.994772732 0.031268310 -0.097208343 -24.127120972 -0.031235730 0.999510348 0.001857298 6.965122223 0.097218812 0.001188784 0.995262325 375.641113281
0.994387567 0.032582369 -0.100656554 -24.242897034 -0.032537758 0.999468327 0.002085333 6.966149330 0.100670986 0.001201509 0.994919062 376.770721436
0.994017541 0.034355219 -0.103676692 -24.369739532 -0.034275107 0.999409199 0.002554707 6.976371765 0.103703201 0.001014106 0.994607747 377.888183594
0.993718565 0.035308879 -0.106192067 -24.506303787 -0.034959756 0.999375463 0.005147918 6.985918999 0.106307514 -0.001403132 0.994332314 379.013366699
0.993353844 0.036837026 -0.109046742 -24.636911392 -0.035989419 0.999304771 0.009731529 7.006332874 0.109329417 -0.005742323 0.993988991 380.156188965
0.992987156 0.037973333 -0.111957937 -24.773727417 -0.036814634 0.999245167 0.012399387 7.016670227 0.112344280 -0.008190741 0.993635595 381.305480957
0.992543101 0.038995601 -0.115488335 -24.911869049 -0.038170807 0.999227524 0.009345575 7.036891937 0.115763560 -0.004867604 0.993264854 382.466644287
0.992091119 0.039461780 -0.119155213 -25.046987534 -0.039153889 0.999221027 0.004924795 7.055116653 0.119256735 -0.000220456 0.992863417 383.625640869
0.991699576 0.041464407 -0.121707395 -25.201379776 -0.041243915 0.999139726 0.004331402 7.072506428 0.121782288 0.000724240 0.992556572 384.791442871
0.991298974 0.043603633 -0.124197468 -25.357501984 -0.043140169 0.999048412 0.006419898 7.081908226 0.124359213 -0.001006138 0.992236733 385.972167969
0.990990460 0.043613616 -0.126632378 -25.510215759 -0.042941835 0.999045312 0.008031352 7.096718788 0.126861751 -0.002521167 0.991917193 387.153045654
0.990772963 0.042315047 -0.128757194 -25.671413422 -0.041408110 0.999095082 0.009713813 7.112242699 0.129051715 -0.004292592 0.991628587 388.346893311
0.990514576 0.039621208 -0.131571382 -25.814302444 -0.038339175 0.999189496 0.012263950 7.127447128 0.131950647 -0.007103283 0.991230845 389.545532227
0.990204811 0.039429381 -0.133939579 -25.988956451 -0.037881467 0.999182940 0.014086617 7.148479462 0.134385571 -0.008874808 0.990889370 390.749938965
0.989819646 0.038640428 -0.136981815 -26.149587631 -0.036993787 0.999209583 0.014547244 7.175932884 0.137435660 -0.009331672 0.990466714 391.948516846
0.989468098 0.038708899 -0.139479205 -26.330051422 -0.037088804 0.999211133 0.014196902 7.194154739 0.139918730 -0.008874265 0.990123212 393.150299072
0.989112735 0.038591869 -0.142009318 -26.503629684 -0.037138771 0.999227226 0.012869686 7.213127136 0.142396241 -0.007455520 0.989781678 394.339965820
0.988965631 0.035994656 -0.143705651 -26.687883377 -0.034839701 0.999337256 0.010546097 7.235426903 0.143990010 -0.005423066 0.989564300 395.538085938
0.988640308 0.033956911 -0.146414801 -26.867446899 -0.032863639 0.999410987 0.009880092 7.255217075 0.146664053 -0.004956135 0.989173949 396.745178223
