1.000000000 0.000000000 0.000000000 0.000000000 0.000000000 1.000000000 0.000000000 0.000000000 0.000000000 0.000000000 1.000000000 0.000000000
0.999999523 -0.000968795 0.000192316 0.071014978 0.000968689 0.999999404 0.000551608 -0.013700467 -0.000192850 -0.000551421 0.999999821 0.101913691
0.999999225 -0.000885442 0.000899454 -0.003112308 0.000885422 0.999999583 0.000022154 0.001266490 -0.000899473 -0.000021357 0.999999583 0.501958728
0.999999285 -0.000114834 0.001189464 -0.007647676 0.000115554 0.999999821 -0.000605571 -0.001891285 -0.001189394 0.000605708 0.999999106 0.750759959
0.999998868 -0.000271886 0.001498617 -0.014672218 0.000273582 0.999999344 -0.001131740 0.002018583 -0.001498309 0.001132148 0.999998212 0.999019146
0.999998569 -0.000323347 0.001656849 -0.007505964 0.000325267 0.999999285 -0.001159164 -0.000953825 -0.001656473 0.001159701 0.999997973 1.222792625
0.999997556 0.000816337 0.002040997 -0.021159617 -0.000813915 0.999998987 -0.001187024 0.001416431 -0.002041964 0.001185360 0.999997199 1.482841253
0.999997139 0.000651670 0.002299981 -0.017779119 -0.000650439 0.999999642 -0.000536007 -0.001105887 -0.002300330 0.000534509 0.999997199 1.717853189
0.999997020 -0.000229622 0.002428328 -0.016627628 0.000230394 0.999999940 -0.000317325 0.001284144 -0.002428255 0.000317883 0.999997020 1.955386519
0.999995410 -0.000097286 0.003037448 -0.023648484 0.000097344 1.000000000 -0.000018925 0.000552128 -0.003037446 0.000019220 0.999995410 2.202421665
0.999994159 -0.001636586 0.002995514 -0.010625692 0.001633432 0.999998093 0.001054998 0.000653453 -0.002997235 -0.001050098 0.999994934 2.424538612
0.999993086 -0.001339372 0.003462277 -0.018487815 0.001335718 0.999998569 0.001057336 -0.000607072 -0.003463689 -0.001052704 0.999993443 2.670563459
0.999990940 -0.001477773 0.003997059 -0.021494474 0.001472380 0.999997973 0.001351707 0.000429938 -0.003999048 -0.001345810 0.999991119 2.904411316
0.999992311 -0.001229379 0.003716129 -0.021641159 0.001223016 0.999997795 0.001713988 0.002308255 -0.003718228 -0.001709430 0.999991655 3.139554262
0.999991059 -0.001607577 0.003910010 -0.017697496 0.001598884 0.999996245 0.002225499 0.003857558 -0.003913573 -0.002219228 0.999989867 3.360860109
0.999988914 -0.001056635 0.004585359 -0.019632470 0.001045798 0.999996662 0.002365139 0.002082473 -0.004587843 -0.002360317 0.999986708 3.583253145
0.999988973 -0.000847609 0.004619245 -0.021707065 0.000835669 0.999996305 0.002586160 0.000274208 -0.004621420 -0.002582272 0.999985993 3.813299417
0.999987364 -0.001733019 0.004724554 -0.012691685 0.001721690 0.999995649 0.002400842 0.000671976 -0.004728694 -0.002392678 0.999985933 4.015075207
0.999986053 -0.000673736 0.005236103 -0.022276675 0.000663313 0.999997795 0.001991991 0.001059566 -0.005237434 -0.001988490 0.999984324 4.243649006
0.999985397 -0.001127864 0.005281860 -0.005337592 0.001112267 0.999994993 0.002954986 -0.002627909 -0.005285167 -0.002949068 0.999981701 4.428978443
0.999983966 -0.000583630 0.005629313 -0.016102692 0.000569086 0.999996483 0.002584812 -0.000349360 -0.005630801 -0.002581568 0.999980807 4.653782845
0.999980628 -0.001974685 0.005906667 -0.021704802 0.001958952 0.999994516 0.002668250 0.004209321 -0.005911903 -0.002656627 0.999979019 4.870164871
0.999977529 -0.003601791 0.005652479 0.005465394 0.003582366 0.999987662 0.003442968 0.001481091 -0.005664811 -0.003422642 0.999978125 5.022381306
0.999979496 -0.002665071 0.005826080 -0.002275013 0.002647543 0.999991953 0.003014139 0.005160522 -0.005834066 -0.002998653 0.999978483 5.223658085
0.999978721 -0.001520426 0.006340219 -0.015359542 0.001501484 0.999994397 0.002991283 0.001707194 -0.006344731 -0.002981700 0.999975443 5.433651924
0.999975681 -0.002087313 0.006650280 -0.017282270 0.002066863 0.999993145 0.003080401 0.007224650 -0.006656664 -0.003066581 0.999973118 5.610545635
0.999975443 -0.001909833 0.006747099 -0.017571062 0.001887465 0.999992728 0.003320035 0.004938965 -0.006753391 -0.003307219 0.999971747 5.785347462
0.999974370 -0.002579359 0.006683164 0.002278331 0.002555958 0.999990582 0.003507567 0.004182333 -0.006692149 -0.003490395 0.999971509 5.911579132
0.999973238 -0.002648142 0.006819942 -0.012692798 0.002622465 0.999989450 0.003771188 0.005937486 -0.006829856 -0.003753203 0.999969661 6.100415230
0.999971449 -0.002409813 0.007159199 -0.018480500 0.002380259 0.999988616 0.004133648 0.005261626 -0.007169079 -0.004116490 0.999965847 6.253121853
0.999968112 -0.003323912 0.007262701 -0.009858950 0.003292665 0.999985278 0.004310218 0.008793388 -0.007276922 -0.004286167 0.999964356 6.372963428
0.999968946 -0.002608056 0.007438481 -0.012697694 0.002574286 0.999986351 0.004545938 0.007693188 -0.007450236 -0.004526648 0.999961972 6.501168728
0.999965250 -0.004196140 0.007205472 -0.010340902 0.004164678 0.999981761 0.004376019 0.013715080 -0.007223703 -0.004345858 0.999964476 6.613154888
0.999966621 -0.003037791 0.007585926 -0.015930237 0.003008635 0.999988079 0.003851936 0.013134765 -0.007597536 -0.003828984 0.999963820 6.726552486
0.999969840 -0.001243283 0.007667411 -0.012866914 0.001215080 0.999992490 0.003681940 0.006315041 -0.007671931 -0.003672512 0.999963820 6.824806213
0.999966502 -0.002900474 0.007656767 -0.012592454 0.002870175 0.999988019 0.003965231 0.011985410 -0.007668177 -0.003943122 0.999962807 6.932602882
0.999959767 -0.003926062 0.008066193 -0.005324819 0.003895466 0.999985158 0.003805371 0.014580544 -0.008081013 -0.003773796 0.999960244 7.016624928
0.999960899 -0.004177242 0.007792628 -0.007333258 0.004146973 0.999983788 0.003896511 0.015520848 -0.007808779 -0.003864043 0.999962032 7.130455971
0.999960601 -0.003995360 0.007930142 -0.008018046 0.003962843 0.999983668 0.004111858 0.017741736 -0.007946441 -0.004080269 0.999960124 7.227358341
0.999952674 -0.005756360 0.007840249 -0.008965194 0.005722838 0.999974430 0.004291278 0.023260240 -0.007864751 -0.004246206 0.999960065 7.325779915
0.999958336 -0.004238341 0.008081938 -0.010334872 0.004204098 0.999982119 0.004249294 0.017922623 -0.008099804 -0.004215140 0.999958336 7.414118767
0.999955595 -0.004648702 0.008198223 -0.009678205 0.004611736 0.999979138 0.004522228 0.020140786 -0.008219074 -0.004484219 0.999956191 7.496809959
0.999960661 -0.003346800 0.008212968 -0.007630147 0.003308418 0.999983549 0.004682496 0.015957307 -0.008228504 -0.004655140 0.999955297 7.578322887
0.999957561 -0.003877596 0.008358519 -0.006895544 0.003840647 0.999982774 0.004432054 0.017879464 -0.008375561 -0.004399764 0.999955237 7.657523632
0.999953032 -0.004209215 0.008728751 -0.002339118 0.004170978 0.999981642 0.004394182 0.018282514 -0.008747087 -0.004357568 0.999952257 7.716413498
0.999953508 -0.004308335 0.008624281 -0.003380038 0.004268751 0.999980271 0.004603034 0.019615225 -0.008643942 -0.004566005 0.999952197 7.788819790
0.999953389 -0.004715753 0.008422944 -0.003608796 0.004677365 0.999978602 0.004571466 0.020599101 -0.008444322 -0.004531856 0.999954104 7.851281166
0.999955535 -0.004203123 0.008444862 -0.004334200 0.004163362 0.999980211 0.004720351 0.020102087 -0.008464534 -0.004684982 0.999953210 7.908450603
0.999950349 -0.005039029 0.008600280 -0.003443261 0.004998242 0.999976218 0.004757341 0.021598471 -0.008624048 -0.004714118 0.999951720 7.953742981
0.999946058 -0.005396077 0.008875510 -0.006530134 0.005354743 0.999974728 0.004674317 0.023292352 -0.008900508 -0.004626539 0.999949694 7.999319077
0.999949515 -0.004777287 0.008841122 -0.005779366 0.004733003 0.999976158 0.005023095 0.020515308 -0.008864908 -0.004980996 0.999948323 8.032536507
0.999950111 -0.004569911 0.008883085 -0.005129213 0.004524562 0.999976635 0.005118520 0.019806879 -0.008906269 -0.005078072 0.999947429 8.057193756
0.999947250 -0.004824870 0.009068641 -0.004266499 0.004778561 0.999975443 0.005121291 0.020441320 -0.009093128 -0.005077686 0.999945760 8.072402954
0.999946356 -0.005363625 0.008858931 -0.001232134 0.005316954 0.999971926 0.005283388 0.020716103 -0.008887021 -0.005236002 0.999946773 8.077658653
0.999946892 -0.005149937 0.008925640 -0.004506313 0.005102426 0.999972761 0.005337583 0.020456316 -0.008952885 -0.005291758 0.999945939 8.078741074
0.999946594 -0.005170871 0.008947414 -0.002016075 0.005127587 0.999975085 0.004853820 0.018787891 -0.008972289 -0.004807683 0.999948204 8.070932388
0.999947906 -0.005161289 0.008808153 0.000846212 0.005127617 0.999979496 0.003841120 0.017445825 -0.008827797 -0.003795755 0.999953806 8.063434601
0.999948323 -0.004850664 0.008934315 -0.001882314 0.004814624 0.999980211 0.004050967 0.018183848 -0.008953788 -0.004007742 0.999951899 8.069331169
0.999948144 -0.005410393 0.008628901 -0.001435244 0.005372529 0.999975860 0.004405268 0.019828146 -0.008652527 -0.004358680 0.999953091 8.071588516
0.999947488 -0.005172154 0.008849245 -0.002582831 0.005139241 0.999979794 0.003738079 0.019247442 -0.008868400 -0.003692404 0.999953866 8.070134163
0.999947369 -0.005072544 0.008915525 -0.003133620 0.005039766 0.999980450 0.003695191 0.020089727 -0.008934095 -0.003650065 0.999953449 8.071200371
0.999949396 -0.005005435 0.008726022 -0.002099382 0.004969239 0.999978960 0.004164816 0.019966591 -0.008746685 -0.004121243 0.999953270 8.070710182
0.999946833 -0.005400635 0.008787654 -0.003332221 0.005366263 0.999977887 0.003930308 0.020223057 -0.008808686 -0.003882942 0.999953687 8.074907303
0.999945164 -0.005800735 0.008720778 -0.001296829 0.005767478 0.999976039 0.003833880 0.021261433 -0.008742808 -0.003783373 0.999954641 8.070753098
0.999942780 -0.006184338 0.008731151 -0.001700700 0.006149003 0.999972820 0.004067995 0.021914987 -0.008756071 -0.004014074 0.999953628 8.072646141
0.999944746 -0.005819658 0.008753018 -0.002167554 0.005782261 0.999974072 0.004291834 0.019769322 -0.008777767 -0.004240985 0.999952495 8.073809624
0.999942362 -0.006441728 0.008586987 -0.001722499 0.006406018 0.999970734 0.004179655 0.021950051 -0.008613659 -0.004124406 0.999954402 8.074670792
0.999943852 -0.006051552 0.008699827 -0.002273886 0.006016618 0.999973774 0.004036125 0.021564377 -0.008724023 -0.003983555 0.999953985 8.074059486
0.999943852 -0.005932899 0.008776869 -0.002497351 0.005895350 0.999973357 0.004297839 0.021207049 -0.008802135 -0.004245855 0.999952257 8.073210716
0.999947369 -0.005238440 0.008818296 -0.003615295 0.005200972 0.999977350 0.004266566 0.020148447 -0.008840446 -0.004220478 0.999952018 8.073704720
0.999944866 -0.005658678 0.008842947 -0.003117787 0.005624414 0.999976575 0.003894784 0.022345059 -0.008864780 -0.003844833 0.999953330 8.073781967
0.999943256 -0.005849911 0.008905441 -0.003950286 0.005814245 0.999974966 0.004025587 0.022071902 -0.008928767 -0.003973580 0.999952257 8.075832367
0.999944806 -0.005781173 0.008771316 -0.002219236 0.005745649 0.999975204 0.004069867 0.021720007 -0.008794627 -0.004019246 0.999953270 8.074005127
0.999944508 -0.006082603 0.008602073 -0.001533699 0.006047329 0.999973238 0.004120788 0.022137407 -0.008626908 -0.004068539 0.999954522 8.073076248
0.999944448 -0.005616365 0.008918410 -0.004476317 0.005579513 0.999975801 0.004151565 0.021416036 -0.008941511 -0.004101574 0.999951601 8.074251175
0.999948561 -0.005052692 0.008791592 -0.003244889 0.005018066 0.999979556 0.003956093 0.020758355 -0.008811401 -0.003911773 0.999953508 8.073021889
0.999944627 -0.005896581 0.008719168 -0.001997241 0.005860566 0.999974191 0.004150440 0.021259066 -0.008743417 -0.004099111 0.999953389 8.072675705
0.999944985 -0.005744334 0.008774602 -0.003807263 0.005708199 0.999975145 0.004137671 0.021496391 -0.008798152 -0.004087356 0.999952912 8.074504852
