1.000000000 0.000000000 0.000000000 0.000000000 0.000000000 1.000000000 0.000000000 0.000000000 0.000000000 0.000000000 1.000000000 0.000000000
0.999999940 -0.000397871 0.000008054 -0.016857401 0.000397867 0.999999821 0.000479606 0.003328381 -0.000008245 -0.000479602 0.999999881 1.874316454
0.999998927 -0.001473412 0.000014876 -0.020591222 0.001473416 0.999998868 -0.000279049 0.007544556 -0.000014465 0.000279071 0.999999940 3.724936962
0.999997556 -0.002101291 -0.000695830 -0.019713584 0.002100876 0.999997616 -0.000597312 0.010756046 0.000697083 0.000595849 0.999999583 5.578139305
0.999993205 -0.003557862 -0.000946919 -0.038551118 0.003557079 0.999993324 -0.000827536 0.008091341 0.000949857 0.000824162 0.999999225 7.436439037
0.999989510 -0.004070699 -0.002101385 -0.039520647 0.004067842 0.999990821 -0.001362203 0.014745948 0.002106911 0.001353640 0.999996841 9.304337502
0.999984622 -0.004726237 -0.002907492 -0.051471580 0.004722570 0.999988019 -0.001266849 0.002654170 0.002913444 0.001253099 0.999994993 11.164008141
0.999983847 -0.004636019 -0.003280322 -0.069716468 0.004629682 0.999987423 -0.001936960 -0.003451914 0.003289261 0.001921742 0.999992728 13.024476051
0.999982774 -0.004831140 -0.003339162 -0.086042888 0.004820375 0.999983191 -0.003224413 -0.015702305 0.003354683 0.003208261 0.999989212 14.886715889
0.999988317 -0.003717727 -0.003088218 -0.105538122 0.003706332 0.999986351 -0.003687413 -0.014648659 0.003101885 0.003675924 0.999988437 16.740301132
0.999992251 -0.003174725 -0.002327043 -0.125374824 0.003166702 0.999989033 -0.003443292 -0.023072876 0.002337949 0.003435896 0.999991357 18.593351364
0.999997139 -0.002042910 -0.001231232 -0.139636770 0.002039333 0.999993742 -0.002899647 -0.024962559 0.001237148 0.002897128 0.999995053 20.443696976
0.999997199 -0.002072523 0.001135198 -0.148404106 0.002075529 0.999994338 -0.002652791 -0.036336929 -0.001129693 0.002655140 0.999995828 22.317550659
0.999993503 -0.001107641 0.003435353 -0.153007269 0.001114033 0.999997675 -0.001859229 -0.037686858 -0.003433286 0.001863044 0.999992371 24.152742386
0.999979734 -0.000611584 0.006335947 -0.163606599 0.000619016 0.999999106 -0.001171075 -0.045420591 -0.006335225 0.001174973 0.999979258 25.990365982
0.999965549 0.000342068 0.008290506 -0.153412938 -0.000338485 0.999999821 -0.000433667 -0.051022794 -0.008290653 0.000430846 0.999965549 27.816947937
0.999935567 0.000471502 0.011341830 -0.133478329 -0.000450443 0.999998152 -0.001859178 -0.054289278 -0.011342686 0.001853950 0.999933958 29.659067154
0.999891281 0.002159304 0.014588377 -0.130187199 -0.002121293 0.999994338 -0.002620541 -0.051767830 -0.014593951 0.002589310 0.999890149 31.464900970
0.999836981 0.002029616 0.017942183 -0.100894414 -0.001988263 0.999995351 -0.002322306 -0.065708324 -0.017946813 0.002286253 0.999836326 33.315628052
0.999752581 0.003026239 0.022035865 -0.068831302 -0.002982076 0.999993503 -0.002036735 -0.069847934 -0.022041885 0.001970519 0.999755085 35.131004333
0.999628961 0.003971167 0.026948493 -0.030152164 -0.003924797 0.999990702 -0.001773355 -0.069943890 -0.026955286 0.001666930 0.999635279 36.950634003
0.999481261 0.005677512 0.031701833 0.008068567 -0.005609591 0.999981761 -0.002231047 -0.072248541 -0.031713922 0.002052055 0.999494910 38.764804840
0.999314129 0.005875506 0.036562040 0.065316930 -0.005783342 0.999979854 -0.002626000 -0.075861976 -0.036576733 0.002412748 0.999327958 40.551277161
0.999110818 0.006277236 0.041691680 0.130565673 -0.006138176 0.999975145 -0.003462626 -0.075431019 -0.041712381 0.003203636 0.999124527 42.355594635
0.998879075 0.006953043 0.046820838 0.211569399 -0.006787672 0.999970138 -0.003690071 -0.078460641 -0.046845097 0.003368130 0.998896480 44.149993896
0.998600781 0.006885806 0.052432086 0.306879580 -0.006684087 0.999969602 -0.004021612 -0.083096780 -0.052458182 0.003665524 0.998616397 45.939983368
0.998229563 0.008067608 0.058929656 0.396036893 -0.007780257 0.999956727 -0.005104001 -0.090405218 -0.058968283 0.004636476 0.998249114 47.739471436
0.997812152 0.007805615 0.065650150 0.501348794 -0.007468567 0.999957621 -0.005377863 -0.097383276 -0.065689348 0.004875784 0.997828186 49.540512085
0.997338533 0.008023493 0.072466642 0.622459590 -0.007674453 0.999957561 -0.005093717 -0.108489022 -0.072504438 0.004524019 0.997357845 51.324527740
0.996760607 0.008633069 0.079961061 0.753919423 -0.008164614 0.999947548 -0.006183632 -0.110149965 -0.080010258 0.005510750 0.996778786 53.110107422
0.996084332 0.009567497 0.087888673 0.900148690 -0.009088455 0.999941587 -0.005849110 -0.125841483 -0.087939501 0.005027435 0.996113122 54.898944855
0.995277584 0.011026167 0.096441321 1.068967104 -0.010521330 0.999928176 -0.005741642 -0.132008821 -0.096497700 0.004699836 0.995322108 56.695938110
0.994335473 0.011911194 0.105617687 1.249929547 -0.011420395 0.999921024 -0.005250534 -0.141745210 -0.105671883 0.004014597 0.994392931 58.474555969
0.993185937 0.013134538 0.115797900 1.441827893 -0.012642968 0.999907672 -0.004978565 -0.159320518 -0.115852602 0.003480611 0.993260324 60.278491974
0.991908729 0.013426295 0.126241013 1.655939102 -0.012866224 0.999903440 -0.005250897 -0.167936474 -0.126299322 0.003584166 0.991985679 62.056377411
0.990571558 0.012308631 0.136442184 1.901161194 -0.011485483 0.999910772 -0.006818571 -0.172859997 -0.136513934 0.005187178 0.990624547 63.835845947
0.988987863 0.011896380 0.147517711 2.145376205 -0.010693103 0.999902785 -0.008947228 -0.186513692 -0.147609815 0.007271278 0.989018917 65.602439880
0.987324893 0.009410777 0.158433080 2.422070265 -0.007911290 0.999917746 -0.010092527 -0.206434011 -0.158515021 0.008711192 0.987318158 67.367324829
0.985492170 0.008643058 0.169500589 2.711085558 -0.006959765 0.999920428 -0.010522536 -0.226187930 -0.169578046 0.009190192 0.985473931 69.141242981
0.983603239 0.007646257 0.180183858 3.037349939 -0.005756428 0.999922812 -0.011008899 -0.243378729 -0.180254117 0.009791173 0.983571351 70.951843262
0.981613874 0.007349765 0.190736026 3.370097637 -0.005284342 0.999921799 -0.011335077 -0.255354047 -0.190804422 0.010118754 0.981575906 72.709411621
0.979195416 0.009156038 0.202712744 3.705234766 -0.007186774 0.999919593 -0.010448509 -0.299299836 -0.202792108 0.008774281 0.979182482 74.495719910
0.976866961 0.010021792 0.213612854 4.078596115 -0.007909138 0.999911010 -0.010742445 -0.314216435 -0.213701501 0.008804447 0.976859331 76.265106201
0.974385738 0.009963300 0.224662319 4.459822178 -0.007373687 0.999896407 -0.012362788 -0.326736659 -0.224762216 0.010389534 0.974358261 78.031318665
0.971739948 0.010382113 0.235825598 4.863795280 -0.007503456 0.999886036 -0.013100878 -0.346729249 -0.235934734 0.010961140 0.971707106 79.789413452
0.969125628 0.009112597 0.246398985 5.300582409 -0.006196850 0.999901354 -0.012606265 -0.379678011 -0.246489555 0.010690157 0.969086468 81.540412903
0.966530979 0.007231724 0.256447971 5.744178295 -0.004466063 0.999925435 -0.011365253 -0.393697321 -0.256511033 0.009839557 0.966491222 83.275878906
0.964019299 0.004116517 0.265800476 6.220121384 -0.001339796 0.999942660 -0.010627114 -0.418181807 -0.265828967 0.009888625 0.963969469 85.019371033
0.961346388 0.002341778 0.275331974 6.707788467 0.000786981 0.999936402 -0.011252563 -0.426694393 -0.275340825 0.011034292 0.961283326 86.773437500
0.958700478 0.001154304 0.284415245 7.217161179 0.002457151 0.999920845 -0.012340706 -0.448696524 -0.284406990 0.012529892 0.958621740 88.513496399
0.956014514 -0.000237345 0.293319255 7.736481190 0.004382221 0.999899626 -0.013473872 -0.467422783 -0.293286622 0.014166608 0.955919623 90.245170593
0.953320384 -0.000675924 0.301959991 8.276713371 0.005318190 0.999879956 -0.014551913 -0.487475038 -0.301913917 0.015478516 0.953209519 91.976562500
0.950488269 -0.000811617 0.310759485 8.830320358 0.005619657 0.999877989 -0.014576871 -0.509058714 -0.310709715 0.015601506 0.950376809 93.712150574
0.947494030 -0.001198937 0.319771260 9.388046265 0.006040828 0.999881625 -0.014150281 -0.529094338 -0.319716454 0.015338990 0.947389126 95.429168701
0.944730699 -0.001939768 0.327841640 9.962500572 0.006456597 0.999898612 -0.012689584 -0.550752997 -0.327783793 0.014104981 0.944647491 97.144729614
0.942386627 -0.002967221 0.334512502 10.566164017 0.007110537 0.999912441 -0.011162256 -0.570840359 -0.334450066 0.012897724 0.942325234 98.866195679
0.940023661 -0.002238550 0.341101915 11.174327850 0.006427167 0.999917209 -0.011150110 -0.584401667 -0.341048717 0.012673685 0.939960182 100.592811584
0.937827110 -0.001661509 0.347098738 11.802109718 0.006178658 0.999909997 -0.011907720 -0.597048223 -0.347047716 0.013311988 0.937753022 102.292533875
0.935220599 -0.000547948 0.354065120 12.435632706 0.004841783 0.999925077 -0.011241518 -0.616856396 -0.354032427 0.012227606 0.935153186 104.031112671
0.932805419 0.000263067 0.360380322 13.090976715 0.003755902 0.999938309 -0.010451671 -0.631956995 -0.360360861 0.011102929 0.932746887 105.744987488
0.930150092 0.001582282 0.367176116 13.744877815 0.002559676 0.999938488 -0.010793371 -0.644510567 -0.367170602 0.010979308 0.930088818 107.456855774
0.927657187 0.001327220 0.373430520 14.419822693 0.002597662 0.999946535 -0.010006919 -0.663799763 -0.373423845 0.010253036 0.927604198 109.163459778
0.925118506 0.000346811 0.379678279 15.109794617 0.003020758 0.999961197 -0.008273735 -0.677707911 -0.379666418 0.008801102 0.925081611 110.868560791
0.922616780 -0.000547640 0.385717481 15.822305679 0.004474060 0.999946892 -0.009282007 -0.685255468 -0.385691911 0.010289459 0.922570229 112.568725586
0.919795930 0.000076213 0.392397046 16.533891678 0.004179777 0.999941349 -0.009991795 -0.696966529 -0.392374784 0.010830545 0.919741631 114.305679321
0.916789770 0.001547056 0.399367183 17.257127762 0.003031276 0.999936759 -0.010832138 -0.713547707 -0.399358690 0.011141386 0.916727066 116.015289307
0.913368464 0.002904944 0.407123655 17.982385635 0.002142873 0.999926388 -0.011942226 -0.720256448 -0.407128364 0.011780065 0.913294971 117.731338501
0.910117567 0.003015853 0.414339155 18.762441635 0.002413428 0.999917984 -0.012579329 -0.748330593 -0.414343119 0.012448646 0.910035610 119.446083069
0.906627297 0.003685492 0.421916276 19.525461197 0.001609649 0.999924362 -0.012193332 -0.762835681 -0.421929300 0.011733945 0.906552792 121.142547607
0.903091311 0.004598768 0.429424018 20.316953659 0.000421199 0.999932706 -0.011594228 -0.782261789 -0.429448426 0.010651520 0.903028548 122.841705322
0.899581552 0.004903131 0.436725289 21.116992950 0.000260124 0.999930799 -0.011762072 -0.792199492 -0.436752737 0.010694547 0.899518013 124.525825500
0.895780206 0.005679965 0.444460988 21.933689117 -0.000468090 0.999929845 -0.011835147 -0.826097608 -0.444497049 0.010393642 0.895720005 126.235099792
0.892439783 0.005510310 0.451132923 22.770944595 0.000100447 0.999922991 -0.012412147 -0.843123257 -0.451166570 0.011122408 0.892370462 127.912315369
0.889195800 0.005291035 0.457496226 23.616891861 0.000642898 0.999917686 -0.012813793 -0.857542992 -0.457526386 0.011688095 0.889119208 129.597457886
0.886225820 0.005743004 0.463217914 24.497512817 0.000600758 0.999908090 -0.013546289 -0.870858610 -0.463253111 0.012283353 0.886140883 131.278503418
0.883384109 0.006086180 0.468610138 25.385076523 0.000962594 0.999889970 -0.014800897 -0.883792281 -0.468648672 0.013525958 0.883281052 132.956405640
0.880439341 0.005873119 0.474122465 26.275558472 0.001386483 0.999887109 -0.014960630 -0.912511945 -0.474156797 0.013829290 0.880331814 134.627059937
0.878109932 0.006234764 0.478418320 27.179260254 0.001209007 0.999882996 -0.015249573 -0.935831964 -0.478457421 0.013969213 0.877999663 136.273620605
0.875784695 0.006584190 0.482657015 28.082271576 0.000946435 0.999881625 -0.015357248 -0.957985759 -0.482701004 0.013906447 0.875674784 137.936691284
0.873874247 0.006080421 0.486113995 28.996034622 0.001558369 0.999881625 -0.015308178 -0.979059696 -0.486149520 0.014134968 0.873761296 139.608993530
0.872379184 0.005977625 0.488793164 29.920597076 0.001792472 0.999879360 -0.015427014 -0.996005893 -0.488826424 0.014334354 0.872263312 141.276763916
0.871019483 0.006549798 0.491204888 30.832221985 0.001618328 0.999867439 -0.016202049 -1.019999623 -0.491245896 0.014907232 0.870893359 142.930740356
0.870148420 0.007632472 0.492730558 31.791660309 0.001307487 0.999840796 -0.017796673 -1.058653116 -0.492787927 0.016129985 0.869999886 144.616348267
0.869228482 0.009098661 0.494326919 32.723724365 0.000361464 0.999818683 -0.019038424 -1.089627147 -0.494410515 0.016727420 0.869067550 146.276260376
0.868726015 0.010488334 0.495181948 33.669616699 -0.000901184 0.999807596 -0.019595696 -1.120035648 -0.495292187 0.016577041 0.868568301 147.931335449
0.868047714 0.011941013 0.496337205 34.601104736 -0.002313824 0.999797165 -0.020006726 -1.162087440 -0.496475428 0.016218355 0.867899239 149.592178345
0.867452860 0.012170515 0.497370452 35.538661957 -0.003768330 0.999832809 -0.017893368 -1.190494418 -0.497505039 0.013647399 0.867353737 151.247375488
0.866904080 0.010982612 0.498353988 36.485713959 -0.004134091 0.999881268 -0.014843763 -1.216609716 -0.498457849 0.010807878 0.866846561 152.901962280
0.866454542 0.011340265 0.499127150 37.436332703 -0.004480406 0.999878347 -0.014939715 -1.244288445 -0.499235868 0.010708292 0.866400003 154.559860229
0.865824521 0.011944384 0.500205159 38.376140594 -0.004591116 0.999862611 -0.015928747 -1.269318819 -0.500326633 0.011495001 0.865760386 156.218917847
0.865341187 0.011775222 0.501044929 39.320819855 -0.004548827 0.999867320 -0.015642054 -1.299555302 -0.501162648 0.011256547 0.865279913 157.862396240
0.864887655 0.011989305 0.501822293 40.265106201 -0.005095520 0.999872923 -0.015106400 -1.332610130 -0.501939654 0.010508294 0.864838839 159.508346558
0.864745975 0.012081505 0.502064168 41.213462830 -0.005025292 0.999868691 -0.015405037 -1.357208967 -0.502184331 0.010798425 0.864693165 161.145095825
0.864909291 0.013171621 0.501755357 42.160171509 -0.005721634 0.999849379 -0.016384365 -1.388416529 -0.501895607 0.011300128 0.864854395 162.779968262
0.864851534 0.013982058 0.501832962 43.092029572 -0.006455785 0.999839187 -0.016731689 -1.422741652 -0.501986206 0.011230702 0.864802718 164.425079346
0.864956260 0.012556067 0.501690149 44.025588989 -0.004909935 0.999850869 -0.016558658 -1.442002773 -0.501823246 0.011859249 0.864888906 166.055557251
0.865268171 0.008028317 0.501244962 44.979160309 -0.001085664 0.999899447 -0.014141030 -1.475653529 -0.501308084 0.011691600 0.865189850 167.671264648
0.865559459 0.005477740 0.500776231 45.920482635 0.001623616 0.999904215 -0.013743768 -1.496085048 -0.500803590 0.012709117 0.865467668 169.290496826
0.865161657 0.005529576 0.501462579 46.870704651 0.001958801 0.999894321 -0.014405206 -1.518320560 -0.501489222 0.013445098 0.865059435 170.934509277
0.864599228 0.007684987 0.502403378 47.794715881 0.000478495 0.999870002 -0.016117914 -1.547860146 -0.502461970 0.014175933 0.864483118 172.548995972
0.863681197 0.011134073 0.503915548 48.720527649 -0.003128968 0.999855161 -0.016729053 -1.577920914 -0.504028797 0.012871832 0.863590896 174.160568237
0.862946928 0.013283554 0.505119920 49.653350830 -0.005290934 0.999837160 -0.017254507 -1.597257137 -0.505266845 0.012217168 0.862876654 175.774520874
0.862146676 0.013543379 0.506477714 50.572818756 -0.006041561 0.999846399 -0.016452031 -1.646441460 -0.506622732 0.011124149 0.862096071 177.346939087
0.861669302 0.013263132 0.507296920 51.523437500 -0.005919335 0.999853075 -0.016086586 -1.679124951 -0.507435739 0.010858457 0.861621201 178.960769653
0.860943675 0.013471384 0.508521795 52.472473145 -0.006338408 0.999855757 -0.015756311 -1.703984022 -0.508660734 0.010342078 0.860904932 180.585464478
0.860243201 0.015773175 0.509639978 53.421333313 -0.007970575 0.999815285 -0.017490052 -1.737640738 -0.509821713 0.010983573 0.860210001 182.198501587
0.859683394 0.015408112 0.510594904 54.362617493 -0.007098359 0.999808788 -0.018219583 -1.765223742 -0.510778010 0.012038686 0.859628379 183.798095703
0.858933151 0.016218888 0.511830866 55.307968140 -0.008277659 0.999807477 -0.017790662 -1.796684265 -0.512020886 0.011044229 0.858902037 185.424942017
0.858393908 0.015517833 0.512756348 56.261806488 -0.008127400 0.999828279 -0.016652467 -1.823697329 -0.512926757 0.010127001 0.858372629 187.041366577
0.857993841 0.015300034 0.513432026 57.219512939 -0.007984961 0.999832809 -0.016450915 -1.844246984 -0.513597906 0.010015049 0.857972562 188.649108887
0.857549787 0.016594948 0.514133215 58.180557251 -0.009116702 0.999812841 -0.017065261 -1.875719309 -0.514320195 0.009947112 0.857540548 190.274383545
0.857263207 0.018209968 0.514556348 59.132244110 -0.010205657 0.999778986 -0.018378956 -1.904440403 -0.514777303 0.010504218 0.857259572 191.882202148
0.857093811 0.019914512 0.514775276 60.098251343 -0.011618913 0.999745607 -0.019330664 -1.931748390 -0.515029311 0.010587063 0.857107162 193.503326416
0.856966734 0.018970221 0.515022516 61.045284271 -0.010795049 0.999763787 -0.018862758 -1.962737322 -0.515258670 0.010605063 0.856969118 195.119918823
0.857116401 0.018653154 0.514784932 61.998477936 -0.011076100 0.999780476 -0.017785201 -1.989473343 -0.515003681 0.009542178 0.857134879 196.698715210
0.857371926 0.016561750 0.514430821 62.948505402 -0.009329027 0.999818027 -0.016640317 -2.017392397 -0.514612794 0.009467801 0.857370436 198.287521362
0.857574344 0.016025342 0.514110327 63.906318665 -0.008420271 0.999817967 -0.017119704 -2.037380457 -0.514291108 0.010352472 0.857553184 199.905822754
0.857863069 0.016030889 0.513628244 64.860168457 -0.007935945 0.999807358 -0.017950429 -2.064512253 -0.513817072 0.011322885 0.857825041 201.514984131
0.858105540 0.016421190 0.513210714 65.803581238 -0.008488445 0.999805570 -0.017797789 -2.099008083 -0.513403177 0.010916021 0.858078122 203.112854004
0.858253837 0.016750736 0.512951970 66.764633179 -0.009322924 0.999811172 -0.017050596 -2.116400719 -0.513140678 0.009851528 0.858247995 204.746398926
0.858504355 0.016095662 0.512553632 67.718544006 -0.009108151 0.999828219 -0.016141746 -2.147832870 -0.512725413 0.009189342 0.858503461 206.354263306
0.858988285 0.016283240 0.511736274 68.681854248 -0.009394373 0.999827147 -0.016044922 -2.172314644 -0.511909068 0.008974958 0.858992755 207.955337524
0.859238744 0.015140411 0.511350632 69.612426758 -0.008229909 0.999841690 -0.015775003 -2.207303286 -0.511508524 0.009346124 0.859227359 209.537368774
0.859456420 0.015096870 0.510986030 70.544891357 -0.008192727 0.999842227 -0.015760111 -2.237309456 -0.511143386 0.009358758 0.859444499 211.137100220
0.859710574 0.016114259 0.510527313 71.472694397 -0.009377044 0.999831676 -0.015768019 -2.264780760 -0.510695517 0.008768696 0.859716952 212.735229492
0.859945118 0.015713133 0.510144591 72.426719666 -0.009075928 0.999838710 -0.015497173 -2.285595655 -0.510305822 0.008696684 0.859949052 214.347717285
0.860222757 0.015230568 0.509690940 73.371299744 -0.008332691 0.999840260 -0.015813828 -2.296868801 -0.509850383 0.009356316 0.860212207 215.953445435
0.860493779 0.015515690 0.509224653 74.328308105 -0.009031603 0.999843657 -0.015202771 -2.331145287 -0.509380937 0.008482775 0.860499382 217.582122803
0.860872626 0.013594989 0.508638859 75.263603210 -0.007275290 0.999869704 -0.014411245 -2.362133503 -0.508768499 0.008705751 0.860859334 219.178375244
0.861054659 0.013867223 0.508323371 76.200515747 -0.007359229 0.999863207 -0.014810707 -2.379460812 -0.508459210 0.009011962 0.861038923 220.796569824
0.861243784 0.013978582 0.507999718 77.144866943 -0.007443010 0.999861360 -0.014894493 -2.400380373 -0.508137524 0.009046743 0.861228466 222.429138184
0.861339629 0.014156921 0.507832289 78.099288940 -0.008209234 0.999868989 -0.013949739 -2.426973104 -0.507963240 0.007846548 0.861343026 224.074844360
0.861437142 0.013966572 0.507672131 79.047447205 -0.008528718 0.999878645 -0.013035821 -2.444678545 -0.507792592 0.006899748 0.861451745 225.702911377
0.861359417 0.013388115 0.507819593 79.996841431 -0.008418979 0.999891579 -0.012080858 -2.464708805 -0.507926285 0.006130638 0.861378729 227.340408325
0.861681461 0.013004677 0.507282972 80.962089539 -0.007865579 0.999893725 -0.012272584 -2.475492001 -0.507388711 0.006584984 0.861692190 228.961013794
0.861692965 0.013327460 0.507255018 81.924285889 -0.007969961 0.999887168 -0.012731856 -2.492108822 -0.507367492 0.006928149 0.861701965 230.595474243
0.861670852 0.013176102 0.507296503 82.886108398 -0.007132242 0.999878585 -0.013855522 -2.511613846 -0.507417440 0.008320739 0.861660242 232.229614258
0.861614466 0.013611630 0.507380784 83.841102600 -0.007340593 0.999869943 -0.014358246 -2.531273365 -0.507510245 0.008646796 0.861602306 233.856750488
0.861769140 0.013104861 0.507131398 84.802742004 -0.007077062 0.999879539 -0.013811982 -2.551383257 -0.507251322 0.008313741 0.861758113 235.480346680
0.861603200 0.012890148 0.507418752 85.748275757 -0.007209581 0.999887407 -0.013158559 -2.577032566 -0.507531285 0.007679180 0.861599147 237.112854004
0.861620367 0.013037747 0.507385790 86.696342468 -0.007011956 0.999880373 -0.013785455 -2.601008415 -0.507504880 0.008320063 0.861608744 238.742065430
0.861668706 0.013822707 0.507282972 87.654197693 -0.007466340 0.999866068 -0.014562570 -2.631504536 -0.507416368 0.008760563 0.861656487 240.372497559
0.861525536 0.014334739 0.507511914 88.601341248 -0.007895448 0.999858737 -0.014838242 -2.654840231 -0.507652938 0.008776491 0.861516953 242.019653320
0.861422181 0.014222477 0.507690430 89.565063477 -0.008160503 0.999866366 -0.014164022 -2.687496185 -0.507824004 0.008058194 0.861423135 243.656738281
0.861177027 0.014715425 0.508092105 90.506202698 -0.009107735 0.999867082 -0.013521361 -2.704179525 -0.508223534 0.007016717 0.861196637 245.286987305
0.861250281 0.013685846 0.507996678 91.453369141 -0.008383076 0.999883890 -0.012725143 -2.729993343 -0.508111894 0.006700958 0.861265004 246.897216797
0.861158848 0.014141892 0.508139133 92.392280579 -0.008699511 0.999876559 -0.013083984 -2.755126953 -0.508261442 0.006846827 0.861175597 248.508026123
0.860939264 0.014437861 0.508502781 93.315856934 -0.008953619 0.999872386 -0.013230010 -2.776839733 -0.508628905 0.006837296 0.860958695 250.113571167
0.860908329 0.013772393 0.508573711 94.260223389 -0.008149900 0.999878585 -0.013281072 -2.794851780 -0.508694887 0.007288960 0.860916018 251.734375000
0.860832512 0.013868155 0.508699417 95.216056824 -0.008461072 0.999880493 -0.012940709 -2.826154709 -0.508818090 0.006835641 0.860846937 253.361190796
0.860608935 0.014218126 0.509067833 96.161140442 -0.008999174 0.999878705 -0.012712710 -2.848827362 -0.509186864 0.006359482 0.860632539 254.984878540
0.860576749 0.014253573 0.509121239 97.103713989 -0.009021159 0.999878109 -0.012744379 -2.866698742 -0.509240806 0.006374653 0.860600471 256.587463379
0.860670805 0.013306185 0.508987963 98.070800781 -0.008628002 0.999896049 -0.011550239 -2.889241219 -0.509088755 0.005549404 0.860696137 258.214569092
0.860694468 0.012660618 0.508964360 99.029228210 -0.008481096 0.999908566 -0.010530851 -2.913219929 -0.509051204 0.004747269 0.860723138 259.846069336
0.860585392 0.012633193 0.509149492 99.965629578 -0.007805774 0.999902070 -0.011616275 -2.931015015 -0.509246349 0.006022490 0.860599697 261.440979004
0.860652089 0.012925187 0.509029448 100.923080444 -0.007177046 0.999886394 -0.013254203 -2.954142094 -0.509142935 0.007753930 0.860647082 263.057586670
0.860509813 0.013523855 0.509254277 101.864845276 -0.007359042 0.999873281 -0.014117924 -2.967840672 -0.509380639 0.008400989 0.860500276 264.670593262
0.860535383 0.012786930 0.509230077 102.808982849 -0.006609825 0.999881029 -0.013937550 -2.992472410 -0.509347737 0.008627833 0.860517561 266.276733398
0.860381961 0.012019957 0.509508073 103.757797241 -0.005931963 0.999890327 -0.013571691 -3.015974998 -0.509615302 0.008654455 0.860358834 267.893005371
0.860215485 0.011819996 0.509793699 104.693412781 -0.005993545 0.999896646 -0.013070061 -3.044645548 -0.509895504 0.008187599 0.860197425 269.489196777
0.860061944 0.012275924 0.510041893 105.634880066 -0.006357612 0.999890745 -0.013345263 -3.060014963 -0.510150015 0.008235104 0.860046029 271.100402832
0.859940052 0.011270726 0.510270596 106.602035522 -0.005195640 0.999897659 -0.013329464 -3.090200186 -0.510368586 0.008811357 0.859910607 272.733917236
0.859604716 0.011024315 0.510840714 107.543113708 -0.005103747 0.999902606 -0.012990421 -3.107711554 -0.510934174 0.008559425 0.859577239 274.347808838
0.859410882 0.011125226 0.511164546 108.506134033 -0.004995507 0.999898255 -0.013363408 -3.126717091 -0.511261165 0.008931132 0.859378994 275.977966309
0.859388828 0.010702079 0.511210680 109.449752808 -0.004835793 0.999906361 -0.012803432 -3.145956755 -0.511299849 0.008531017 0.859360039 277.577667236
0.859205484 0.009413204 0.511544049 110.419944763 -0.003688353 0.999918699 -0.012204983 -3.170182705 -0.511617303 0.008599834 0.859170377 279.212768555
0.859424710 0.009563687 0.511172891 111.371208191 -0.003938885 0.999919236 -0.012085421 -3.177493095 -0.511247158 0.008373058 0.859392941 280.825317383
0.859829187 0.009159834 0.510499656 112.318527222 -0.003550035 0.999922156 -0.011962198 -3.196180344 -0.510569453 0.008473156 0.859794796 282.420562744
0.859827638 0.009487382 0.510496318 113.277587891 -0.003659765 0.999916196 -0.012418935 -3.213935375 -0.510571361 0.008809847 0.859790266 284.062103271
0.860019028 0.010399225 0.510155976 114.232490540 -0.004356243 0.999905527 -0.013038740 -3.239489555 -0.510243356 0.008991200 0.859983087 285.674621582
0.859969795 0.011426189 0.510217011 115.189170837 -0.005410294 0.999897242 -0.013273423 -3.256049395 -0.510316253 0.008654318 0.859943271 287.301086426
0.859627843 0.012436468 0.510769308 116.125686646 -0.006632064 0.999891102 -0.013184048 -3.276381016 -0.510877669 0.007945920 0.859616697 288.906524658
0.859557390 0.012763121 0.510879815 117.081558228 -0.007301973 0.999892771 -0.012694350 -3.303735971 -0.510987043 0.007181093 0.859558403 290.529174805
0.859149694 0.013053471 0.511557817 118.034660339 -0.007827142 0.999892890 -0.012368859 -3.326506853 -0.511664450 0.006622666 0.859159827 292.155944824
0.858920395 0.012952083 0.511945367 119.001853943 -0.008138482 0.999899089 -0.011642782 -3.346230984 -0.512044489 0.005833765 0.858939111 293.782684326
0.858581066 0.013557490 0.512498617 119.946304321 -0.008847605 0.999893248 -0.011628632 -3.363802910 -0.512601554 0.005449737 0.858609319 295.386077881
0.858264327 0.013644388 0.513026476 120.910850525 -0.008620170 0.999888778 -0.012171859 -3.385039330 -0.513135493 0.006024296 0.858286500 297.005554199
0.858008325 0.013742918 0.513451874 121.845611572 -0.008465085 0.999884546 -0.012616992 -3.400865555 -0.513565958 0.006479070 0.858025670 298.601745605
0.858070493 0.012486291 0.513380110 122.789382935 -0.007098410 0.999897242 -0.012454850 -3.424997091 -0.513482869 0.007042957 0.858070970 300.200134277
0.858269572 0.011420645 0.513072073 123.752548218 -0.006196248 0.999910116 -0.011892222 -3.453768730 -0.513161719 0.007027610 0.858263135 301.812683105
0.858624458 0.010747882 0.512492537 124.697883606 -0.005545374 0.999916434 -0.011679371 -3.475789070 -0.512575209 0.007186231 0.858612239 303.408569336
0.858905554 0.010604224 0.512024164 125.634239197 -0.005483169 0.999918699 -0.011510857 -3.487553358 -0.512104630 0.007079224 0.858893931 305.010406494
0.859239101 0.009056390 0.511494040 126.586242676 -0.003902714 0.999930263 -0.011148507 -3.519100189 -0.511559367 0.007583017 0.859214485 306.612121582
0.859487414 0.009384918 0.511070788 127.526481628 -0.004443393 0.999930859 -0.010889350 -3.535721779 -0.511137605 0.007088371 0.859469652 308.205963135
0.859715402 0.009074504 0.510692775 128.465042114 -0.004187132 0.999933779 -0.010719090 -3.553620100 -0.510756195 0.007077029 0.859696507 309.796936035
0.859780431 0.008346668 0.510595679 129.401062012 -0.003584106 0.999940395 -0.010310756 -3.571768522 -0.510651290 0.007034957 0.859759092 311.398803711
0.860124826 0.008075049 0.510019660 130.345489502 -0.003240852 0.999940991 -0.010366336 -3.585872650 -0.510073304 0.007263444 0.860100269 312.983428955
0.860263705 0.008038054 0.509786069 131.270202637 -0.003071041 0.999939263 -0.010584169 -3.597117424 -0.509840131 0.007539602 0.860236108 314.572814941
0.860528886 0.007251358 0.509350061 132.211654663 -0.002205967 0.999942362 -0.010508768 -3.612316370 -0.509396911 0.007919489 0.860495269 316.166412354
0.860458493 0.007773219 0.509461343 133.135101318 -0.002533207 0.999936521 -0.010978274 -3.629590034 -0.509514332 0.008155778 0.860423565 317.763610840
0.860495865 0.009011287 0.509377778 134.071197510 -0.003962019 0.999931693 -0.010996496 -3.649024248 -0.509442031 0.007444276 0.860472798 319.359100342
0.860359371 0.010040473 0.509589016 134.996551514 -0.005536361 0.999931037 -0.010354462 -3.665003300 -0.509657860 0.006087290 0.860355616 320.945190430
0.860232949 0.011052709 0.509781480 135.934600830 -0.006939101 0.999926209 -0.009970254 -3.670339823 -0.509854078 0.005039317 0.860246181 322.546752930
0.860099196 0.011692743 0.509992778 136.874069214 -0.007395648 0.999918044 -0.010452685 -3.682236195 -0.510073185 0.005218619 0.860115170 324.147308350
0.859968126 0.012464942 0.510195494 137.806884766 -0.008166987 0.999909818 -0.010663501 -3.696366787 -0.510282397 0.005003511 0.859992325 325.742553711
0.860120893 0.012711829 0.509931803 138.737167358 -0.008328320 0.999906123 -0.010878462 -3.706115723 -0.510022223 0.005109919 0.860146046 327.329254150
0.860379398 0.011799018 0.509517550 139.683029175 -0.007526248 0.999917090 -0.010446375 -3.720204592 -0.509598613 0.005153092 0.860396862 328.932037354
0.860763133 0.010486811 0.508897722 140.620101929 -0.006574019 0.999933422 -0.009486071 -3.740295887 -0.508963287 0.004819757 0.860774755 330.526916504
0.861199975 0.009209105 0.508182764 141.555969238 -0.005399674 0.999945164 -0.008970003 -3.753015995 -0.508237541 0.004980945 0.861202538 332.125152588
0.861641049 0.007708572 0.507459700 142.495697021 -0.004092216 0.999957681 -0.008241491 -3.764637709 -0.507501721 0.005024572 0.861636102 333.720703125
0.862163305 0.006516213 0.506588638 143.433029175 -0.002832034 0.999963641 -0.008042621 -3.773674965 -0.506622612 0.005499377 0.862150431 335.314514160
0.862535834 0.006923050 0.505948603 144.369247437 -0.002486901 0.999952316 -0.009443012 -3.784568071 -0.505989850 0.006886692 0.862511933 336.910675049
0.862690926 0.007416622 0.505677104 145.292037964 -0.002228960 0.999938488 -0.010863183 -3.802481174 -0.505726576 0.008244435 0.862654448 338.505493164
0.862566948 0.008221345 0.505876184 146.216720581 -0.002897422 0.999931812 -0.011310206 -3.816508055 -0.505934715 0.008290072 0.862531960 340.122680664
0.862782180 0.007991865 0.505512655 147.163757324 -0.003052559 0.999939203 -0.010598521 -3.838771582 -0.505566657 0.007601107 0.862754107 341.721649170
0.862374187 0.007962572 0.506208837 148.088073730 -0.003950239 0.999951720 -0.008999458 -3.853125095 -0.506256044 0.005761255 0.862363994 343.331787109
0.862270951 0.007493261 0.506391883 149.027313232 -0.004051059 0.999960601 -0.007898736 -3.872677565 -0.506431103 0.004759428 0.862267315 344.942230225
0.862285018 0.007090780 0.506373703 149.960021973 -0.002989346 0.999955833 -0.008911992 -3.885132790 -0.506414533 0.006170951 0.862268090 346.526000977
0.861911237 0.006602029 0.507016242 150.904434204 -0.001774649 0.999948382 -0.010003820 -3.884577036 -0.507056117 0.007722629 0.861878455 348.153045654
0.861878097 0.005783523 0.507082582 151.844604492 -0.000576952 0.999945521 -0.010424230 -3.899066687 -0.507115245 0.008691854 0.861834466 349.753387451
0.861544311 0.004367897 0.507663548 152.770935059 0.001410766 0.999938548 -0.010997571 -3.907675505 -0.507680416 0.010191089 0.861485183 351.347473145
0.861409962 0.003696284 0.507896841 153.712020874 0.002656110 0.999927044 -0.011781948 -3.918300390 -0.507903337 0.011498117 0.861337304 352.947998047
0.861299336 0.003116407 0.508088350 154.647369385 0.003572489 0.999919355 -0.012189097 -3.924570084 -0.508085370 0.012313601 0.861218691 354.559356689
0.861375213 0.002738390 0.507961869 155.601959229 0.003847515 0.999921620 -0.011914928 -3.961388826 -0.507954657 0.012217615 0.861297131 356.158843994
0.861087859 0.002916641 0.508447886 156.532699585 0.004256342 0.999907136 -0.012944209 -3.976480722 -0.508438408 0.013310229 0.860995531 357.776855469
0.861237884 0.002190283 0.508197367 157.508300781 0.005639266 0.999887943 -0.013866240 -4.009710789 -0.508170784 0.014807991 0.861128986 359.395629883
0.860948682 0.002143618 0.508687317 158.468231201 0.005715719 0.999887228 -0.013887346 -4.034412384 -0.508659720 0.014863806 0.860839307 361.014678955
0.860705018 0.001070048 0.509102881 159.424758911 0.006569318 0.999891222 -0.013207894 -4.054712296 -0.509061635 0.014712559 0.860604346 362.626647949
0.859975696 0.000335830 0.510334969 160.369430542 0.006828288 0.999902666 -0.012164480 -4.069016933 -0.510289371 0.013945870 0.859889686 364.241851807
0.859264672 -0.000887494 0.511530459 161.323699951 0.007679828 0.999908149 -0.011165693 -4.097054482 -0.511473596 0.013522753 0.859192610 365.849761963
0.858557701 -0.001288517 0.512715340 162.278945923 0.008770553 0.999887407 -0.012173723 -4.109629631 -0.512641966 0.014948641 0.858472347 367.460723877
0.857977808 -0.002148664 0.513682246 163.230697632 0.009833033 0.999876738 -0.012241273 -4.133668423 -0.513592660 0.015553795 0.857893169 369.059844971
0.857531428 -0.002506992 0.514425516 164.199325562 0.010896827 0.999852300 -0.013292014 -4.156481266 -0.514316201 0.017003926 0.857432067 370.660034180
0.856525600 -0.003597592 0.516092062 165.156051636 0.011721774 0.999853373 -0.012484082 -4.179207802 -0.515971482 0.016742449 0.856442153 372.273223877
0.855696797 -0.004789818 0.517455399 166.115142822 0.012413316 0.999859393 -0.011272258 -4.202863216 -0.517328680 0.016068973 0.855635941 373.868133545
0.854858518 -0.002384849 0.518855691 167.062362671 0.009547977 0.999892414 -0.011135228 -4.224158764 -0.518773317 0.014473066 0.854789317 375.462585449
0.854176164 0.001990200 0.519979954 168.039154053 0.004528895 0.999926269 -0.011266834 -4.240792274 -0.519964039 0.011978796 0.854104161 377.069793701
0.852894247 0.006097805 0.522048116 168.996658325 -0.000753531 0.999945104 -0.010448824 -4.255240917 -0.522083163 0.008518362 0.852852046 378.680694580
0.851695120 0.008061351 0.523975611 169.954986572 -0.003857385 0.999951005 -0.009114242 -4.267253399 -0.524023414 0.005741380 0.851684511 380.271972656
0.851344109 0.006674243 0.524565279 170.930694580 -0.002663187 0.999961138 -0.008400661 -4.289254665 -0.524600983 0.005754837 0.851328790 381.873565674
0.851424038 0.003860053 0.524463713 171.912322998 0.000615556 0.999964893 -0.008359047 -4.299527645 -0.524477541 0.007439930 0.851391792 383.472351074
0.851716816 -0.000537482 0.524002135 172.905090332 0.005206653 0.999958813 -0.007437248 -4.320870876 -0.523976505 0.009062726 0.851684511 385.078094482
0.851835191 -0.003024467 0.523801148 173.895034790 0.007734676 0.999946952 -0.006804802 -4.331830502 -0.523752749 0.009848002 0.851813436 386.690185547
0.851836443 -0.003175208 0.523798287 174.879516602 0.008585123 0.999931931 -0.007900233 -4.332519054 -0.523737609 0.011226580 0.851805687 388.297637939
0.852002561 -0.003076288 0.523528576 175.869384766 0.009373069 0.999912083 -0.009378402 -4.347565651 -0.523453712 0.012897491 0.851956487 389.906951904
0.851620317 -0.002961775 0.524150848 176.852554321 0.009752819 0.999900460 -0.010195958 -4.362033844 -0.524068475 0.013795033 0.851564407 391.509704590
0.851076007 -0.002609315 0.525036037 177.827117920 0.009537127 0.999899507 -0.010490265 -4.374791145 -0.524955869 0.013935348 0.851015329 393.120239258
0.850285828 -0.002789909 0.526313841 178.802185059 0.009799007 0.999896526 -0.010530478 -4.390026569 -0.526229978 0.014111269 0.850225210 394.712097168
0.849731445 -0.003714890 0.527202666 179.813415527 0.010505547 0.999895930 -0.009886881 -4.409008026 -0.527111053 0.013939747 0.849682093 396.339630127
0.849018216 -0.003825715 0.528349757 180.791641235 0.010441230 0.999899983 -0.009538120 -4.428439140 -0.528260410 0.013614658 0.848973274 397.921142578
0.848281026 -0.002237997 0.529541612 181.771301270 0.008868396 0.999910891 -0.009980506 -4.451301098 -0.529472113 0.013162459 0.848225236 399.520874023
0.847378492 0.000130082 0.530989349 182.753524780 0.007189771 0.999905467 -0.011718741 -4.464212894 -0.530940652 0.013747900 0.847297490 401.110992432
0.846323252 0.002638400 0.532663107 183.761398315 0.004672175 0.999912500 -0.012376189 -4.483713627 -0.532649159 0.012962951 0.846236825 402.717407227
0.844905138 0.002308086 0.534911215 184.752227783 0.004316660 0.999928713 -0.011132858 -4.502000809 -0.534898758 0.011715239 0.844834924 404.319091797
0.843580604 0.002892082 0.536994755 185.755371094 0.004044421 0.999922931 -0.011738763 -4.517403603 -0.536987364 0.012074426 0.843503892 405.911010742
0.842046261 0.002737093 0.539398372 186.757781982 0.004151628 0.999924600 -0.011555002 -4.529647827 -0.539389372 0.011969227 0.841971397 407.502319336
0.840258360 0.002786628 0.542179108 187.773880005 0.003171719 0.999944389 -0.010054862 -4.545376301 -0.542176962 0.010168321 0.840202808 409.098754883
0.838195026 0.003227378 0.545361102 188.793014526 0.002704218 0.999945581 -0.010073812 -4.554135799 -0.545363963 0.009918595 0.838140726 410.683349609
0.835977077 0.004102615 0.548749030 189.816772461 0.002063981 0.999941468 -0.010620185 -4.570530891 -0.548760533 0.010010839 0.835919678 412.256317139
0.833708882 0.004955123 0.552181959 190.847961426 0.001621083 0.999933481 -0.011420701 -4.584565639 -0.552201807 0.010416673 0.833645403 413.829711914
0.831181109 0.005146375 0.555977941 191.874008179 0.001618251 0.999930561 -0.011675064 -4.597032547 -0.555999398 0.010603804 0.831115007 415.396697998
0.828620374 0.004863817 0.559789777 192.914733887 0.001540541 0.999938667 -0.010968479 -4.618448734 -0.559808791 0.009951085 0.828562021 416.966674805
0.826536477 0.003774325 0.562870502 193.983932495 0.002166140 0.999948800 -0.009885980 -4.628136635 -0.562878966 0.009390379 0.826485991 418.534179688
0.824322581 0.002151714 0.566116273 195.053604126 0.003317474 0.999957263 -0.008631250 -4.637189388 -0.566110611 0.008993011 0.824280202 420.110534668
0.822435141 0.001418684 0.568857074 196.132324219 0.004173635 0.999954939 -0.008527912 -4.655181408 -0.568843544 0.009387856 0.822392166 421.674530029
0.820642054 0.001805780 0.571439743 197.212585449 0.005088957 0.999932230 -0.010468067 -4.659047127 -0.571419954 0.011498569 0.820577264 423.227478027
0.818829417 0.002354914 0.574032068 198.295257568 0.005019515 0.999924004 -0.011262195 -4.672289371 -0.574014962 0.012103179 0.818755388 424.777435303
0.816575408 0.004447907 0.577221632 199.363037109 0.003247281 0.999919116 -0.012298912 -4.687856674 -0.577229619 0.011917390 0.816494942 426.348266602
0.814727128 0.004900908 0.579823852 200.456878662 0.002899014 0.999917328 -0.012525198 -4.706517220 -0.579837322 0.011885536 0.814645588 427.895751953
0.812928915 0.005287774 0.582338929 201.545166016 0.002181972 0.999924123 -0.012125517 -4.728171825 -0.582358837 0.011127830 0.812855721 429.421173096
0.810929418 0.005194184 0.585120916 202.618942261 0.001550515 0.999938011 -0.011025449 -4.747182846 -0.585141957 0.009848100 0.810871124 430.948699951
0.809343100 0.005099133 0.587314069 203.715026855 0.000917355 0.999950111 -0.009945844 -4.767874718 -0.587335467 0.008588376 0.809298038 432.459411621
0.807505012 0.005586563 0.589834273 204.855270386 0.000708922 0.999945223 -0.010441434 -4.785550117 -0.589860320 0.008849656 0.807456791 434.020629883
0.805635810 0.005942426 0.592381239 205.950592041 0.000533029 0.999942005 -0.010755757 -4.802459240 -0.592410803 0.008980980 0.805585980 435.525726318
0.804112077 0.006184881 0.594445586 207.052459717 0.000193220 0.999943078 -0.010665233 -4.827152252 -0.594477713 0.008690902 0.804065108 437.019470215
