1.000000000 0.000000000 0.000000000 0.000000000 0.000000000 1.000000000 0.000000000 0.000000000 0.000000000 0.000000000 1.000000000 0.000000000
0.999990225 0.000410927 -0.004401333 -0.010937544 -0.000408152 0.999999702 0.000631442 0.010573942 0.004401591 -0.000629639 0.999990106 1.284431458
0.999954283 0.002944070 -0.009098913 -0.016122671 -0.002956180 0.999994755 -0.001317770 0.014481795 0.009094985 0.001344607 0.999957740 2.605833292
0.999896288 0.005077781 -0.013475631 -0.046542894 -0.005143918 0.999974847 -0.004877731 0.023386443 0.013450525 0.004946542 0.999897301 3.895570755
0.999799967 0.007571449 -0.018510915 -0.076702088 -0.007682505 0.999952853 -0.005935758 0.027489047 0.018465100 0.006076781 0.999811053 5.196887016
0.999698699 0.006766967 -0.023595825 -0.111077242 -0.006902196 0.999960184 -0.005654296 0.030540861 0.023556624 0.005815456 0.999705613 6.550863743
0.999560654 0.005942221 -0.029037209 -0.144276932 -0.006100082 0.999967098 -0.005350943 0.029069919 0.029004456 0.005525722 0.999563992 7.877995014
0.999393582 0.005997517 -0.034299489 -0.192191720 -0.006269818 0.999949634 -0.007836909 0.033882752 0.034250759 0.008047208 0.999380887 9.223937988
0.999180138 0.005489456 -0.040111162 -0.239530817 -0.005850494 0.999943376 -0.008889111 0.038667027 0.040060095 0.009116493 0.999155700 10.567868233
0.998962283 0.006479477 -0.045082163 -0.309556842 -0.006857173 0.999942660 -0.008228345 0.039067052 0.045026261 0.008528942 0.998949409 11.915213585
0.998756707 0.007504328 -0.049282216 -0.385215908 -0.007839398 0.999947429 -0.006609248 0.039941549 0.049230028 0.006987374 0.998763025 13.286977768
0.998587489 0.007684840 -0.052573305 -0.458564132 -0.007968656 0.999954760 -0.005191001 0.044877753 0.052531037 0.005602607 0.998603582 14.644134521
0.998420537 0.008132448 -0.055590954 -0.541258991 -0.008412234 0.999953091 -0.004800775 0.047685113 0.055549305 0.005260836 0.998442113 16.014181137
0.998248160 0.007226860 -0.058722518 -0.628568769 -0.007557683 0.999956787 -0.005413534 0.057194702 0.058680858 0.005847857 0.998259664 17.403762817
0.998089850 0.007520745 -0.061319582 -0.724549234 -0.007771985 0.999962330 -0.003859733 0.062327307 0.061288245 0.004328936 0.998110712 18.780521393
0.997857392 0.009104520 -0.064789690 -0.813042283 -0.009254890 0.999955118 -0.002021154 0.063780338 0.064768381 0.002616445 0.997896910 20.150451660
0.997691870 0.010141550 -0.067142360 -0.922942638 -0.010199226 0.999947846 -0.000516267 0.066057630 0.067133628 0.001199876 0.997743249 21.541585922
0.997498810 0.011633491 -0.069719546 -1.034498096 -0.011749773 0.999930203 -0.001257987 0.080047354 0.069700040 0.002074030 0.997565866 22.916589737
0.997305572 0.010348082 -0.072626024 -1.157830834 -0.010560956 0.999940991 -0.002547703 0.081993528 0.072595373 0.003307838 0.997355998 24.336000443
0.997047544 0.009435552 -0.076204725 -1.262648582 -0.009698098 0.999948263 -0.003075932 0.083650351 0.076171756 0.003805891 0.997087419 25.714828491
0.996730149 0.007147260 -0.080485567 -1.363577485 -0.007450673 0.999966204 -0.003470086 0.085795507 0.080458045 0.004058411 0.996749759 27.100976944
0.996364295 0.004764963 -0.085061610 -1.484992504 -0.005125278 0.999978781 -0.004018049 0.087279528 0.085040659 0.004439405 0.996367574 28.499990463
0.995970666 0.004206377 -0.089581057 -1.618195415 -0.004621495 0.999979496 -0.004427087 0.088975653 0.089560598 0.004823247 0.995969713 29.877111435
0.995493412 0.003864978 -0.094752111 -1.740642905 -0.004352329 0.999978364 -0.004937311 0.093624994 0.094730973 0.005327453 0.995488644 31.286226273
0.995087564 0.004916096 -0.098876417 -1.893403172 -0.005377829 0.999975860 -0.004403824 0.092154197 0.098852381 0.004913931 0.995089948 32.652256012
0.994627357 0.006657961 -0.103305720 -2.042573452 -0.006960397 0.999972463 -0.002567360 0.089143053 0.103285782 0.003272615 0.994646311 34.104648590
0.994128227 0.008667821 -0.107860737 -2.201667070 -0.008861826 0.999959886 -0.001319456 0.091082491 0.107844964 0.002267551 0.994165123 35.481643677
0.993641853 0.010684549 -0.112078860 -2.362815142 -0.010779725 0.999941885 -0.000243210 0.089148469 0.112069748 0.001449843 0.993699312 36.899700165
0.993118167 0.011672450 -0.116533592 -2.528829336 -0.011717383 0.999931276 0.000299506 0.094055831 0.116529085 0.001068024 0.993186712 38.298759460
0.992502570 0.013710767 -0.121452130 -2.703591824 -0.013735172 0.999905467 0.000636270 0.097654186 0.121449374 0.001036666 0.992597103 39.695541382
0.991853893 0.017273508 -0.126204237 -2.884927988 -0.017308783 0.999849856 0.000817174 0.105997413 0.126199409 0.001373925 0.992003918 41.095836639
0.991244853 0.021250598 -0.130315036 -3.077950478 -0.021467876 0.999769509 -0.000262603 0.109892279 0.130279422 0.003057891 0.991472602 42.466793060
0.990684092 0.025055818 -0.133855507 -3.282537699 -0.025611905 0.999669015 -0.002433838 0.106726527 0.133750215 0.005839459 0.990997851 43.839328766
0.990131199 0.027129591 -0.137492567 -3.491414070 -0.027931100 0.999602258 -0.003903153 0.105776548 0.137331977 0.007704952 0.990495086 45.247882843
0.989620090 0.024830269 -0.141546801 -3.685233355 -0.025726588 0.999658883 -0.004505585 0.102915287 0.141386643 0.008100334 0.989921331 46.629875183
0.989254296 0.022202026 -0.144509420 -3.889484882 -0.023050757 0.999725461 -0.004201322 0.095813259 0.144376472 0.007487227 0.989494503 47.991695404
0.988862753 0.018379468 -0.147691175 -4.093257904 -0.019025156 0.999814630 -0.002960278 0.094740361 0.147609398 0.005737156 0.989029109 49.367031097
0.988505423 0.015577798 -0.150380552 -4.305019379 -0.016037572 0.999869704 -0.001845051 0.095105931 0.150332212 0.004235582 0.988626480 50.747455597
0.988168836 0.012950911 -0.152822360 -4.517224312 -0.013385569 0.999908745 -0.001815653 0.093468830 0.152784899 0.003839786 0.988251984 52.130538940
0.987864137 0.011321670 -0.154907227 -4.735790730 -0.011867829 0.999926209 -0.002601349 0.093353599 0.154866338 0.004408191 0.987925589 53.501228333
0.987542510 0.011248357 -0.156949729 -4.955217838 -0.011929324 0.999923050 -0.003397414 0.094972521 0.156899437 0.005227394 0.987600744 54.869281769
0.987343609 0.010534095 -0.158245623 -5.187200069 -0.011264256 0.999929667 -0.003717879 0.092438757 0.158195332 0.005453343 0.987392783 56.247249603
0.987172365 0.010503872 -0.159312233 -5.417868614 -0.011277149 0.999928594 -0.003950532 0.094209597 0.159259364 0.005696444 0.987220347 57.612861633
0.987015545 0.009243330 -0.160358503 -5.654060841 -0.010094571 0.999938965 -0.004494505 0.085172981 0.160307169 0.006054897 0.987048626 59.004222870
0.986786306 0.009859496 -0.161726952 -5.880286694 -0.010983306 0.999921322 -0.006056229 0.086960256 0.161654517 0.007752500 0.986816943 60.376289368
0.986737669 0.009453230 -0.162047401 -6.127087593 -0.010862729 0.999910474 -0.007814260 0.079723366 0.161959022 0.009470902 0.986752033 61.756938934
0.986679614 0.011403633 -0.162275419 -6.363709927 -0.012852188 0.999886334 -0.007879535 0.076984063 0.162167132 0.009860170 0.986714065 63.128986359
0.986688554 0.012792833 -0.162117347 -6.597920418 -0.014088945 0.999877274 -0.006847736 0.072298266 0.162009850 0.009040644 0.986747742 64.547439575
0.986760974 0.012271185 -0.161716387 -6.833422661 -0.013283407 0.999898374 -0.005179498 0.065669812 0.161636382 0.007259071 0.986823678 65.932624817
0.986836195 0.010335157 -0.161392435 -7.068277836 -0.011444114 0.999916852 -0.005943085 0.064246178 0.161317602 0.007711844 0.986872435 67.324409485
0.986860693 0.006539234 -0.161440998 -7.305185795 -0.007921693 0.999937236 -0.007921061 0.058586244 0.161379069 0.009095870 0.986850560 68.746742249
0.986949503 0.003031956 -0.161001652 -7.533561707 -0.004488422 0.999952197 -0.008683358 0.056300677 0.160967633 0.009292679 0.986915946 70.169448853
0.987059653 -0.000459035 -0.160352990 -7.766019821 -0.000783818 0.999970138 -0.007687398 0.052443013 0.160351723 0.007713608 0.987029791 71.580924988
0.987188876 -0.003332772 -0.159521326 -7.999703884 0.002439284 0.999980211 -0.005796541 0.040910020 0.159537494 0.005333162 0.987177491 73.019767761
0.987235248 -0.004982444 -0.159191012 -8.225566864 0.004208732 0.999977648 -0.005197047 0.038701989 0.159213349 0.004460716 0.987234116 74.448379517
0.987398326 -0.006030522 -0.158139899 -8.461078644 0.005530631 0.999978244 -0.003600957 0.035695143 0.158158168 0.002680966 0.987410128 75.893005371
0.987616956 -0.004360730 -0.156823933 -8.694745064 0.004264557 0.999990463 -0.000949723 0.035365764 0.156826586 0.000269178 0.987626135 77.309822083
0.987842977 -0.004486298 -0.155390084 -8.932475090 0.004299410 0.999989569 -0.001538768 0.037937742 0.155395374 0.000851975 0.987851977 78.765563965
0.987952352 -0.001971608 -0.154745892 -9.165781021 0.001136108 0.999984324 -0.005487423 0.041424405 0.154754281 0.005245504 0.987939060 80.192230225
0.988111913 -0.000667667 -0.153734863 -9.393551826 -0.000879715 0.999949634 -0.009997020 0.032964852 0.153733805 0.010013418 0.988061547 81.654342651
0.988192618 0.005327216 -0.153123885 -9.628396988 -0.007454935 0.999883413 -0.013324616 0.023593599 0.153035045 0.014308816 0.988117158 83.097061157
0.988404930 0.006800970 -0.151688635 -9.858716011 -0.008531780 0.999905705 -0.010762341 0.017106580 0.151601136 0.011931725 0.988369763 84.522201538
0.988581359 0.007409437 -0.150505796 -10.092977524 -0.007445064 0.999972224 0.000326762 0.006379101 0.150504038 0.000797494 0.988609076 85.986000061
0.988615990 -0.000181328 -0.150460690 -10.306825638 0.001096166 0.999981403 0.005997329 0.008206278 0.150456801 -0.006093985 0.988597810 87.434219360
0.988425732 -0.011935242 -0.151235282 -10.513598442 0.012515027 0.999917507 0.002882373 0.020809323 0.151188418 -0.004741726 0.988493562 88.878105164
0.988160789 -0.018658634 -0.152282834 -10.719884872 0.018174205 0.999824405 -0.004572550 0.026989505 0.152341411 0.001750796 0.988326371 90.318046570
0.988053322 -0.021864299 -0.152553454 -10.936443329 0.020826524 0.999747813 -0.008397506 0.025268763 0.152698591 0.005120025 0.988259554 91.736145020
0.988116145 -0.019679831 -0.152444035 -11.172411919 0.018806137 0.999797404 -0.007171140 0.012721390 0.152554274 0.004219036 0.988286078 93.201187134
0.987959743 -0.018393133 -0.153613836 -11.391986847 0.017881198 0.999828994 -0.004713659 0.011246845 0.153674260 0.001910106 0.988119721 94.640823364
0.988001406 -0.015154419 -0.153699681 -11.646498680 0.014899762 0.999885023 -0.002808664 0.006163120 0.153724566 0.000484876 0.988113642 96.086059570
0.987952232 -0.012602542 -0.154245302 -11.880166054 0.012579425 0.999920249 -0.001125900 0.006692402 0.154247180 -0.000827981 0.988031924 97.541419983
0.987847269 -0.012969977 -0.154885784 -12.119546890 0.013025707 0.999914944 -0.000655100 0.001107588 0.154881105 -0.001370359 0.987932146 99.006050110
0.987698615 -0.016933277 -0.155450061 -12.341914177 0.016584303 0.999856174 -0.003541644 0.009391487 0.155487671 0.000920046 0.987837434 100.471420288
0.987426400 -0.022647789 -0.156448767 -12.576501846 0.022460243 0.999743342 -0.002966718 -0.001298353 0.156475797 -0.000584462 0.987681627 101.922065735
0.987006605 -0.027767468 -0.158262059 -12.796485901 0.027744628 0.999612272 -0.002354136 0.003025085 0.158266068 -0.002067374 0.987394333 103.386604309
0.986964405 -0.030225195 -0.158075139 -13.038084984 0.030117115 0.999541640 -0.003079687 0.002457917 0.158095762 -0.001721225 0.987422287 104.857551575
0.987020552 -0.029817987 -0.157801360 -13.279487610 0.029769519 0.999553204 -0.002671306 0.000359446 0.157810509 -0.002061036 0.987467289 106.300163269
0.986877382 -0.029975329 -0.158664599 -13.521830559 0.029888580 0.999548912 -0.002933505 0.006194443 0.158680975 -0.001847250 0.987328172 107.809814453
0.986760378 -0.032185353 -0.158959165 -13.755044937 0.031403922 0.999479175 -0.007426104 0.000945866 0.159115389 0.002335845 0.987257242 109.269355774
0.986493528 -0.037364494 -0.159481615 -13.993794441 0.035363194 0.999256313 -0.015369449 -0.008200049 0.159937277 0.009522083 0.987081230 110.741554260
0.986255825 -0.039620325 -0.160404697 -14.226861000 0.037691414 0.999176085 -0.015051348 -0.019765168 0.160868868 0.008798600 0.986936569 112.220726013
0.986134052 -0.039073303 -0.161285177 -14.473232269 0.037601855 0.999218702 -0.012166687 -0.032636344 0.161634564 0.005933363 0.986832857 113.683280945
0.986105859 -0.037477709 -0.161835372 -14.719919205 0.036067501 0.999281526 -0.011643972 -0.043741763 0.162155479 0.005645192 0.986749053 115.166557312
0.986210108 -0.033893455 -0.161990434 -14.973959923 0.032807212 0.999417722 -0.009376581 -0.049691647 0.162213907 0.003932824 0.986747801 116.645889282
0.986257195 -0.031626355 -0.162162080 -15.226732254 0.031202486 0.999499738 -0.005160628 -0.059056878 0.162244171 0.000029847 0.986750662 118.124794006
0.986264348 -0.031187760 -0.162203521 -15.475178719 0.031172836 0.999510527 -0.002637662 -0.061958820 0.162206396 -0.002454912 0.986753821 119.615852356
0.986133218 -0.031825099 -0.162875578 -15.734842300 0.031657524 0.999492228 -0.003624855 -0.060201168 0.162908241 -0.001581648 0.986639977 121.150291443
0.986052454 -0.033286832 -0.163072303 -15.982477188 0.032716900 0.999445558 -0.006180080 -0.052217364 0.163187608 0.000758662 0.986594737 122.666572571
0.986012280 -0.034583107 -0.163045496 -16.232906342 0.034002371 0.999401569 -0.006351935 -0.055687755 0.163167596 0.000719152 0.986598134 124.164199829
0.986016512 -0.035296232 -0.162866980 -16.482343674 0.034801781 0.999376893 -0.005888907 -0.058146834 0.162973344 0.000138499 0.986630440 125.657852173
0.986042798 -0.036447816 -0.162453666 -16.730678558 0.036011755 0.999335527 -0.005629074 -0.063829511 0.162550882 -0.000299734 0.986700118 127.140586853
0.986033797 -0.038457975 -0.162044391 -16.992034912 0.038179316 0.999259233 -0.004834433 -0.061528295 0.162110284 -0.001419829 0.986771643 128.676300049
0.985989928 -0.042321432 -0.161346868 -17.244869232 0.042357422 0.999097347 -0.003218151 -0.060106635 0.161337420 -0.003661172 0.986892521 130.187576294
0.985892773 -0.044417139 -0.161377072 -17.498277664 0.044513579 0.999004245 -0.003019591 -0.065474629 0.161350489 -0.004206478 0.986888230 131.709884644
0.985740781 -0.048369829 -0.161169067 -17.739339828 0.048229232 0.998824835 -0.004786660 -0.060580313 0.161211208 -0.003054655 0.986915231 133.248565674
0.985624373 -0.052079488 -0.160724387 -17.986577988 0.051785674 0.998640060 -0.006019252 -0.062683344 0.160819307 -0.002390499 0.986980975 134.786468506
0.985627174 -0.054044906 -0.160057008 -18.240396500 0.053640220 0.998536825 -0.006851123 -0.062281728 0.160193086 -0.001832841 0.987083972 136.309173584
0.985528827 -0.057254661 -0.159545675 -18.492322922 0.057025496 0.998354554 -0.006018222 -0.066387117 0.159627721 -0.003167040 0.987172186 137.852035522
0.985542834 -0.059065964 -0.158797279 -18.741254807 0.059164766 0.998239756 -0.004109539 -0.067126513 0.158760488 -0.005345076 0.987302661 139.404022217
0.985553622 -0.061414897 -0.157836035 -18.991481781 0.061669461 0.998091221 -0.003288892 -0.065032840 0.157736748 -0.006492284 0.987459838 140.954376221
0.985560656 -0.063349403 -0.157025814 -19.242401123 0.063472509 0.997974575 -0.004235549 -0.066432476 0.156976089 -0.005792431 0.987585425 142.504776001
0.985440195 -0.064741977 -0.157213435 -19.483236313 0.064425640 0.997897148 -0.007112750 -0.072496712 0.157343343 -0.003119387 0.987539053 144.057418823
0.985311210 -0.065307416 -0.157787248 -19.722379684 0.064667299 0.997864544 -0.009192996 -0.071200252 0.158050671 -0.001145713 0.987430334 145.633453369
0.985381246 -0.063769445 -0.157978609 -19.988948822 0.063327208 0.997962058 -0.007836774 -0.085401177 0.158156410 -0.002282133 0.987411439 147.196258545
0.985416710 -0.062038675 -0.158445895 -20.252523422 0.061815843 0.998067439 -0.006339194 -0.092826784 0.158532962 -0.003547717 0.987347305 148.760406494
0.985417783 -0.060378265 -0.159079269 -20.515600204 0.060308568 0.998165846 -0.005270235 -0.097039759 0.159105703 -0.004400459 0.987251759 150.319839478
0.985435903 -0.058671031 -0.159605026 -20.770496368 0.058616571 0.998267770 -0.005053245 -0.098695815 0.159625024 -0.004375850 0.987168014 151.876174927
0.985283017 -0.056452435 -0.161339566 -21.040384293 0.056476388 0.998394072 -0.004441233 -0.115137994 0.161331177 -0.004736004 0.986888945 153.469619751
0.985113025 -0.055512935 -0.162697881 -21.296276093 0.055534970 0.998447001 -0.004416151 -0.120074153 0.162690371 -0.004685015 0.986666024 155.027832031
0.984955609 -0.055018514 -0.163815215 -21.555665970 0.055113852 0.998472214 -0.003966430 -0.125730872 0.163783163 -0.005121729 0.986483097 156.583267212
0.984746277 -0.055993244 -0.164740697 -21.812166214 0.056149080 0.998415470 -0.003714464 -0.123732388 0.164687648 -0.005592234 0.986329913 158.142684937
0.984481394 -0.056902356 -0.166007563 -22.080314636 0.057201095 0.998358190 -0.002984937 -0.137144804 0.165904865 -0.006557200 0.986119986 159.706909180
0.984252095 -0.057654921 -0.167104095 -22.337831497 0.057886604 0.998317063 -0.003488126 -0.142606497 0.167023972 -0.006239891 0.985933065 161.257034302
0.984197736 -0.055853486 -0.168033466 -22.609790802 0.055652618 0.998432696 -0.005908171 -0.156008184 0.168100104 -0.003536693 0.985763609 162.813262939
0.984120667 -0.053526323 -0.169237867 -22.876476288 0.053319521 0.998560846 -0.005769668 -0.166685343 0.169303134 -0.003345632 0.985558331 164.366317749
0.983974695 -0.053021144 -0.170242608 -23.141101837 0.053363103 0.998571873 -0.002569746 -0.168179274 0.170135736 -0.006556108 0.985398829 165.900787354
0.983622313 -0.055074237 -0.171621591 -23.402681351 0.056025840 0.998429060 0.000702414 -0.173377335 0.171313301 -0.010306153 0.985162675 167.426330566
0.983265996 -0.059881244 -0.172052905 -23.681552887 0.060894076 0.998144031 0.000610072 -0.186662853 0.171697050 -0.011076865 0.985087514 168.981918335
0.982856810 -0.062707514 -0.173378810 -23.941793442 0.063173585 0.997998536 -0.002834337 -0.182115734 0.173209533 -0.008167215 0.984851122 170.512634277
0.983064830 -0.057242379 -0.174088597 -24.219451904 0.056713331 0.998358309 -0.008016171 -0.190171421 0.174261659 -0.001992728 0.984697342 172.045562744
0.983266175 -0.054145169 -0.173942253 -24.491994858 0.053548872 0.998532176 -0.008122787 -0.196411431 0.174126759 -0.001327549 0.984722376 173.559295654
0.983624220 -0.047510192 -0.173856735 -24.776990891 0.048224669 0.998836517 -0.000114798 -0.212261677 0.173659921 -0.008271265 0.984770954 175.073303223
0.983486474 -0.047867112 -0.174536780 -25.048503876 0.049132314 0.998787999 0.002932723 -0.209113836 0.174184859 -0.011459690 0.984646261 176.618164062
0.982992113 -0.054788731 -0.175284594 -25.311664581 0.056242798 0.998411536 0.003334717 -0.203510582 0.174823463 -0.013136496 0.984512150 178.118133545
0.982485712 -0.061205309 -0.175999224 -25.568866730 0.062733702 0.998025417 0.003127917 -0.202151477 0.175460249 -0.014114216 0.984385312 179.621322632
0.982329369 -0.064383045 -0.175737888 -25.838453293 0.065396100 0.997859359 -0.000026849 -0.194354951 0.175363421 -0.011466197 0.984436989 181.139846802
0.982260823 -0.065455899 -0.175724626 -26.113492966 0.065788336 0.997825801 -0.003939577 -0.192886770 0.175600439 -0.007690937 0.984431505 182.620330811
0.982452333 -0.063481085 -0.175378397 -26.387325287 0.063310146 0.997972250 -0.006575265 -0.196688950 0.175440177 -0.004643347 0.984479129 184.119415283
0.982604921 -0.062417611 -0.174904674 -26.658941269 0.062214613 0.998040676 -0.006648938 -0.200216532 0.174976975 -0.004348346 0.984562933 185.636291504
0.982689798 -0.061288141 -0.174827218 -26.929985046 0.061400823 0.998101771 -0.004769506 -0.202212393 0.174787670 -0.006047591 0.984587550 187.129180908
0.982600451 -0.063521735 -0.174531877 -27.200153351 0.064116225 0.997939944 -0.002235985 -0.207098901 0.174314365 -0.008993244 0.984649003 188.639999390
0.982531667 -0.064780049 -0.174456343 -27.463159561 0.065557905 0.997847915 -0.001306471 -0.208014131 0.174165532 -0.010153344 0.984664023 190.117050171
0.982472301 -0.066797361 -0.174029514 -27.737972260 0.067252971 0.997730553 -0.003284411 -0.215572536 0.173853964 -0.008477161 0.984734952 191.614608765
0.982409239 -0.068395220 -0.173764840 -27.999008179 0.068528116 0.997635424 -0.005241780 -0.213435829 0.173712477 -0.006758205 0.984773219 193.110946655
0.982402265 -0.068893224 -0.173607364 -28.252185822 0.068586446 0.997614920 -0.007772867 -0.222614169 0.173728794 -0.004271031 0.984784245 194.601287842
0.982693136 -0.066338912 -0.172954783 -28.524005890 0.065530017 0.997796535 -0.010389078 -0.239429533 0.173262879 -0.001124453 0.984874964 196.070220947
0.982975423 -0.062073626 -0.172934160 -28.797819138 0.061226532 0.998071432 -0.010233577 -0.252780974 0.173235878 -0.000528804 0.984880209 197.556732178
0.983095050 -0.057361875 -0.173878625 -29.057561874 0.056870151 0.998351038 -0.007813035 -0.263130963 0.174040064 -0.002207548 0.984736085 199.030059814
0.983085930 -0.054902390 -0.174721867 -29.324291229 0.054917719 0.998479605 -0.004750854 -0.271019399 0.174717054 -0.004924828 0.984606385 200.504318237
0.983025670 -0.053670663 -0.175442174 -29.600347519 0.054232381 0.998527050 -0.001594757 -0.282201409 0.175269350 -0.007946961 0.984488428 201.994094849
0.982749879 -0.055358797 -0.176459953 -29.863504410 0.056349773 0.998410881 0.000605833 -0.283532619 0.176146001 -0.010538859 0.984307647 203.459915161
0.982310176 -0.059423774 -0.177582532 -30.135011673 0.060452610 0.998170972 0.000383627 -0.288122416 0.177234933 -0.011112167 0.984105825 204.942794800
0.981716573 -0.065020852 -0.178898871 -30.388677597 0.065699548 0.997837186 -0.002134675 -0.281621873 0.178650752 -0.009657928 0.983865142 206.396804810
0.981420279 -0.066629119 -0.179930031 -30.657886505 0.067091689 0.997740626 -0.003520449 -0.291692197 0.179758057 -0.008616769 0.983673096 207.867675781
0.981365085 -0.065024488 -0.180815890 -30.926492691 0.065296948 0.997855961 -0.004451622 -0.289404869 0.180717677 -0.007438059 0.983506918 209.315460205
0.981359243 -0.063167192 -0.181504637 -31.213758469 0.063316137 0.997981071 -0.004979422 -0.304281056 0.181452736 -0.006605571 0.983377457 210.763183594
0.981378555 -0.060566016 -0.182285056 -31.487829208 0.060772758 0.998141706 -0.004456658 -0.311016500 0.182216227 -0.006704295 0.983235657 212.195312500
0.981512606 -0.059399389 -0.181946903 -31.769929886 0.059475567 0.998217046 -0.005042468 -0.324012995 0.181922004 -0.005872148 0.983295441 213.658264160
0.981588840 -0.058584176 -0.181800097 -32.041545868 0.058698282 0.998264432 -0.004757548 -0.324867785 0.181763291 -0.006001397 0.983323991 215.101135254
0.981694102 -0.055943977 -0.182063222 -32.316772461 0.055808216 0.998424232 -0.005872833 -0.336897910 0.182104871 -0.004395298 0.983269274 216.550979614
0.981950760 -0.051729102 -0.181925416 -32.595027924 0.050893649 0.998661160 -0.009260865 -0.346913934 0.182160899 -0.000165136 0.983268738 217.970458984
0.981920421 -0.053847935 -0.181473672 -32.855468750 0.053501882 0.998544574 -0.006805250 -0.350414157 0.181575984 -0.003026967 0.983372271 219.401290894
0.981867313 -0.053536706 -0.181852639 -33.125534058 0.054440700 0.998516977 -0.000020711 -0.364341497 0.181584060 -0.009879850 0.983325779 220.837142944
0.981519163 -0.058810905 -0.182102725 -33.391036987 0.059823640 0.998208940 0.000068525 -0.361925960 0.181772545 -0.010961305 0.983279526 222.270355225
0.981091082 -0.064680859 -0.182418898 -33.646923065 0.065196887 0.997867346 -0.003173090 -0.356468439 0.182235107 -0.008780053 0.983215809 223.700729370
0.980984092 -0.066488728 -0.182344362 -33.911510468 0.066692077 0.997760952 -0.005023416 -0.364416838 0.182270080 -0.007233032 0.983221889 225.139617920
0.981093407 -0.065207981 -0.182218641 -34.178546906 0.065381914 0.997847497 -0.005059064 -0.370672822 0.182156309 -0.006950388 0.983245015 226.572326660
0.981357813 -0.062683135 -0.181680143 -34.454315186 0.062872574 0.998010397 -0.004722199 -0.377603233 0.181614682 -0.006788530 0.983346343 227.986175537
0.981392741 -0.063130610 -0.181336120 -34.717647552 0.063493907 0.997974992 -0.003806763 -0.379281819 0.181209236 -0.007777809 0.983413815 229.405212402
0.981421053 -0.063388430 -0.181092918 -34.980815887 0.064010777 0.997946322 -0.002411629 -0.389645576 0.180873871 -0.009225073 0.983463049 230.821075439
0.981372833 -0.064947531 -0.180801362 -35.243278503 0.065388359 0.997853637 -0.003527463 -0.393631101 0.180642396 -0.008360547 0.983513296 232.226943970
0.981354117 -0.065246806 -0.180795416 -35.496932983 0.065479942 0.997842908 -0.004685136 -0.397663474 0.180711120 -0.007240695 0.983509541 233.643585205
0.981584132 -0.065154046 -0.179575890 -35.763984680 0.065332271 0.997851372 -0.004927937 -0.409065962 0.179511130 -0.006894915 0.983731806 235.074645996
0.981887996 -0.064437628 -0.178167894 -36.024883270 0.064809628 0.997890651 -0.003737539 -0.415433288 0.178032920 -0.007877151 0.983992994 236.484100342
0.982187986 -0.064928696 -0.176326424 -36.280883789 0.065252922 0.997860909 -0.003965193 -0.414062798 0.176206693 -0.007611247 0.984323740 237.903015137
0.982447684 -0.065426692 -0.174687922 -36.541275024 0.065381676 0.997842193 -0.006018941 -0.427335858 0.174704775 -0.005508094 0.984605432 239.300949097
0.982663751 -0.066182420 -0.173181579 -36.783256531 0.065901078 0.997798860 -0.007380339 -0.429799378 0.173288837 -0.004160461 0.984862268 240.719421387
0.983145833 -0.066086814 -0.170460522 -37.047111511 0.065956794 0.997801721 -0.006431935 -0.441156030 0.170510873 -0.004919500 0.985343516 242.147171021
0.983530045 -0.066289350 -0.168149814 -37.291778564 0.066472843 0.997777879 -0.004543619 -0.450335920 0.168077350 -0.006708609 0.985750973 243.571533203
0.983739614 -0.068131648 -0.166175812 -37.529682159 0.068360902 0.997651160 -0.004346510 -0.451973855 0.166081637 -0.007084094 0.986086547 244.988937378
0.983833075 -0.070723124 -0.164531648 -37.767589569 0.070857443 0.997473598 -0.005060159 -0.450016141 0.164473847 -0.006679940 0.986358821 246.416290283
0.983963132 -0.071854055 -0.163259313 -38.000698090 0.071824811 0.997398674 -0.006089561 -0.451907516 0.163272172 -0.005734166 0.986564398 247.837829590
0.984215677 -0.072163299 -0.161591902 -38.251770020 0.072078459 0.997378469 -0.006394914 -0.462330580 0.161629766 -0.005353320 0.986836970 249.275360107
0.984528661 -0.070752397 -0.160304278 -38.478713989 0.070689321 0.997479737 -0.006103491 -0.458433330 0.160332099 -0.005322739 0.987048805 250.706604004
0.984923422 -0.068436973 -0.158878192 -38.724273682 0.068561420 0.997635782 -0.004704431 -0.475351930 0.158824533 -0.006259410 0.987286985 252.157562256
0.985333860 -0.066562749 -0.157119691 -38.958610535 0.066827849 0.997758031 -0.003600912 -0.475619733 0.157007128 -0.006951871 0.987573028 253.591812134
0.985816717 -0.063288048 -0.155434877 -39.191261292 0.063762665 0.997963190 -0.001935525 -0.478718281 0.155240789 -0.008002869 0.987844229 255.032379150
0.986217737 -0.061123509 -0.153748199 -39.423419952 0.061737839 0.998092115 -0.000780090 -0.479248762 0.153502539 -0.008722742 0.988109767 256.448150635
0.986546993 -0.059868213 -0.152121186 -39.647018433 0.060692623 0.998156190 0.000777634 -0.486181378 0.151794150 -0.009999807 0.988361537 257.906280518
0.986914158 -0.058745585 -0.150164768 -39.875526428 0.059703179 0.998214424 0.001872737 -0.487105012 0.149786621 -0.010813545 0.988659203 259.333648682
0.987245917 -0.057876922 -0.148309678 -40.097335815 0.058685485 0.998275936 0.001077924 -0.486716807 0.147991598 -0.009767801 0.988940358 260.775726318
0.987512529 -0.057933573 -0.146501675 -40.312492371 0.058739774 0.998272657 0.001179237 -0.483999133 0.146180302 -0.009769985 0.989209712 262.204620361
0.987725973 -0.057588108 -0.145192981 -40.521732330 0.058605790 0.998277426 0.002738096 -0.478781402 0.144785196 -0.011213636 0.989399552 263.630310059
0.987954557 -0.057268053 -0.143757194 -40.732437134 0.058687564 0.998260438 0.005649917 -0.479906499 0.143183544 -0.014018620 0.989596844 265.071502686
0.988265097 -0.056249991 -0.142014265 -40.947978973 0.057985876 0.998284459 0.008111350 -0.470115602 0.141314358 -0.016250987 0.989831388 266.481689453
0.988516033 -0.054548219 -0.140927374 -41.145957947 0.056405351 0.998365402 0.009214228 -0.467926145 0.140194401 -0.017057471 0.989977062 267.903167725
0.988866508 -0.052391183 -0.139277205 -41.350742340 0.054151133 0.998493314 0.008874360 -0.458853483 0.138602421 -0.016317574 0.990213692 269.321166992
0.989162683 -0.050214227 -0.137969926 -41.551609039 0.051876277 0.998617530 0.008474811 -0.450826883 0.137353629 -0.015540333 0.990400136 270.750671387
0.989344418 -0.050255980 -0.136645570 -41.749553680 0.051870942 0.998619437 0.008281462 -0.438881338 0.136040732 -0.015281151 0.990585387 272.161804199
0.989486694 -0.050887987 -0.135375246 -41.943923950 0.052404746 0.998596549 0.007661902 -0.433212161 0.134795353 -0.014675656 0.990764797 273.556762695
0.989642799 -0.050568238 -0.134350345 -42.130855560 0.051867884 0.998634756 0.006188863 -0.416919053 0.133853972 -0.013093231 0.990914583 274.936767578
0.989857256 -0.049864572 -0.133026958 -42.323703766 0.051009316 0.998684585 0.005209185 -0.421249986 0.132592231 -0.011941964 0.991098702 276.325988770
0.990115643 -0.048725232 -0.131517470 -42.510772705 0.049537871 0.998767972 0.002912325 -0.415617287 0.131213531 -0.009398634 0.991309583 277.695861816
0.990345836 -0.047268439 -0.130310565 -42.691436768 0.047884978 0.998851597 0.001600280 -0.408345282 0.130085275 -0.007824749 0.991471946 279.074096680
0.990602791 -0.045955218 -0.128818601 -42.876350403 0.046609931 0.998911023 0.002070775 -0.407763779 0.128583148 -0.008055542 0.991666019 280.435119629
0.990806103 -0.046315242 -0.127114922 -43.056159973 0.046921149 0.998897016 0.001774791 -0.406141818 0.126892522 -0.007722852 0.991886437 281.793823242
0.990854204 -0.047972117 -0.126121596 -43.237319946 0.048600800 0.998816431 0.001910593 -0.404566765 0.125880659 -0.008022729 0.992012978 283.146728516
0.991002560 -0.047941320 -0.124962293 -43.409687042 0.048568886 0.998817861 0.001978531 -0.403760254 0.124719717 -0.008030008 0.992159545 284.513061523
0.991209507 -0.047859859 -0.123341359 -43.584606171 0.048532486 0.998818576 0.002452894 -0.389739841 0.123078249 -0.008417394 0.992361248 285.864685059
0.991390884 -0.047051191 -0.122189455 -43.754516602 0.047778960 0.998853326 0.003031255 -0.379528850 0.121906720 -0.008843242 0.992502153 287.223083496
0.991559565 -0.046356991 -0.121081375 -43.919364929 0.047280405 0.998870313 0.004763025 -0.373367488 0.120723784 -0.010447599 0.992631137 288.581268311
0.991800606 -0.044459116 -0.119812325 -44.084972382 0.045132715 0.998976767 0.002913139 -0.364007354 0.119560212 -0.008296709 0.992792308 289.944854736
0.992032468 -0.044023566 -0.118040092 -44.248252869 0.044642471 0.998999655 0.002602971 -0.356402040 0.117807418 -0.007851833 0.993005395 291.288421631
0.992303491 -0.042765081 -0.116210908 -44.412220001 0.043231286 0.999063969 0.001493022 -0.348526657 0.116038285 -0.006505478 0.993223429 292.642059326
0.992528141 -0.043647643 -0.113941781 -44.569637299 0.043998182 0.999031425 0.000562260 -0.342305005 0.113806881 -0.005571290 0.993487298 293.981903076
0.992671430 -0.045617536 -0.111904100 -44.730758667 0.045852736 0.998948097 -0.000472282 -0.337604761 0.111807935 -0.004662287 0.993718922 295.325408936
0.992753446 -0.047866084 -0.110224552 -44.887081146 0.048118081 0.998841584 -0.000374190 -0.341598749 0.110114776 -0.004932315 0.993906617 296.681823730
0.992916584 -0.049077321 -0.108203851 -45.034843445 0.049370166 0.998780549 0.000027581 -0.333217621 0.108070545 -0.005369427 0.994128704 298.045410156
0.993154049 -0.049517825 -0.105796799 -45.185703278 0.049860712 0.998755991 0.000596838 -0.342070401 0.105635628 -0.005867855 0.994387567 299.379669189
0.993401289 -0.050245527 -0.103098221 -45.327503204 0.050521631 0.998722970 0.000066870 -0.333380252 0.102963202 -0.005275120 0.994671166 300.737762451
0.993775368 -0.049810737 -0.099646352 -45.472087860 0.049954958 0.998750925 -0.001048816 -0.328993827 0.099574134 -0.003935542 0.995022357 302.103088379
0.994182706 -0.048887067 -0.095972843 -45.604743958 0.049109340 0.998793423 -0.000046079 -0.321306020 0.095859297 -0.004667352 0.995383978 303.471710205
0.994610190 -0.047947921 -0.091932632 -45.738838196 0.048199154 0.998837590 0.000513245 -0.323529571 0.091801159 -0.004941553 0.995765090 304.838928223
0.994891405 -0.048403416 -0.088590287 -45.857921600 0.048635926 0.998816490 0.000466607 -0.316440612 0.088462852 -0.004772894 0.996068060 306.217742920
0.995271087 -0.047030039 -0.084991738 -45.980262756 0.047182560 0.998886287 -0.000214412 -0.316494495 0.084907159 -0.003796730 0.996381640 307.589141846
0.995669723 -0.046607863 -0.080433011 -46.097351074 0.046770543 0.998905659 0.000138676 -0.318745583 0.080338530 -0.003899971 0.996760011 308.958251953
0.996005416 -0.045251910 -0.076976933 -46.208496094 0.045487106 0.998964071 0.001303948 -0.315501183 0.076838180 -0.004800197 0.997032046 310.333374023
0.996230841 -0.045422845 -0.073897868 -46.312549591 0.045670372 0.998955190 0.001662391 -0.311284721 0.073745154 -0.005031069 0.997264445 311.728698730
0.996427536 -0.045769222 -0.070974201 -46.413780212 0.046003737 0.998939872 0.001672289 -0.308047473 0.070822418 -0.004931394 0.997476757 313.117462158
0.996629834 -0.046125636 -0.067833558 -46.508197784 0.046322964 0.998925626 0.001338124 -0.307833791 0.067698963 -0.004475866 0.997695744 314.470184326
0.996723115 -0.047010239 -0.065826192 -46.587764740 0.047175366 0.998886168 0.000955527 -0.302087456 0.065707952 -0.004057771 0.997830629 315.826751709
0.996879458 -0.047556359 -0.063006200 -46.685466766 0.047725148 0.998859823 0.001175808 -0.297739536 0.062878437 -0.004179120 0.998012424 317.196685791
0.997011781 -0.047915701 -0.060594097 -46.775592804 0.048083235 0.998842478 0.001308929 -0.296985030 0.060461238 -0.004218577 0.998161614 318.568298340
0.997198462 -0.047050439 -0.058150206 -46.871551514 0.047132794 0.998888612 0.000044702 -0.284766257 0.058083478 -0.002785359 0.998307824 319.953247070
0.997368574 -0.046273768 -0.055809546 -46.948680878 0.046305671 0.998927057 -0.000722052 -0.274637669 0.055783078 -0.001864147 0.998441160 321.319305420
0.997545004 -0.045740258 -0.053025872 -47.032295227 0.045789793 0.998951077 -0.000280996 -0.273101777 0.052983101 -0.002147737 0.998593092 322.682220459
0.997666240 -0.046717577 -0.049794570 -47.095653534 0.046788953 0.998904765 0.000268074 -0.264587492 0.049727507 -0.002597285 0.998759449 324.048553467
0.997899234 -0.045863245 -0.045757350 -47.168228149 0.045921780 0.998944998 0.000228286 -0.257643759 0.045698605 -0.002329065 0.998952568 325.408813477
0.998057306 -0.046044048 -0.041971087 -47.244022369 0.046023335 0.998939276 -0.001460120 -0.256050020 0.041993797 -0.000474366 0.999117732 326.803131104
0.998159945 -0.046663668 -0.038719267 -47.300506592 0.046621226 0.998910666 -0.001998872 -0.246779919 0.038770363 0.000190054 0.999248147 328.179901123
0.998321414 -0.046242617 -0.034871541 -47.358806610 0.046224065 0.998930216 -0.001338427 -0.246279567 0.034896128 -0.000275724 0.999390900 329.550903320
0.998499990 -0.045438047 -0.030547589 -47.417118073 0.045422282 0.998967171 -0.001210197 -0.247788668 0.030571027 -0.000179159 0.999532580 330.951751709
0.998635471 -0.044430166 -0.027443804 -47.451915741 0.044429544 0.999012291 -0.000632649 -0.237606198 0.027444808 -0.000587530 0.999623120 332.342163086
0.998738885 -0.044107698 -0.023983354 -47.478740692 0.044141717 0.999024868 0.000890653 -0.240418434 0.023920683 -0.001948197 0.999711990 333.723663330
0.998838425 -0.043578658 -0.020560436 -47.513233185 0.043611847 0.999047875 0.001168479 -0.228435129 0.020489939 -0.002063801 0.999787927 335.125946045
0.998899996 -0.043645598 -0.017140616 -47.546237946 0.043669667 0.999045491 0.001032241 -0.214632794 0.017079202 -0.001779631 0.999852538 336.549163818
0.998922884 -0.044186052 -0.014165231 -47.567062378 0.044209376 0.999021411 0.001337513 -0.207316548 0.014092269 -0.001962308 0.999898791 337.975921631
0.998983622 -0.043762337 -0.010797171 -47.596096039 0.043783169 0.999039590 0.001700235 -0.195023239 0.010712395 -0.002171241 0.999940276 339.395721436
0.999032080 -0.043288630 -0.007806943 -47.611038208 0.043305688 0.999059796 0.002029145 -0.183427602 0.007711764 -0.002365266 0.999967456 340.806549072
0.999060869 -0.043065235 -0.004768328 -47.630474091 0.043079246 0.999067545 0.002875241 -0.169207022 0.004640059 -0.003077957 0.999984503 342.238464355
0.999077678 -0.042908609 -0.001620684 -47.645801544 0.042914003 0.999072790 0.003454673 -0.152221888 0.001470946 -0.003521036 0.999992728 343.679016113
0.999105632 -0.042253569 0.001617946 -47.649734497 0.042248491 0.999102473 0.003053217 -0.144399285 -0.001745503 -0.002982130 0.999994040 345.097717285
0.999130368 -0.041429903 0.004696973 -47.648200989 0.041420352 0.999139547 0.002112949 -0.133512914 -0.004780471 -0.001916562 0.999986708 346.517730713
0.999097168 -0.041763287 0.007792467 -47.644508362 0.041745659 0.999125361 0.002411537 -0.121658757 -0.007886365 -0.002084058 0.999966741 347.941833496
0.999036074 -0.042699542 0.010180241 -47.623142242 0.042663582 0.999082565 0.003723867 -0.108291753 -0.010329910 -0.003285952 0.999941230 349.376129150
0.998961031 -0.043576345 0.013339220 -47.602767944 0.043520011 0.999042511 0.004484672 -0.101156339 -0.013521872 -0.003899489 0.999900997 350.803405762
0.998867452 -0.044683419 0.016345561 -47.582069397 0.044619277 0.998994946 0.004268127 -0.088959292 -0.016519846 -0.003533966 0.999857306 352.239654541
0.998788238 -0.045239642 0.019376844 -47.559692383 0.045170989 0.998971403 0.003966369 -0.072667584 -0.019536350 -0.003086291 0.999804378 353.681121826
0.998655438 -0.046418197 0.023079647 -47.535583496 0.046333097 0.998917162 0.004208687 -0.070243225 -0.023250015 -0.003133677 0.999724746 355.117614746
0.998572171 -0.046378449 0.026508819 -47.507255554 0.046288367 0.998920083 0.004002079 -0.060913369 -0.026665803 -0.002769315 0.999640584 356.552642822
0.998446643 -0.047495022 0.029128686 -47.460948944 0.047416754 0.998869479 0.003372324 -0.045386940 -0.029255925 -0.001985898 0.999569952 358.030914307
0.998300612 -0.048651554 0.032076251 -47.418800354 0.048572894 0.998814404 0.003227442 -0.032976598 -0.032195240 -0.001663922 0.999480188 359.485107422
0.998150229 -0.049873315 0.034767650 -47.371273041 0.049781308 0.998753965 0.003507539 -0.021167219 -0.034899261 -0.001770271 0.999389291 360.941802979
0.998021364 -0.050086085 0.038010459 -47.333793640 0.050021078 0.998744607 0.002659930 -0.012117386 -0.038095966 -0.000753343 0.999273777 362.401519775
0.997890651 -0.050379120 0.040940970 -47.280002594 0.050381482 0.998729587 0.000974752 0.000010908 -0.040938064 0.001089971 0.999161065 363.853363037
0.997789681 -0.050476443 0.043219201 -47.210842133 0.050504819 0.998723745 0.000435740 0.009622812 -0.043186035 0.001748001 0.999065518 365.300292969
0.997715533 -0.049698502 0.045757867 -47.160755157 0.049729917 0.998762608 0.000452277 0.018009782 -0.045723725 0.001824291 0.998952448 366.761596680
0.997589469 -0.050183587 0.047925018 -47.089591980 0.050188024 0.998739183 0.001111481 0.024488270 -0.047920369 0.001296460 0.998850346 368.222290039
0.997488678 -0.049579658 0.050578780 -47.031917572 0.049571041 0.998769581 0.001425568 0.031859577 -0.050587226 0.001085254 0.998719037 369.687713623
0.997394860 -0.049123317 0.052824657 -46.953174591 0.049132235 0.998791635 0.001130536 0.038134068 -0.052816361 0.001467803 0.998603165 371.150817871
0.997278988 -0.048291221 0.055700567 -46.879463196 0.048305191 0.998832047 0.001096329 0.044989765 -0.055688452 0.001597281 0.998446941 372.623443604
0.997120321 -0.048220441 0.058530651 -46.794704437 0.048215050 0.998835862 0.001505186 0.057160527 -0.058535092 0.001321207 0.998284459 374.095642090
0.996994197 -0.047437049 0.061255686 -46.716373444 0.047374263 0.998874128 0.002477708 0.062460124 -0.061304256 0.000431683 0.998119056 375.550476074
0.996811628 -0.047757488 0.063920520 -46.620704651 0.047699559 0.998858750 0.002432882 0.066998601 -0.063963763 0.000623856 0.997952044 377.024658203
