1.000000000 0.000000000 0.000000000 0.000000000 0.000000000 1.000000000 0.000000000 0.000000000 0.000000000 0.000000000 1.000000000 0.000000000
0.999984324 0.001551283 -0.005374716 -0.015405878 -0.001547804 0.999998569 0.000651389 0.011570213 0.005375718 -0.000643060 0.999985337 1.723594785
0.999933898 0.000865760 -0.011466996 -0.030011328 -0.000847628 0.999998391 0.001586077 0.007701292 0.011468351 -0.001576252 0.999933004 3.429404020
0.999842703 -0.001269437 -0.017690441 -0.058758121 0.001282771 0.999998927 0.000742402 0.016674094 0.017689480 -0.000764978 0.999843240 5.135100842
0.999697268 -0.005815236 -0.023906184 -0.107319556 0.005805437 0.999983013 -0.000479251 0.021127788 0.023908567 0.000340320 0.999714077 6.835018158
0.999472380 -0.010003474 -0.030900434 -0.153315708 0.010008792 0.999949932 0.000017437 0.024871062 0.030898711 -0.000326704 0.999522448 8.539966583
0.999205947 -0.012944547 -0.037681963 -0.218832538 0.013052289 0.999911368 0.002614639 0.028324638 0.037644777 -0.003104399 0.999286354 10.242667198
0.998886108 -0.015552116 -0.044549707 -0.293595374 0.015722452 0.999870360 0.003475666 0.037970431 0.044489879 -0.004172225 0.999001145 11.964217186
0.998567939 -0.016783513 -0.050797354 -0.386316240 0.017062228 0.999841630 0.005058102 0.055737030 0.050704416 -0.005917575 0.998696148 13.654579163
0.998150349 -0.020687738 -0.057165340 -0.484795481 0.021071464 0.999759257 0.006117893 0.061344657 0.057025012 -0.007311135 0.998345971 15.348937988
0.997681201 -0.024445741 -0.063518569 -0.582340300 0.024875423 0.999672651 0.005982575 0.077538684 0.063351527 -0.007548754 0.997962713 17.068119049
0.997188151 -0.027549511 -0.069690645 -0.696754515 0.028007550 0.999592006 0.005603730 0.085740693 0.069507830 -0.007539838 0.997552931 18.764402390
0.996735752 -0.030065674 -0.074925967 -0.834271908 0.030540297 0.999520004 0.005196617 0.098047927 0.074733764 -0.007467915 0.997175574 20.462497711
0.996312320 -0.032060459 -0.079585582 -0.977829397 0.032506887 0.999462187 0.004319812 0.109259553 0.079404280 -0.006890961 0.996818662 22.162986755
0.995925069 -0.032584820 -0.084091850 -1.115704656 0.032970667 0.999451160 0.003203366 0.124668553 0.083941318 -0.005962878 0.996452868 23.854595184
0.995583832 -0.034257822 -0.087403044 -1.266766906 0.034605149 0.999398053 0.002461297 0.127612174 0.087266117 -0.005475023 0.996169984 25.550306320
0.995218754 -0.037414618 -0.090220898 -1.417971015 0.038109142 0.999255657 0.005987150 0.139558643 0.089929737 -0.009396764 0.995903790 27.241203308
0.994785309 -0.042311419 -0.092800722 -1.572058678 0.043507189 0.998993635 0.010899393 0.157110393 0.092246167 -0.014880054 0.995625019 28.931613922
0.994213283 -0.048692755 -0.095754795 -1.726562500 0.050360583 0.998617291 0.015077391 0.182644188 0.094888233 -0.019812409 0.995290756 30.624649048
0.993690014 -0.053624310 -0.098511919 -1.882123709 0.055399906 0.998345852 0.015376088 0.206747532 0.097524434 -0.020736616 0.995017052 32.318065643
0.993374050 -0.055253498 -0.100772463 -2.052354097 0.056825869 0.998302102 0.012797735 0.233450800 0.099894240 -0.018439420 0.994827211 33.983520508
0.993065834 -0.056851458 -0.102898836 -2.226383448 0.058268867 0.998242319 0.010819297 0.255757987 0.102102876 -0.016740073 0.994632959 35.663059235
0.992728889 -0.059237219 -0.104786739 -2.404182673 0.060557522 0.998119891 0.009460713 0.274220884 0.104029298 -0.015737548 0.994449735 37.339576721
0.992380083 -0.061920453 -0.106525086 -2.579484463 0.063324280 0.997944474 0.009843541 0.295055121 0.105696604 -0.016514158 0.994261265 39.021102905
0.992032647 -0.064416170 -0.108267032 -2.764690161 0.065897249 0.997774720 0.010154549 0.316387057 0.107371993 -0.017208144 0.994069993 40.696350098
0.991830230 -0.065780438 -0.109296516 -2.952160358 0.067229785 0.997691095 0.009624974 0.334005833 0.108411029 -0.016894322 0.993962586 42.381393433
0.991669416 -0.065625928 -0.110837974 -3.136104345 0.066765152 0.997746944 0.006594251 0.348242581 0.110155493 -0.013939432 0.993816614 44.078010559
0.991582870 -0.066393197 -0.111154817 -3.328649044 0.067235649 0.997729719 0.003843754 0.356077909 0.110647269 -0.011284967 0.993795693 45.747108459
0.991420746 -0.066797458 -0.112351894 -3.513061047 0.067736723 0.997692823 0.004559326 0.364646316 0.111788124 -0.012130558 0.993658006 47.419570923
0.991293252 -0.068378478 -0.112525679 -3.713611364 0.069461994 0.997568130 0.005732150 0.373163939 0.111860074 -0.013498500 0.993632257 49.103385925
0.991144300 -0.069302022 -0.113270514 -3.907572508 0.070509747 0.997488678 0.006686213 0.383238077 0.112522684 -0.014613676 0.993541718 50.784061432
0.990892947 -0.071575068 -0.114053324 -4.105203152 0.072671764 0.997340858 0.005481609 0.400362015 0.113357693 -0.013720144 0.993459523 52.472602844
0.990812898 -0.072768636 -0.113993481 -4.307678223 0.073674850 0.997275233 0.003751387 0.413397074 0.113409899 -0.012115375 0.993474424 54.139648438
0.990442991 -0.075627029 -0.115339816 -4.487147808 0.076563865 0.997057796 0.003707531 0.419876397 0.114720076 -0.012502960 0.993319154 55.812099457
0.990308642 -0.076222785 -0.116098486 -4.683352470 0.077687129 0.996944606 0.008133983 0.436310858 0.115123771 -0.017074512 0.993204415 57.492107391
0.990042329 -0.078270994 -0.117003351 -4.880719662 0.080186784 0.996710598 0.011749907 0.452904642 0.115698807 -0.021015028 0.993062019 59.160907745
0.990071535 -0.077235714 -0.117443681 -5.082484245 0.079037122 0.996813655 0.010752317 0.480057418 0.116239004 -0.019927973 0.993021309 60.844882965
0.989904106 -0.079313554 -0.117470287 -5.283955574 0.080882899 0.996686101 0.008645562 0.500234783 0.116395295 -0.018059615 0.993038774 62.520454407
0.989864826 -0.078781039 -0.118157409 -5.484951496 0.080274053 0.996741354 0.007922840 0.521286070 0.117148206 -0.017327514 0.992963254 64.195808411
0.989947975 -0.077754363 -0.118141092 -5.697652817 0.079433978 0.996794224 0.009568310 0.535046220 0.117018379 -0.018856546 0.992950737 65.890548706
0.989817023 -0.078244142 -0.118912034 -5.894112110 0.080195621 0.996710360 0.011708186 0.561164141 0.117604755 -0.021125186 0.992835760 67.559745789
0.989824116 -0.077824913 -0.119128048 -6.111683369 0.080435514 0.996610403 0.017257797 0.578063011 0.117381170 -0.026664309 0.992728889 69.259193420
0.989745319 -0.078219756 -0.119523652 -6.315373421 0.080817439 0.996583343 0.017035723 0.611289263 0.117782749 -0.026520621 0.992685199 70.945144653
0.989793658 -0.077857107 -0.119360119 -6.533027172 0.080068000 0.996693432 0.013833132 0.632333815 0.117888436 -0.023248870 0.992754638 72.644065857
0.989846766 -0.076409042 -0.119854435 -6.738919735 0.077824406 0.996941328 0.007166260 0.656491399 0.118940271 -0.016421100 0.992765605 74.333854675
0.989954710 -0.075093038 -0.119794421 -6.956285477 0.076051131 0.997097969 0.003439747 0.667185962 0.119188473 -0.012515695 0.992792785 75.975509644
0.989845335 -0.074247703 -0.121216752 -7.165983677 0.075470112 0.997132778 0.005518375 0.677389979 0.120459475 -0.014610581 0.992610693 77.650802612
0.989640474 -0.074755013 -0.122570030 -7.373145103 0.076186202 0.997068882 0.007024952 0.695960402 0.121685609 -0.016290320 0.992434978 79.313682556
0.989433050 -0.075340837 -0.123879194 -7.593068600 0.077305853 0.996945322 0.011125894 0.703786850 0.122662552 -0.020584913 0.992234945 80.999824524
0.989211559 -0.075599246 -0.125480115 -7.804299831 0.077667110 0.996911108 0.011662995 0.727276802 0.124210812 -0.021282846 0.992027581 82.678962708
0.989119291 -0.074838243 -0.126657829 -8.021653175 0.076901078 0.996972740 0.011469096 0.750489891 0.125416085 -0.021084428 0.991880178 84.338455200
0.988968611 -0.074139327 -0.128235847 -8.248966217 0.076315485 0.997009873 0.012133705 0.772299886 0.126952827 -0.021786235 0.991669476 86.029357910
0.988661110 -0.074229054 -0.130534500 -8.464862823 0.076546773 0.996983528 0.012821687 0.794547856 0.129189014 -0.022668298 0.991360843 87.702964783
0.988270879 -0.075220466 -0.132900372 -8.682540894 0.077785693 0.996868849 0.014209161 0.814099908 0.131415412 -0.024380246 0.991027534 89.384986877
0.987829149 -0.076194078 -0.135602564 -8.910928726 0.079084836 0.996738613 0.016052268 0.842708051 0.133937240 -0.026581006 0.990633249 91.055816650
0.987517655 -0.075502045 -0.138232738 -9.149913788 0.078468390 0.996786118 0.016128793 0.862560749 0.136570722 -0.026774369 0.990268409 92.721015930
0.987123489 -0.075651206 -0.140940174 -9.386650085 0.078551866 0.996795297 0.015124295 0.888941169 0.139344320 -0.026000658 0.989902556 94.377616882
0.986697197 -0.075172171 -0.144145116 -9.625967979 0.078083783 0.996839285 0.014641314 0.909927666 0.142588899 -0.025701938 0.989448249 96.046234131
0.986097097 -0.077402756 -0.147041813 -9.870373726 0.080460839 0.996645570 0.014955527 0.939734578 0.145390972 -0.026578711 0.989017189 97.709396362
0.985450745 -0.077884108 -0.151065990 -10.116113663 0.081065722 0.996595740 0.015008738 0.960791826 0.149382785 -0.027036646 0.988409758 99.352241516
0.984755039 -0.078548990 -0.155201778 -10.368913651 0.081911653 0.996520877 0.015381271 0.989082515 0.153453633 -0.027859617 0.987763047 101.013748169
0.984149754 -0.078204937 -0.159164399 -10.632679939 0.081924953 0.996494591 0.016936081 1.002784133 0.157281980 -0.029707173 0.987106800 102.638015747
0.983429670 -0.077595904 -0.163844511 -10.894173622 0.081382826 0.996546030 0.016518055 1.031817555 0.161996856 -0.029578472 0.986347854 104.269302368
0.982743621 -0.076852821 -0.168251708 -11.173142433 0.080398075 0.996659517 0.014351137 1.043662190 0.166586742 -0.027630601 0.985639572 105.871551514
0.981977046 -0.075054035 -0.173458725 -11.453889847 0.079005599 0.996746063 0.015980022 1.068768382 0.171694934 -0.029396223 0.984711468 107.493614197
0.981261551 -0.072250359 -0.178621605 -11.743955612 0.077332519 0.996770382 0.021645822 1.093155384 0.176480800 -0.035053469 0.983679712 109.088134766
0.980378032 -0.071433216 -0.183728546 -12.044242859 0.076868176 0.996784568 0.022622213 1.129529238 0.181521803 -0.036301196 0.982716680 110.696472168
0.979465187 -0.070702411 -0.188809693 -12.345447540 0.075929515 0.996900618 0.020587089 1.154894590 0.186768949 -0.034500565 0.981797874 112.252204895
0.978506327 -0.070515633 -0.193785638 -12.652384758 0.075564861 0.996964037 0.018779229 1.182371378 0.191873074 -0.033018980 0.980864167 113.814941406
0.977692604 -0.068517007 -0.198551327 -12.971941948 0.073614679 0.997117043 0.018398542 1.202741146 0.196718290 -0.032604408 0.979917765 115.352951050
0.976823926 -0.066991329 -0.203290999 -13.287431717 0.071763836 0.997290254 0.016187783 1.230448008 0.201655686 -0.030401554 0.978984535 116.890533447
0.976169169 -0.066194952 -0.206668764 -13.623184204 0.070532009 0.997415721 0.013680303 1.250630021 0.205229104 -0.027931051 0.978315353 118.424423218
0.975599706 -0.064289987 -0.209933251 -13.957505226 0.068990946 0.997502387 0.015138756 1.269367337 0.208435655 -0.029252859 0.977598488 119.954399109
0.975214303 -0.062454320 -0.212265119 -14.291390419 0.068105608 0.997489274 0.019409906 1.289453506 0.210519955 -0.033385262 0.977019310 121.466751099
0.974853039 -0.059734277 -0.214693680 -14.617403030 0.066068582 0.997562647 0.022443483 1.319576740 0.212829754 -0.036063604 0.976423502 122.944526672
0.974890292 -0.056842566 -0.215308800 -14.975403786 0.063103206 0.997757614 0.022310296 1.346975565 0.213557810 -0.035336766 0.976291120 124.450492859
0.974793553 -0.053431250 -0.216616318 -15.290735245 0.059576359 0.997982740 0.021933628 1.379043818 0.215007409 -0.034285970 0.976010382 125.916984558
0.975019515 -0.049633261 -0.216502845 -15.625719070 0.055732287 0.998199940 0.022152832 1.407582045 0.215013623 -0.033665642 0.976030648 127.373611450
0.975495398 -0.046336953 -0.215085104 -15.953736305 0.052267332 0.998391569 0.021963956 1.446529865 0.213721409 -0.032667663 0.976348281 128.830123901
0.975951016 -0.043311071 -0.213644087 -16.271383286 0.049301047 0.998524010 0.022786787 1.476925373 0.212341830 -0.032771666 0.976645768 130.270080566
0.976783037 -0.040849138 -0.210300416 -16.604419708 0.046599690 0.998661101 0.022459967 1.504373431 0.209101364 -0.031738449 0.977378786 131.749008179
0.977567732 -0.040322091 -0.206725642 -16.924728394 0.044950463 0.998831689 0.017739145 1.536753178 0.205768853 -0.026633630 0.978238106 133.216934204
0.978399813 -0.041202690 -0.202573702 -17.216833115 0.045093767 0.998875618 0.014628614 1.561732054 0.201743200 -0.023447447 0.979157746 134.640869141
0.979297042 -0.040329982 -0.198370293 -17.502767563 0.044727135 0.998841822 0.017733911 1.580989361 0.197425336 -0.026239302 0.979966700 136.061431885
0.980213642 -0.040106948 -0.193836510 -17.792751312 0.044795036 0.998798728 0.019861795 1.608442783 0.192807063 -0.028151717 0.980832756 137.525268555
0.981055200 -0.040521018 -0.189443290 -18.043645859 0.045046587 0.998791754 0.019642450 1.637470126 0.188418478 -0.027804101 0.981695175 138.931838989
0.982092917 -0.041113250 -0.183856577 -18.342483521 0.045646235 0.998747528 0.020489264 1.666424155 0.182783917 -0.028514722 0.982739508 140.377944946
0.982898295 -0.042170383 -0.179255843 -18.597684860 0.046908420 0.998650849 0.022273846 1.701545238 0.178074688 -0.030301534 0.983550310 141.793029785
0.983720958 -0.043205805 -0.174431399 -18.848011017 0.048137911 0.998548865 0.024142219 1.728563190 0.173135206 -0.032145970 0.984373331 143.175186157
0.984396040 -0.044284109 -0.170303658 -19.096719742 0.049320210 0.998458624 0.025453160 1.769840956 0.168913990 -0.033455402 0.985062838 144.590087891
0.985000670 -0.045423117 -0.166464493 -19.313970566 0.050474674 0.998380601 0.026239993 1.801068187 0.165003017 -0.034248654 0.985698223 145.913803101
0.985702038 -0.045423005 -0.162259728 -19.539710999 0.050143484 0.998426199 0.025114149 1.842247009 0.160863608 -0.032891337 0.986428440 147.310714722
0.986356437 -0.045140386 -0.158314183 -19.768718719 0.049654376 0.998461664 0.024672231 1.870192051 0.156956926 -0.032196604 0.987080514 148.676315308
0.987000942 -0.044697862 -0.154373661 -19.996555328 0.049056612 0.998494506 0.024540160 1.904029608 0.153044358 -0.031794209 0.987707734 150.050415039
0.987612486 -0.043344960 -0.150807008 -20.198276520 0.047692727 0.998540759 0.025331866 1.935883403 0.149488941 -0.032210462 0.988238633 151.387817383
0.988204837 -0.042947374 -0.146992445 -20.401231766 0.047254659 0.998546124 0.025935676 1.968702078 0.145664871 -0.032575838 0.988797545 152.704147339
0.988742650 -0.041053243 -0.143883929 -20.600656509 0.045515217 0.998575151 0.027856395 2.000147820 0.142535329 -0.034091715 0.989202440 154.032302856
0.989181101 -0.040644635 -0.140956566 -20.785301208 0.045091834 0.998576224 0.028499737 2.031396151 0.139597505 -0.034547392 0.989605486 155.333694458
0.989585280 -0.039368093 -0.138459638 -20.970146179 0.043772608 0.998623133 0.028909801 2.065639973 0.137130871 -0.034669451 0.989946008 156.629577637
0.989932597 -0.039401893 -0.135944515 -21.141389847 0.043744482 0.998618722 0.029104676 2.098818302 0.134609953 -0.034758490 0.990288854 157.908126831
0.990322113 -0.038815137 -0.133249775 -21.318103790 0.043051969 0.998650014 0.029062558 2.134593725 0.131941825 -0.034517959 0.990656257 159.192413330
0.990624905 -0.038890533 -0.130957395 -21.469633102 0.043131731 0.998627663 0.029705871 2.165980339 0.129622400 -0.035075795 0.990942836 160.442062378
0.990912795 -0.039045971 -0.128713816 -21.629154205 0.043247644 0.998613536 0.030010819 2.202034473 0.127363563 -0.035304673 0.991227567 161.691741943
0.991206646 -0.038897149 -0.126476884 -21.790021896 0.043028746 0.998620331 0.030099545 2.236997128 0.125131592 -0.035277013 0.991512775 162.941619873
0.991406560 -0.039662980 -0.124659009 -21.942630768 0.043725494 0.998592377 0.030022651 2.267332315 0.123292752 -0.035215430 0.991745293 164.158462524
0.991583586 -0.040098481 -0.123101868 -22.089950562 0.044136845 0.998567283 0.030254140 2.302594662 0.121712357 -0.035432838 0.991932750 165.386138916
0.991763771 -0.040191956 -0.121611215 -22.243911743 0.044212140 0.998555243 0.030540831 2.335707903 0.120208018 -0.035665981 0.992107868 166.602828979
0.991861582 -0.040289447 -0.120777927 -22.388198853 0.044282027 0.998551667 0.030556498 2.373172283 0.119371898 -0.035656109 0.992209136 167.806137085
0.991960704 -0.040572129 -0.119866259 -22.532194138 0.044531513 0.998541117 0.030538782 2.408599377 0.118452363 -0.035631098 0.992320240 168.996810913
0.991988599 -0.040266901 -0.119738251 -22.672163010 0.044224482 0.998553514 0.030579409 2.443574667 0.118333712 -0.035629787 0.992334425 170.210128784
0.991974592 -0.041153282 -0.119552486 -22.819597244 0.045119710 0.998510957 0.030661045 2.478109837 0.118112661 -0.035809152 0.992354333 171.400192261
0.991983533 -0.040471651 -0.119711004 -22.967105865 0.044485390 0.998527467 0.031047437 2.511592150 0.118278190 -0.036123935 0.992323220 172.589538574
0.991983235 -0.040410578 -0.119733885 -23.108732224 0.044471670 0.998515785 0.031440973 2.544517756 0.118285619 -0.036513686 0.992308021 173.753082275
0.991974354 -0.039575063 -0.120086208 -23.259950638 0.043585666 0.998569965 0.030956019 2.583479881 0.118689395 -0.035941616 0.992280722 174.904739380
0.991906106 -0.039229181 -0.120761357 -23.385063171 0.043240439 0.998590529 0.030776115 2.614964724 0.119383834 -0.035748791 0.992204368 176.036331177
0.991867542 -0.038515821 -0.121306449 -23.535104752 0.042564016 0.998614013 0.030958219 2.644977808 0.119945936 -0.035869744 0.992132187 177.207992554
0.991796494 -0.037858617 -0.122092158 -23.685550690 0.042014387 0.998615742 0.031644210 2.678382397 0.120725140 -0.036514245 0.992014170 178.348098755
0.991656363 -0.037516564 -0.123329602 -23.831823349 0.041728988 0.998624325 0.031751182 2.710384369 0.121968746 -0.036632683 0.991857708 179.494171143
0.991567135 -0.037846889 -0.123944618 -23.987186432 0.042042997 0.998621762 0.031415056 2.745173693 0.122584835 -0.036361139 0.991791725 180.650436401
0.991431773 -0.037787717 -0.125040546 -24.128850937 0.042049713 0.998614967 0.031622078 2.780827045 0.123672433 -0.036609050 0.991647601 181.755004883
0.991288781 -0.038217302 -0.126039624 -24.273963928 0.042570803 0.998579919 0.032029044 2.810311556 0.124636583 -0.037115641 0.991508007 182.867584229
0.991173267 -0.038548198 -0.126844808 -24.425619125 0.043151565 0.998498499 0.033744887 2.835396767 0.125353545 -0.038920581 0.991348386 183.970062256
0.991008162 -0.039050858 -0.127976134 -24.564409256 0.043892838 0.998414695 0.035234768 2.865222692 0.126397312 -0.040535178 0.991151154 185.044357300
0.990827858 -0.040030558 -0.129064724 -24.701055527 0.044992384 0.998347104 0.035759699 2.896970272 0.127419919 -0.041238636 0.990991175 186.113479614
0.990677118 -0.040101007 -0.130194873 -24.843288422 0.045172777 0.998321712 0.036237467 2.931351662 0.128523216 -0.041780893 0.990826011 187.150878906
0.990590334 -0.040280964 -0.130798236 -24.988723755 0.045473535 0.998281717 0.036956895 2.973855257 0.129084826 -0.042557005 0.990719974 188.206054688
0.990419209 -0.040730324 -0.131950155 -25.116535187 0.046019465 0.998244464 0.037284844 3.005148411 0.130199894 -0.042999901 0.990554869 189.208908081
0.990285218 -0.041237205 -0.132795811 -25.256048203 0.046628024 0.998199046 0.037742943 3.032721996 0.131000236 -0.043568283 0.990424514 190.193283081
0.990115821 -0.042178795 -0.133759543 -25.389909744 0.047599699 0.998158932 0.037590403 3.064813852 0.131927758 -0.043585766 0.990300655 191.177291870
0.989998221 -0.042872123 -0.134408176 -25.522943497 0.048303735 0.998131752 0.037412766 3.093671560 0.132553101 -0.043530986 0.990219533 192.120880127
0.989863336 -0.043556862 -0.135179132 -25.661531448 0.048979614 0.998112321 0.037050698 3.127654076 0.133310154 -0.043296147 0.990128219 193.074569702
0.989744604 -0.043508347 -0.136061385 -25.782913208 0.048963975 0.998114645 0.037009086 3.158246517 0.134194657 -0.043291651 0.990008891 193.990875244
0.989669740 -0.043982822 -0.136452749 -25.912570953 0.049325202 0.998133063 0.036019418 3.186505318 0.134613767 -0.042377885 0.989991546 194.906951904
0.989631653 -0.044438012 -0.136581346 -26.042938232 0.049714826 0.998133481 0.035468236 3.218804359 0.134750277 -0.041890606 0.989993691 195.816787720
0.989595652 -0.044879589 -0.136697859 -26.163301468 0.050135106 0.998120248 0.035247464 3.241070271 0.134859011 -0.041734099 0.989985526 196.690399170
0.989583373 -0.044722978 -0.136837780 -26.284559250 0.049972031 0.998131335 0.035166353 3.270944357 0.135009333 -0.041638099 0.989969075 197.551300049
0.989591599 -0.045796923 -0.136422619 -26.412504196 0.050928719 0.998110831 0.034365483 3.297256708 0.134591058 -0.040955622 0.990054488 198.461517334
0.989609361 -0.046058688 -0.136205420 -26.532859802 0.051212199 0.998089075 0.034575686 3.320189714 0.134352639 -0.041191801 0.990077078 199.310745239
0.989609301 -0.045702945 -0.136325747 -26.639877319 0.050821986 0.998118281 0.034307249 3.349916935 0.134501293 -0.040879115 0.990069866 200.132980347
0.989673376 -0.046061974 -0.135738477 -26.768526077 0.051186528 0.998092830 0.034506179 3.371859550 0.133890182 -0.041097827 0.990143597 200.948699951
0.989712477 -0.045444671 -0.135661319 -26.876964569 0.050559048 0.998125255 0.034493621 3.402065516 0.133839443 -0.040997673 0.990154624 201.738357544
0.989748180 -0.046259418 -0.135124251 -26.991638184 0.051395271 0.998072982 0.034768760 3.411174774 0.133255482 -0.041357063 0.990218461 202.508041382
0.989712238 -0.046484105 -0.135310292 -27.091711044 0.051652357 0.998053849 0.034936976 3.439965963 0.133422941 -0.041566648 0.990187109 203.264770508
0.989833534 -0.046227522 -0.134508759 -27.201555252 0.051401019 0.998055935 0.035245266 3.459446192 0.132617965 -0.041800834 0.990285397 204.014373779
0.989716768 -0.047482170 -0.134930119 -27.286455154 0.052711654 0.997980356 0.035450485 3.482779026 0.132974342 -0.042198330 0.990220726 204.712478638
0.989895523 -0.047311775 -0.133672893 -27.397882462 0.052555401 0.997969866 0.035973106 3.500199080 0.131699577 -0.042634849 0.990372419 205.451431274
0.989953756 -0.047936235 -0.133017778 -27.492782593 0.053159907 0.997936904 0.035999019 3.525528669 0.131017700 -0.042708576 0.990459681 206.150558472
0.989940464 -0.048945703 -0.132748604 -27.583465576 0.054160368 0.997884572 0.035958026 3.546287775 0.130707800 -0.042786017 0.990497291 206.830413818
0.989982128 -0.049387645 -0.132273421 -27.676380157 0.054642387 0.997842550 0.036393512 3.563911915 0.130190656 -0.043256659 0.990544915 207.486999512
0.990117431 -0.049089983 -0.131368399 -27.765920639 0.054247048 0.997879505 0.035968002 3.587332249 0.129324168 -0.042738896 0.990680873 208.124191284
0.990153313 -0.049322598 -0.131010234 -27.851211548 0.054480907 0.997862637 0.036083214 3.605726480 0.128950506 -0.042865474 0.990724146 208.744689941
0.990134656 -0.049627285 -0.131036282 -27.926763535 0.054773726 0.997850895 0.035965100 3.629476786 0.128969818 -0.042787634 0.990724981 209.354125977
0.990245700 -0.050037317 -0.130037576 -28.014337540 0.055198934 0.997811854 0.036394686 3.639578342 0.127931938 -0.043217614 0.990840912 209.932052612
0.990279317 -0.049751740 -0.129890844 -28.090700150 0.054907884 0.997827053 0.036419138 3.661887646 0.127796680 -0.043197151 0.990859210 210.512893677
0.990316331 -0.049694419 -0.129630446 -28.159347534 0.054841291 0.997829974 0.036439322 3.674955845 0.127538309 -0.043195557 0.990892589 211.060974121
0.990391552 -0.049668785 -0.129064485 -28.237455368 0.054804768 0.997827888 0.036549766 3.693943501 0.126968771 -0.043271925 0.990962386 211.623275757
0.990461171 -0.049704328 -0.128515199 -28.310787201 0.054829817 0.997822702 0.036654793 3.715068579 0.126413479 -0.043351613 0.991029918 212.139785767
0.990507364 -0.049327884 -0.128304049 -28.386331558 0.054471120 0.997833729 0.036889110 3.725616693 0.126206443 -0.043527801 0.991048574 212.665603638
0.990637720 -0.049196616 -0.127344444 -28.456642151 0.054341286 0.997827590 0.037243780 3.733538151 0.125235543 -0.043815155 0.991159081 213.159027100
0.990698814 -0.049228042 -0.126855999 -28.516113281 0.054301634 0.997844398 0.036849964 3.758845091 0.124768503 -0.043395706 0.991236389 213.642364502
0.990745902 -0.050084572 -0.126150921 -28.584436417 0.055167392 0.997786760 0.037123360 3.768335819 0.124012403 -0.043739233 0.991316199 214.144805908
0.990721226 -0.050592229 -0.126142099 -28.645624161 0.055724707 0.997741878 0.037494723 3.775577545 0.123960316 -0.044176050 0.991303325 214.611740112
0.990757406 -0.049175899 -0.126417711 -28.692823410 0.054281507 0.997830153 0.037262276 3.806251526 0.124311008 -0.043780021 0.991276979 215.009384155
0.990784466 -0.048679192 -0.126398087 -28.759365082 0.053748667 0.997868419 0.037009377 3.817478895 0.124327071 -0.043462042 0.991288960 215.438385010
0.990658998 -0.048928916 -0.127282068 -28.804277420 0.054000806 0.997866035 0.036704943 3.830934286 0.125214517 -0.043235414 0.991187155 215.835052490
0.990544558 -0.049290132 -0.128031254 -28.848680496 0.054427307 0.997834265 0.036938556 3.841197968 0.125933260 -0.043557681 0.991082013 216.206665039
0.990523756 -0.049263552 -0.128202111 -28.902978897 0.054389928 0.997841597 0.036795765 3.854941368 0.126112714 -0.043419980 0.991065204 216.584609985
0.990443945 -0.048795059 -0.128995657 -28.950775146 0.053952228 0.997865558 0.036789961 3.868726730 0.126925156 -0.043397997 0.990962446 216.938613892
0.990382671 -0.048307672 -0.129647598 -28.999746323 0.053469773 0.997897267 0.036633488 3.880686045 0.127605319 -0.043213401 0.990883172 217.280197144
0.990275681 -0.048044134 -0.130559638 -29.040634155 0.053186402 0.997928679 0.036187150 3.890352726 0.128550634 -0.042779252 0.990779817 217.603454590
0.990205288 -0.048087906 -0.131076649 -29.082695007 0.053251144 0.997925758 0.036172718 3.896355152 0.129065305 -0.042798396 0.990712106 217.931564331
0.990165949 -0.048321005 -0.131287545 -29.141429901 0.053405643 0.997942150 0.035486091 3.902587175 0.129302651 -0.042148616 0.990709007 218.249084473
0.990070343 -0.048001546 -0.132123113 -29.176071167 0.053083461 0.997969091 0.035211876 3.913601875 0.130164564 -0.041875787 0.990607679 218.535049438
0.990055144 -0.047823787 -0.132301673 -29.223419189 0.052882478 0.997987628 0.034988385 3.925510883 0.130362153 -0.041636869 0.990591764 218.825668335
0.989950120 -0.047895487 -0.133059278 -29.254304886 0.052924223 0.998001873 0.034515113 3.932887554 0.131140292 -0.041210297 0.990506887 219.090744019
0.989901841 -0.048480164 -0.133206576 -29.290735245 0.053506281 0.997974396 0.034412760 3.941131115 0.131268412 -0.041192647 0.990490675 219.338775635
0.989916980 -0.048690554 -0.133017465 -29.327516556 0.053659294 0.997979403 0.034026165 3.945288897 0.131091937 -0.040820699 0.990529418 219.578155518
0.989865899 -0.048996147 -0.133284763 -29.356117249 0.053921998 0.997979701 0.033600170 3.950955391 0.131369203 -0.040446643 0.990508080 219.800323486
0.989836812 -0.048990574 -0.133502975 -29.390697479 0.053900987 0.997986972 0.033416688 3.955036640 0.131597131 -0.040273011 0.990484893 220.015243530
0.989805341 -0.048751753 -0.133823171 -29.420356750 0.053601541 0.998021007 0.032877855 3.964482546 0.131955475 -0.039715804 0.990459681 220.221206665
0.989752471 -0.048902150 -0.134159014 -29.440704346 0.053741463 0.998019695 0.032688346 3.969219923 0.132294804 -0.039563272 0.990420520 220.408554077
0.989773512 -0.048568521 -0.134124741 -29.469604492 0.053427082 0.998030841 0.032863669 3.976213217 0.132264480 -0.039693486 0.990419388 220.584991455
0.989741445 -0.048727315 -0.134303764 -29.491579056 0.053592052 0.998022556 0.032845821 3.978621006 0.132437706 -0.039706483 0.990395725 220.755661011
0.989728451 -0.048973754 -0.134309962 -29.517101288 0.053805675 0.998019695 0.032583103 3.984612703 0.132448271 -0.039475061 0.990403533 220.912796021
0.989719033 -0.049014360 -0.134364679 -29.536989212 0.053858370 0.998014510 0.032654516 3.986651182 0.132497355 -0.039555456 0.990393758 221.057174683
0.989726424 -0.049151551 -0.134260029 -29.561256409 0.053956646 0.998017967 0.032386348 3.994793892 0.132402077 -0.039297841 0.990416765 221.200744629
0.989718080 -0.048808914 -0.134446383 -29.579814911 0.053578053 0.998048127 0.032083616 4.000065804 0.132617995 -0.038957108 0.990401328 221.322402954
0.989685953 -0.048895415 -0.134651229 -29.593416214 0.053644389 0.998051465 0.031867191 4.004195213 0.132830694 -0.038761795 0.990380526 221.445907593
0.989653885 -0.048970710 -0.134859368 -29.610177994 0.053699747 0.998055339 0.031652872 4.005773067 0.133047044 -0.038567301 0.990359068 221.561096191
0.989626527 -0.049426183 -0.134893924 -29.625139236 0.054084271 0.998052359 0.031085961 4.011313438 0.133094743 -0.038059130 0.990372300 221.661636353
0.989614844 -0.049435694 -0.134976402 -29.639205933 0.054082707 0.998055756 0.030979235 4.005994320 0.133182511 -0.037957396 0.990364432 221.770263672
0.989603519 -0.049179550 -0.135152802 -29.652681351 0.053822190 0.998071969 0.030912403 4.009394169 0.133371964 -0.037865240 0.990342438 221.865768433
0.989594340 -0.049408145 -0.135136470 -29.664485931 0.054037355 0.998063684 0.030802833 4.012822628 0.133352906 -0.037784729 0.990348101 221.948089600
0.989551306 -0.050014026 -0.135228872 -29.676626205 0.054629337 0.998036623 0.030634718 4.014251709 0.133431211 -0.037702087 0.990340710 222.030700684
0.989538848 -0.050072558 -0.135298312 -29.689489365 0.054705929 0.998029053 0.030745219 4.017107487 0.133492157 -0.037825208 0.990327775 222.105117798
0.989510953 -0.050326064 -0.135408074 -29.694868088 0.054959126 0.998016655 0.030695396 4.018734455 0.133594736 -0.037815340 0.990314305 222.174697876
0.989502668 -0.050208833 -0.135512263 -29.700658798 0.054823954 0.998028874 0.030540282 4.021741390 0.133711755 -0.037649006 0.990304887 222.233001709
0.989511788 -0.049932439 -0.135547712 -29.710430145 0.054565817 0.998038650 0.030683044 4.020897865 0.133749783 -0.037757505 0.990295589 222.287918091
0.989521921 -0.050035998 -0.135435686 -29.719402313 0.054660134 0.998034775 0.030639855 4.022579193 0.133636430 -0.037721738 0.990312278 222.339569092
0.989492655 -0.050076880 -0.135634243 -29.724067688 0.054694030 0.998036325 0.030529121 4.024964333 0.133839101 -0.037626721 0.990288496 222.381103516
0.989482403 -0.049870733 -0.135784790 -29.723491669 0.054490693 0.998047709 0.030520407 4.028415680 0.133997634 -0.037598412 0.990268171 222.413513184
0.989469707 -0.049874187 -0.135875762 -29.727767944 0.054508619 0.998044252 0.030601339 4.025296211 0.134083807 -0.037685499 0.990253150 222.439971924
0.989491701 -0.049584392 -0.135821775 -29.732278824 0.054198615 0.998064697 0.030485904 4.029712677 0.134047300 -0.037526898 0.990264118 222.464019775
0.989510894 -0.049864434 -0.135579392 -29.737957001 0.054457158 0.998053908 0.030377461 4.028569698 0.133800790 -0.037442096 0.990300655 222.490768433
0.989488959 -0.050120898 -0.135644883 -29.737577438 0.054682627 0.998049617 0.030113287 4.031320095 0.133871019 -0.037214186 0.990299761 222.501098633
0.989501536 -0.050049294 -0.135579601 -29.738908768 0.054607280 0.998053849 0.030108465 4.031091213 0.133808836 -0.037196003 0.990308881 222.505737305
0.989517152 -0.049854375 -0.135537431 -29.741930008 0.054436937 0.998056948 0.030314703 4.030650139 0.133762747 -0.037375160 0.990308344 222.510787964
0.989508867 -0.049948912 -0.135562852 -29.739236832 0.054512173 0.998057544 0.030158632 4.029389381 0.133793145 -0.037232056 0.990309656 222.505020142
0.989498198 -0.050286993 -0.135516018 -29.739429474 0.054694705 0.998081923 0.028998569 4.029419899 0.133797839 -0.036106039 0.990350664 222.505187988
0.989524662 -0.050137326 -0.135377750 -29.739055634 0.054463945 0.998110473 0.028445061 4.028708458 0.133695796 -0.035520297 0.990385652 222.506546021
0.989506602 -0.050301671 -0.135448799 -29.739004135 0.054645278 0.998097837 0.028541233 4.030342102 0.133755475 -0.035643376 0.990373194 222.507492065
0.989512444 -0.050243072 -0.135428011 -29.740858078 0.054588865 0.998100221 0.028566793 4.026159286 0.133735433 -0.035660058 0.990375280 222.504974365
0.989520252 -0.050309323 -0.135346472 -29.741584778 0.054624222 0.998104274 0.028355561 4.026947021 0.133663341 -0.035451598 0.990392506 222.506469727
0.989524603 -0.049816966 -0.135496676 -29.739755630 0.054208796 0.998110831 0.028916461 4.026460648 0.133800164 -0.035958659 0.990355730 222.505691528
0.989493072 -0.050467383 -0.135486260 -29.739057541 0.054777410 0.998098254 0.028271958 4.028589249 0.133801788 -0.035396494 0.990375757 222.504669189
0.989506602 -0.050548911 -0.135357112 -29.740678787 0.054843195 0.998097122 0.028184544 4.031903267 0.133674845 -0.035312209 0.990395904 222.510116577
0.989506602 -0.050323494 -0.135441005 -29.739599228 0.054644115 0.998102725 0.028371729 4.030794621 0.133756265 -0.035475064 0.990379095 222.510726929
0.989489377 -0.050693411 -0.135428712 -29.739656448 0.054966576 0.998095512 0.027999789 4.032359123 0.133751377 -0.035149544 0.990391374 222.507644653
0.989484310 -0.050719097 -0.135456070 -29.739751816 0.054994546 0.998093784 0.028007792 4.032750607 0.133777320 -0.035162617 0.990387380 222.509063721
0.989487231 -0.050741605 -0.135426491 -29.740110397 0.055013284 0.998093307 0.027986284 4.032674313 0.133748204 -0.035142325 0.990392089 222.507247925
0.989508450 -0.050516315 -0.135355741 -29.740840912 0.054807354 0.998099685 0.028162995 4.031984329 0.133675829 -0.035286009 0.990396738 222.509704590
0.989495516 -0.050678700 -0.135389611 -29.740158081 0.054962862 0.998093128 0.028092559 4.032836914 0.133707747 -0.035238862 0.990394115 222.509658813
0.989491820 -0.050675020 -0.135417745 -29.739336014 0.054948576 0.998096347 0.028006779 4.032556534 0.133740708 -0.035153490 0.990392685 222.508224487
0.989514112 -0.050471403 -0.135330901 -29.742311478 0.054773569 0.998098969 0.028254939 4.031040668 0.133647561 -0.035371218 0.990397513 222.509078979
0.989495397 -0.050757818 -0.135360450 -29.741043091 0.055030651 0.998091698 0.028011298 4.031238556 0.133680344 -0.035166025 0.990400374 222.507553101
0.989514172 -0.050549455 -0.135301441 -29.742271423 0.054832082 0.998099744 0.028112955 4.031191826 0.133623242 -0.035237025 0.990405560 222.508590698
0.989510477 -0.050639477 -0.135294706 -29.741271973 0.054916929 0.998096287 0.028070614 4.032213211 0.133615658 -0.035206135 0.990407705 222.509689331
0.989472508 -0.050518844 -0.135617152 -29.739839554 0.054837503 0.998094261 0.028297549 4.028466225 0.133929148 -0.035436552 0.990357101 222.500915527
0.989501595 -0.050687123 -0.135341823 -29.741472244 0.054964185 0.998094201 0.028052144 4.031848431 0.133662000 -0.035196591 0.990401745 222.509429932
0.989530087 -0.050488923 -0.135207579 -29.743507385 0.054764222 0.998104215 0.028087486 4.032195091 0.133533150 -0.035197947 0.990419090 222.510253906
0.989521086 -0.050553329 -0.135249525 -29.742980957 0.054843817 0.998097062 0.028184799 4.031423092 0.133567318 -0.035307053 0.990410626 222.508422852
0.989499986 -0.050484177 -0.135429472 -29.741949081 0.054793179 0.998097181 0.028278437 4.029316902 0.133744165 -0.035402123 0.990383327 222.503967285
0.989525497 -0.050453335 -0.135254249 -29.742149353 0.054739859 0.998103440 0.028160568 4.031925678 0.133576944 -0.035269398 0.990410686 222.509170532
0.989522278 -0.050609577 -0.135219410 -29.741346359 0.054890420 0.998096406 0.028117688 4.030848503 0.133538976 -0.035245329 0.990416646 222.510253906
0.989545941 -0.050477024 -0.135096058 -29.744945526 0.054755852 0.998103082 0.028144114 4.031811237 0.133419171 -0.035247192 0.990432739 222.511474609
0.989521801 -0.050690796 -0.135192737 -29.743057251 0.054970730 0.998092115 0.028112836 4.030614853 0.133509740 -0.035249908 0.990420401 222.508331299
0.989520788 -0.050697200 -0.135197669 -29.743152618 0.054985885 0.998089492 0.028176028 4.030107498 0.133510932 -0.035314728 0.990417957 222.508468628
0.989513516 -0.050585862 -0.135292396 -29.741641998 0.054885436 0.998093247 0.028238649 4.030304909 0.133605942 -0.035368107 0.990403235 222.505599976
0.989527166 -0.050587397 -0.135192186 -29.742065430 0.054880384 0.998094141 0.028216464 4.029086590 0.133507133 -0.035340358 0.990417540 222.507110596
0.989518046 -0.050568342 -0.135266036 -29.742340088 0.054858606 0.998096466 0.028177790 4.030170441 0.133583650 -0.035302937 0.990408540 222.506973267
0.989525259 -0.050455619 -0.135255456 -29.741641998 0.054737046 0.998104692 0.028122339 4.032155991 0.133580163 -0.035231248 0.990411580 222.511077881
0.989493132 -0.050484467 -0.135479540 -29.740623474 0.054815203 0.998091817 0.028425932 4.026889324 0.133785948 -0.035553601 0.990372300 222.503097534
0.989513874 -0.050654892 -0.135263950 -29.742401123 0.054957997 0.998088419 0.028267987 4.028132915 0.133573472 -0.035405401 0.990406275 222.508010864
0.989525378 -0.050494008 -0.135240227 -29.742362976 0.054793350 0.998097837 0.028256776 4.029373169 0.133556187 -0.035371061 0.990409851 222.508178711
0.989533722 -0.050464790 -0.135189891 -29.742954254 0.054767206 0.998098195 0.028294917 4.029572487 0.133504897 -0.035402745 0.990415633 222.508499146
0.989494026 -0.050263193 -0.135554910 -29.740371704 0.054592725 0.998104453 0.028411068 4.027172089 0.133869931 -0.035512894 0.990362406 222.501739502
0.989521146 -0.050525088 -0.135259584 -29.741615295 0.054824814 0.998096228 0.028252438 4.029068947 0.133574620 -0.035371963 0.990407288 222.507659912
0.989519656 -0.050426263 -0.135307103 -29.741165161 0.054724626 0.998102188 0.028236000 4.030615330 0.133626476 -0.035344709 0.990401268 222.509857178
0.989479482 -0.050422188 -0.135602310 -29.738897324 0.054740295 0.998099387 0.028303679 4.027961731 0.133917451 -0.035428818 0.990359008 222.501281738
0.989494920 -0.050231960 -0.135560364 -29.738763809 0.054565560 0.998105049 0.028441712 4.027566910 0.133874789 -0.035539854 0.990360796 222.502700806
0.989488542 -0.050365932 -0.135557085 -29.739353180 0.054684736 0.998101830 0.028324511 4.029657841 0.133873180 -0.035439681 0.990364552 222.501953125
0.989477396 -0.050455127 -0.135605261 -29.738922119 0.054774094 0.998097420 0.028307132 4.028585911 0.133919030 -0.035436921 0.990358472 222.501953125
0.989495814 -0.050470032 -0.135465190 -29.741001129 0.054793656 0.998094380 0.028378069 4.027820110 0.133774802 -0.035502613 0.990375638 222.502105713
0.989492953 -0.050569460 -0.135448977 -29.741628647 0.054878514 0.998092830 0.028268114 4.027913094 0.133761138 -0.035404336 0.990381002 222.502624512
0.989496350 -0.050364830 -0.135500461 -29.740825653 0.054686181 0.998100817 0.028358558 4.028673172 0.133814842 -0.035470694 0.990371346 222.502197266
0.989504516 -0.050394531 -0.135429919 -29.742784500 0.054722033 0.998097062 0.028421093 4.027553082 0.133739933 -0.035533801 0.990379214 222.503341675
0.989521205 -0.050645087 -0.135214329 -29.743616104 0.054940015 0.998090744 0.028221224 4.029136658 0.133526906 -0.035354175 0.990414381 222.508682251
0.989509284 -0.050566949 -0.135330394 -29.741859436 0.054868385 0.998094082 0.028243510 4.028988361 0.133644268 -0.035372578 0.990397871 222.507583618
0.989528239 -0.050542567 -0.135201141 -29.743515015 0.054830428 0.998097956 0.028178915 4.030388832 0.133519754 -0.035296969 0.990417361 222.509033203
0.989531279 -0.050386604 -0.135236934 -29.742919922 0.054704003 0.998098671 0.028398475 4.027661800 0.133548900 -0.035499182 0.990406215 222.508056641
0.989543498 -0.050459284 -0.135120407 -29.744846344 0.054759637 0.998098493 0.028298510 4.028626442 0.133435547 -0.035401750 0.990424991 222.509735107
0.989504158 -0.050676607 -0.135327116 -29.740970612 0.054881889 0.998113394 0.027524846 4.028693676 0.133676946 -0.034662955 0.990418553 222.510803223
0.989511967 -0.050545897 -0.135318682 -29.741962433 0.054569282 0.998166502 0.026188090 4.030431271 0.133746877 -0.033297673 0.990455985 222.522323608
0.989490986 -0.050987992 -0.135306284 -29.744680405 0.054923382 0.998164654 0.025510879 4.030146599 0.133757204 -0.032674264 0.990475357 222.541244507
0.989477634 -0.050629739 -0.135538504 -29.749038696 0.054611325 0.998173833 0.025818536 4.031192780 0.133983791 -0.032948799 0.990435600 222.565582275
