1.000000000 0.000000000 0.000000000 0.000000000 0.000000000 1.000000000 0.000000000 0.000000000 0.000000000 0.000000000 1.000000000 0.000000000
0.999999106 0.000909927 -0.000955537 -0.020487091 -0.000911856 0.999997556 -0.002021142 0.004924608 0.000953695 0.002022011 0.999997497 1.066547155
0.999993563 -0.001155270 -0.003397012 -0.019097881 0.001153615 0.999999225 -0.000489134 -0.001165637 0.003397575 0.000485212 0.999994099 2.133090019
0.999980688 -0.002636708 -0.005625713 -0.024708904 0.002648664 0.999994218 0.002118831 -0.001890390 0.005620094 -0.002133691 0.999981940 3.185431719
0.999962151 -0.005398531 -0.006821647 -0.036390096 0.005434914 0.999971032 0.005326169 0.003848479 0.006792696 -0.005363042 0.999962568 4.223152161
0.999933481 -0.007484351 -0.008778151 -0.044312276 0.007558213 0.999936044 0.008411514 0.005197236 0.008714636 -0.008477301 0.999926090 5.234919071
0.999904156 -0.009489928 -0.010080783 -0.060852267 0.009597442 0.999897003 0.010670959 0.013161683 0.009978478 -0.010766686 0.999892235 6.245184422
0.999863505 -0.011556468 -0.011807283 -0.071398392 0.011684289 0.999873281 0.010814657 0.018277762 0.011680808 -0.010951141 0.999871790 7.242445469
0.999821842 -0.013388202 -0.013307359 -0.087438934 0.013474697 0.999888539 0.006431586 0.025206445 0.013219768 -0.006609752 0.999890745 8.221048355
0.999769092 -0.015971089 -0.014378084 -0.093323000 0.015990777 0.999871373 0.001255304 0.028272638 0.014356186 -0.001484931 0.999895871 9.195736885
0.999680221 -0.020149617 -0.015277296 -0.108444884 0.020136951 0.999796748 -0.000982547 0.033547025 0.015293989 0.000674594 0.999882817 10.141875267
0.999532640 -0.026099117 -0.015916400 -0.112748317 0.026132379 0.999656737 0.001885388 0.035659183 0.015861729 -0.002300440 0.999871552 11.118149757
0.999484718 -0.027410856 -0.016702658 -0.126358017 0.027519789 0.999601245 0.006327272 0.041355979 0.016522562 -0.006783665 0.999840498 12.061195374
0.999623358 -0.021545788 -0.016997743 -0.159495607 0.021738190 0.999700785 0.011216844 0.050789043 0.016750980 -0.011582119 0.999792635 12.992651939
0.999632359 -0.020332200 -0.017937111 -0.175181329 0.020589218 0.999686301 0.014262373 0.051585343 0.017641498 -0.014626441 0.999737382 13.935412407
0.999526381 -0.024680821 -0.018381398 -0.188497096 0.024956677 0.999576986 0.014932199 0.063474797 0.018005084 -0.015383866 0.999719560 14.844700813
0.999599993 -0.021462608 -0.018418534 -0.207834348 0.021681350 0.999695778 0.011759770 0.073429704 0.018160535 -0.012154405 0.999761224 15.754111290
0.999671936 -0.017982014 -0.018237771 -0.228994593 0.018093495 0.999818504 0.005966163 0.081224427 0.018127177 -0.006294191 0.999815881 16.635328293
0.999637425 -0.019131083 -0.018947169 -0.243072838 0.019166918 0.999814808 0.001711561 0.082981646 0.018910917 -0.002074099 0.999819040 17.528984070
0.999640465 -0.018428748 -0.019476298 -0.261441708 0.018407287 0.999829769 -0.001280635 0.086718038 0.019496582 0.000921668 0.999809504 18.396175385
0.999675632 -0.017412279 -0.018586190 -0.286540985 0.017400451 0.999848306 -0.000797896 0.085754819 0.018597264 0.000474230 0.999826968 19.262172699
0.999719501 -0.014864678 -0.018439231 -0.309303403 0.014922001 0.999884248 0.002975057 0.086256437 0.018392872 -0.003249373 0.999825537 20.106302261
0.999738336 -0.014031079 -0.018065942 -0.321929902 0.014158770 0.999875546 0.006959669 0.090465523 0.017966041 -0.007213640 0.999812603 20.952987671
0.999734163 -0.014434811 -0.017978292 -0.339008063 0.014597556 0.999853373 0.008954216 0.087257214 0.017846404 -0.009214275 0.999798298 21.780597687
0.999715805 -0.015378813 -0.018215617 -0.351900607 0.015540634 0.999840736 0.008775671 0.093125656 0.018077757 -0.009056260 0.999795556 22.593385696
0.999693394 -0.016383020 -0.018567385 -0.365916461 0.016469106 0.999854267 0.004493053 0.089206614 0.018491069 -0.004797464 0.999817491 23.389980316
0.999666631 -0.017524630 -0.018960163 -0.377864808 0.017545315 0.999845624 0.000925155 0.095024817 0.018941024 -0.001257509 0.999819815 24.173801422
0.999671042 -0.017472966 -0.018776245 -0.388456583 0.017472006 0.999847353 -0.000215206 0.104078859 0.018777139 -0.000112923 0.999823689 24.960721970
0.999723732 -0.014464745 -0.018527048 -0.414590001 0.014530006 0.999888659 0.003392696 0.110345639 0.018475911 -0.003660957 0.999822617 25.732791901
0.999794900 -0.008635137 -0.018319849 -0.440480381 0.008849991 0.999892652 0.011679393 0.116395451 0.018217029 -0.011839128 0.999763966 26.517200470
0.999822199 -0.003885415 -0.018452788 -0.457690954 0.004201550 0.999844551 0.017124331 0.123774864 0.018383384 -0.017198816 0.999683082 27.289926529
0.999804139 -0.007818027 -0.018182686 -0.462655187 0.008147202 0.999802947 0.018100740 0.122130886 0.018037591 -0.018245332 0.999670804 28.048347473
0.999821067 -0.005261503 -0.018171493 -0.480384767 0.005511820 0.999890208 0.013752786 0.125260219 0.018097138 -0.013850482 0.999740303 28.799402237
0.999845624 -0.004831444 -0.016892524 -0.506390154 0.005007288 0.999933541 0.010382818 0.142027646 0.016841238 -0.010465801 0.999803424 29.550060272
0.999794602 -0.009633714 -0.017832596 -0.503131568 0.009786150 0.999916136 0.008480738 0.150890663 0.017749399 -0.008653508 0.999805033 30.292589188
0.999738872 -0.014278751 -0.017840741 -0.519709706 0.014437622 0.999856949 0.008808112 0.157172173 0.017712422 -0.009063390 0.999802053 31.038141251
0.999784768 -0.012206304 -0.016776880 -0.533321857 0.012321992 0.999900877 0.006809706 0.159252286 0.016692096 -0.007014964 0.999836087 31.778068542
0.999813437 -0.010286226 -0.016348146 -0.551339328 0.010382628 0.999929130 0.005822948 0.169437483 0.016287090 -0.005991599 0.999849379 32.523323059
0.999795198 -0.011684582 -0.016522182 -0.568474889 0.011834291 0.999889553 0.008992522 0.176141739 0.016415283 -0.009186208 0.999823034 33.233722687
0.999801457 -0.010759055 -0.016771700 -0.582177341 0.010946102 0.999878466 0.011100950 0.184159413 0.016650226 -0.011282330 0.999797702 33.960800171
0.999785900 -0.011660723 -0.017091740 -0.589509606 0.011890712 0.999839306 0.013416831 0.188319713 0.016932543 -0.013617192 0.999763906 34.722305298
0.999782205 -0.011169828 -0.017628428 -0.604890108 0.011297458 0.999910593 0.007157094 0.190335661 0.017546907 -0.007354692 0.999818981 35.420696259
0.999772191 -0.010377277 -0.018651912 -0.621050656 0.010306794 0.999939382 -0.003871010 0.196276054 0.018690951 0.003677887 0.999818563 36.125087738
0.999799311 -0.007056496 -0.018748576 -0.645746946 0.006835363 0.999906600 -0.011832668 0.201228201 0.018830324 0.011702141 0.999754190 36.831111908
0.999805510 -0.004328365 -0.019241516 -0.665931225 0.004179525 0.999961078 -0.007768863 0.208947852 0.019274393 0.007686932 0.999784708 37.541091919
0.999798298 -0.003022143 -0.019854851 -0.686454654 0.003208104 0.999951243 0.009340808 0.207570240 0.019825652 -0.009402620 0.999759257 38.258735657
0.999797225 -0.001640058 -0.020068875 -0.704951823 0.002207306 0.999597728 0.028275628 0.213726893 0.020014428 -0.028314192 0.999398708 38.984176636
0.999796808 0.002184319 -0.020040309 -0.732008994 -0.001444750 0.999319971 0.036844570 0.226226687 0.020107161 -0.036808129 0.999120057 39.695541382
0.999730885 0.011076911 -0.020383317 -0.765839756 -0.010373864 0.999358416 0.034279607 0.242394000 0.020749953 -0.034058928 0.999204397 40.400653839
0.999641061 0.016185118 -0.021347998 -0.792840719 -0.015647929 0.999562621 0.025094846 0.267872125 0.021744823 -0.024751788 0.999457121 41.080577850
0.999660194 0.013582602 -0.022249063 -0.805247307 -0.013235019 0.999789238 0.015695861 0.287564695 0.022457564 -0.015396059 0.999629259 41.768527985
0.999694467 0.009728172 -0.022722201 -0.821321189 -0.009471584 0.999890447 0.011372849 0.306043744 0.022830348 -0.011154160 0.999677122 42.467498779
0.999673903 0.012291845 -0.022383029 -0.837875247 -0.012005221 0.999844790 0.012895070 0.308885813 0.022538058 -0.012622152 0.999666274 43.159313202
0.999609768 0.016756589 -0.022350868 -0.870184481 -0.016396102 0.999734104 0.016215522 0.321690589 0.022616642 -0.015842726 0.999618649 43.849147797
0.999555886 0.017758578 -0.023930473 -0.889182985 -0.017276000 0.999646187 0.020223880 0.340693176 0.024281155 -0.019801475 0.999509037 44.560092926
0.999615490 0.013459658 -0.024242174 -0.899311602 -0.012929704 0.999676824 0.021886488 0.352507800 0.024528924 -0.021564629 0.999466479 45.263214111
0.999658346 0.008254911 -0.024800187 -0.909929216 -0.007755867 0.999766827 0.020151814 0.365947396 0.024960756 -0.019952582 0.999489307 45.966861725
0.999650896 0.007218027 -0.025416059 -0.922904909 -0.006805929 0.999844551 0.016263379 0.382635355 0.025529498 -0.016084721 0.999544680 46.674537659
0.999593914 0.010887666 -0.026332667 -0.944742262 -0.010567492 0.999868929 0.012267581 0.401958078 0.026462780 -0.011984330 0.999577940 47.370208740
0.999593079 0.010078668 -0.026685106 -0.973835111 -0.009813410 0.999901295 0.010052659 0.410688847 0.026783790 -0.009786696 0.999593318 48.063602448
0.999553144 0.010281291 -0.028068179 -0.996402144 -0.010017527 0.999904513 0.009521738 0.418838650 0.028163394 -0.009236309 0.999560654 48.794696808
0.999538481 0.009805047 -0.028752092 -1.015753627 -0.009533402 0.999908745 0.009569770 0.428290248 0.028843300 -0.009291247 0.999540746 49.508720398
0.999474168 0.012959115 -0.029723315 -1.042326093 -0.012674359 0.999872148 0.009748742 0.437030792 0.029845851 -0.009366892 0.999510646 50.224323273
0.999444008 0.013813633 -0.030346585 -1.077276468 -0.013459409 0.999839246 0.011846035 0.451100886 0.030505344 -0.011431001 0.999469221 50.966815948
0.999366879 0.016383011 -0.031583119 -1.099961042 -0.015948266 0.999775231 0.013968272 0.463837981 0.031804863 -0.013455732 0.999403536 51.700851440
0.999344051 0.017768893 -0.031554341 -1.137649894 -0.017318098 0.999744833 0.014502613 0.474108219 0.031803988 -0.013946639 0.999396801 52.457309723
0.999277651 0.019515904 -0.032609075 -1.166102409 -0.019142564 0.999748051 0.011722187 0.488133699 0.032829627 -0.011089498 0.999399424 53.203575134
0.999281824 0.019323215 -0.032595761 -1.191331029 -0.019092435 0.999790490 0.007376547 0.503647029 0.032731470 -0.006748917 0.999441385 53.969058990
0.999292314 0.018317543 -0.032853950 -1.219672322 -0.018102173 0.999812722 0.006840938 0.521909952 0.032973107 -0.006241369 0.999436736 54.747871399
0.999321282 0.017702928 -0.032305393 -1.250047803 -0.017380035 0.999796450 0.010248620 0.532980144 0.032480247 -0.009680195 0.999425471 55.533279419
0.999335706 0.017823726 -0.031788561 -1.278706074 -0.017366273 0.999742448 0.014609027 0.540741444 0.032040764 -0.014047273 0.999387860 56.350791931
0.999383688 0.016204827 -0.031138660 -1.305026889 -0.015713407 0.999749124 0.015962126 0.556378841 0.031389512 -0.015462994 0.999387622 57.165546417
0.999374270 0.015318466 -0.031881899 -1.322800279 -0.014857767 0.999782503 0.014637284 0.572845757 0.032099184 -0.014154430 0.999384463 57.983013153
0.999408901 0.014133262 -0.031338915 -1.352245688 -0.013762116 0.999832988 0.012027225 0.588455081 0.031503666 -0.011588827 0.999436438 58.808906555
0.999406576 0.015645377 -0.030686567 -1.386578202 -0.015380397 0.999842525 0.008852201 0.599756479 0.030820230 -0.008374976 0.999489844 59.650947571
0.999405622 0.015803458 -0.030637952 -1.405519724 -0.015592401 0.999853134 0.007115491 0.609498858 0.030745899 -0.006633543 0.999505222 60.477619171
0.999441564 0.015273981 -0.029720467 -1.442505956 -0.015046069 0.999855757 0.007877100 0.622451663 0.029836494 -0.007425525 0.999527216 61.317378998
0.999450922 0.015183687 -0.029450716 -1.467081785 -0.014851128 0.999823809 0.011478146 0.630759180 0.029619809 -0.011034467 0.999500334 62.157756805
0.999495029 0.012599872 -0.029170157 -1.488318324 -0.012156032 0.999808371 0.015343206 0.642236531 0.029357890 -0.014980865 0.999456704 63.002246857
0.999522686 0.011190774 -0.028795794 -1.511977673 -0.010692412 0.999791384 0.017402915 0.648142755 0.028984539 -0.017086711 0.999433815 63.832008362
0.999551773 0.010351224 -0.028091967 -1.534594536 -0.009890749 0.999815226 0.016481437 0.658053637 0.028257381 -0.016196199 0.999469459 64.657119751
0.999586642 0.009264898 -0.027215796 -1.557733536 -0.008865771 0.999851942 0.014749494 0.674762011 0.027348418 -0.014502109 0.999520779 65.482818604
0.999601185 0.009297282 -0.026664527 -1.579293251 -0.008944319 0.999871194 0.013326029 0.689914107 0.026784988 -0.013082219 0.999555588 66.306846619
0.999640644 0.008148254 -0.025538692 -1.601135015 -0.007800373 0.999875844 0.013691871 0.701768041 0.025647087 -0.013487739 0.999580085 67.123397827
0.999659479 0.009229700 -0.024406875 -1.623935223 -0.008873800 0.999853313 0.014650272 0.709026575 0.024538511 -0.014428702 0.999594748 67.947860718
0.999693632 0.010015773 -0.022634290 -1.648636222 -0.009691492 0.999849439 0.014391550 0.720687628 0.022775026 -0.014167781 0.999640226 68.759208679
0.999720871 0.010034849 -0.021389741 -1.669412732 -0.009731195 0.999851048 0.014253368 0.731930137 0.021529585 -0.014041241 0.999669611 69.574188232
0.999750316 0.010347903 -0.019806050 -1.694017529 -0.010084713 0.999860108 0.013342422 0.743941188 0.019941345 -0.013139351 0.999714792 70.396995544
0.999779761 0.010462818 -0.018191556 -1.706369638 -0.010199008 0.999842346 0.014534606 0.756027281 0.018340761 -0.014345869 0.999728858 71.204437256
0.999813437 0.010357425 -0.016304336 -1.725890398 -0.010085803 0.999810457 0.016654406 0.770671725 0.016473742 -0.016486857 0.999728382 72.026260376
0.999849081 0.009427716 -0.014591508 -1.735052705 -0.009129107 0.999750257 0.020397652 0.784586608 0.014780167 -0.020261366 0.999685466 72.837066650
0.999880552 0.009122097 -0.012478668 -1.751388550 -0.008831988 0.999693930 0.023109214 0.796655893 0.012685654 -0.022996243 0.999655068 73.642951965
0.999899745 0.009351833 -0.010632014 -1.758588791 -0.009101283 0.999685347 0.023374619 0.814913094 0.010847264 -0.023275511 0.999670267 74.439620972
0.999928474 0.008196806 -0.008712817 -1.769394994 -0.008009178 0.999739885 0.021355696 0.828380883 0.008885599 -0.021284387 0.999733984 75.240287781
0.999942958 0.007713084 -0.007386778 -1.774521470 -0.007590150 0.999834597 0.016528312 0.846643507 0.007513041 -0.016471302 0.999836087 76.033271790
0.999949932 0.008257912 -0.005656427 -1.781656146 -0.008196976 0.999909043 0.010712724 0.854907870 0.005744377 -0.010665822 0.999926627 76.813110352
0.999950945 0.008812905 -0.004524315 -1.787577868 -0.008784831 0.999942243 0.006188003 0.863342464 0.004578588 -0.006147955 0.999970615 77.605384827
0.999951839 0.009350305 -0.002972096 -1.795143962 -0.009335143 0.999943554 0.005075256 0.872132897 0.003019384 -0.005047267 0.999982715 78.386802673
0.999960542 0.008653025 -0.002024372 -1.796464920 -0.008638270 0.999936879 0.007187071 0.878206551 0.002086434 -0.007169300 0.999972105 79.167961121
0.999950588 0.009856470 -0.001302919 -1.801224709 -0.009844404 0.999911368 0.008964124 0.881238580 0.001391159 -0.008950855 0.999958992 79.954727173
0.999951541 0.009823441 -0.000687943 -1.804275870 -0.009816959 0.999912500 0.008865373 0.888167977 0.000774972 -0.008858190 0.999960482 80.733001709
0.999941170 0.010811146 -0.000896751 -1.806863666 -0.010803535 0.999908864 0.008098379 0.891578853 0.000984222 -0.008088214 0.999966800 81.513893127
0.999935210 0.011332007 -0.001069533 -1.805749416 -0.011324359 0.999912024 0.006904852 0.903125525 0.001147685 -0.006892293 0.999975562 82.299011230
0.999941707 0.010747263 -0.001051641 -1.810000777 -0.010740529 0.999922991 0.006212480 0.906667829 0.001118327 -0.006200823 0.999980152 83.079254150
0.999940991 0.010759525 -0.001489881 -1.812010765 -0.010751115 0.999926865 0.005541627 0.911416292 0.001549397 -0.005525282 0.999983549 83.864067078
0.999952972 0.009439475 -0.002222003 -1.815001845 -0.009431917 0.999949753 0.003387616 0.918589592 0.002253869 -0.003366499 0.999991775 84.654876709
0.999947667 0.009826354 -0.002838070 -1.818737388 -0.009820607 0.999949694 0.002031545 0.923857987 0.002857890 -0.002003567 0.999993920 85.446067810
0.999940515 0.010345426 -0.003453384 -1.822866917 -0.010342347 0.999946117 0.000908521 0.930654585 0.003462597 -0.000872751 0.999993622 86.246498108
0.999935091 0.010686052 -0.003953147 -1.829566598 -0.010680885 0.999942064 0.001325809 0.934058666 0.003967086 -0.001283500 0.999991298 87.050842285
0.999933720 0.010697014 -0.004264954 -1.835546494 -0.010687969 0.999940574 0.002137920 0.938199043 0.004287570 -0.002092195 0.999988616 87.862518311
0.999944448 0.009570231 -0.004421021 -1.845062137 -0.009558798 0.999950945 0.002599950 0.941986442 0.004445686 -0.002557546 0.999986827 88.686332703
0.999944270 0.009335825 -0.004927096 -1.848432541 -0.009320411 0.999951601 0.003142280 0.949850261 0.004956194 -0.003096183 0.999982953 89.502601624
0.999937654 0.010127097 -0.004705130 -1.862539411 -0.010109664 0.999942005 0.003714246 0.954742968 0.004742472 -0.003666447 0.999982059 90.342666626
0.999916494 0.011717501 -0.005454506 -1.869717479 -0.011693157 0.999921620 0.004473762 0.959340274 0.005506500 -0.004409608 0.999975145 91.171081543
0.999917269 0.011764009 -0.005197810 -1.881670833 -0.011742076 0.999922097 0.004230076 0.966089070 0.005247168 -0.004168693 0.999977529 92.014984131
0.999925911 0.011016727 -0.005180969 -1.887464046 -0.011000788 0.999934673 0.003095050 0.971690655 0.005214728 -0.003037826 0.999981761 92.857597351
0.999948204 0.009028628 -0.004696161 -1.893900633 -0.009026523 0.999959171 0.000469361 0.979415238 0.004700207 -0.000426946 0.999988854 93.713844299
0.999947011 0.009165983 -0.004680236 -1.901835561 -0.009173566 0.999956667 -0.001601238 0.979765177 0.004665356 0.001644087 0.999987781 94.578865051
0.999955058 0.008346457 -0.004494864 -1.905235648 -0.008357976 0.999961793 -0.002550011 0.984581769 0.004473409 0.002587465 0.999986649 95.444343567
0.999981046 0.004087879 -0.004598099 -1.910146356 -0.004097817 0.999989271 -0.002153810 0.988482952 0.004589245 0.002172611 0.999987125 96.327423096
0.999987245 0.002482083 -0.004398969 -1.910986662 -0.002493810 0.999993324 -0.002662378 0.990278244 0.004392332 0.002673314 0.999986768 97.213294983
0.999992311 0.001200381 -0.003733402 -1.912988424 -0.001208388 0.999996960 -0.002143322 0.989003956 0.003730818 0.002147817 0.999990761 98.108375549
0.999989808 0.002536380 -0.003728515 -1.925395370 -0.002535703 0.999996781 0.000186387 1.000185251 0.003728975 -0.000176931 0.999993026 99.015876770
0.999991596 0.002067013 -0.003544697 -1.929136157 -0.002049909 0.999986291 0.004822130 1.002421498 0.003554616 -0.004814823 0.999982119 99.911872864
0.999994993 0.000065562 -0.003156295 -1.934846878 -0.000041522 0.999970973 0.007615848 1.010621548 0.003156703 -0.007615679 0.999966025 100.820129395
0.999996305 0.000220924 -0.002708543 -1.945557475 -0.000201911 0.999975383 0.007017899 1.017123103 0.002710027 -0.007017327 0.999971688 101.729515076
0.999995589 0.000908060 -0.002829634 -1.948927879 -0.000890386 0.999980152 0.006241091 1.031812072 0.002835245 -0.006238544 0.999976516 102.636253357
0.999994218 0.001891261 -0.002833655 -1.954444051 -0.001871547 0.999974132 0.006943418 1.043593049 0.002846714 -0.006938074 0.999971867 103.546905518
0.999992609 0.002627455 -0.002798183 -1.963748097 -0.002601263 0.999953151 0.009322939 1.051865578 0.002822548 -0.009315591 0.999952614 104.459487915
0.999995708 0.001916417 -0.002205272 -1.972026348 -0.001893911 0.999946594 0.010162535 1.060926199 0.002224630 -0.010158315 0.999945939 105.379585266
0.999992907 0.003351200 -0.001720006 -1.981531620 -0.003335943 0.999955714 0.008797872 1.068296790 0.001749413 -0.008792072 0.999959826 106.280906677
0.999976218 0.006760989 -0.001346505 -2.000042200 -0.006751479 0.999953091 0.006946984 1.078568935 0.001393410 -0.006937728 0.999974966 107.190322876
0.999978483 0.006429725 -0.001321509 -2.005633116 -0.006418135 0.999942482 0.008594819 1.087687016 0.001376696 -0.008586152 0.999962211 108.087745667
0.999984682 0.005438181 -0.001010621 -2.013121128 -0.005425524 0.999911726 0.012130603 1.095636964 0.001076501 -0.012124934 0.999925911 108.993698120
0.999968886 0.007884818 0.000240545 -2.025552988 -0.007887537 0.999856710 0.014977258 1.106516123 -0.000122418 -0.014978689 0.999887824 109.894973755
0.999969184 0.007544830 0.002180497 -2.032727242 -0.007576772 0.999858320 0.015032050 1.119373560 -0.002066774 -0.015048107 0.999884605 110.786270142
0.999965310 0.007795680 0.002935953 -2.032856941 -0.007839019 0.999855995 0.015051396 1.132827640 -0.002818195 -0.015073888 0.999882400 111.661354065
0.999956787 0.008120692 0.004522637 -2.038149357 -0.008192778 0.999835908 0.016155018 1.146071315 -0.004390704 -0.016191373 0.999859273 112.572616577
0.999946475 0.008895799 0.005283691 -2.032259464 -0.008985722 0.999810874 0.017246367 1.161780477 -0.005129272 -0.017292922 0.999837339 113.459808350
0.999951065 0.007695585 0.006218220 -2.032454729 -0.007796855 0.999834657 0.016429279 1.175885320 -0.006090759 -0.016476959 0.999845684 114.337951660
0.999934435 0.009248583 0.006752198 -2.031251192 -0.009346786 0.999848843 0.014660145 1.190729260 -0.006615591 -0.014722295 0.999869764 115.214111328
0.999901295 0.011699980 0.007781850 -2.035523176 -0.011794942 0.999855161 0.012271168 1.207903862 -0.007637150 -0.012361743 0.999894440 116.094856262
0.999911308 0.010402480 0.008318815 -2.033154249 -0.010496831 0.999880135 0.011379931 1.219012737 -0.008199438 -0.011466243 0.999900639 116.970443726
0.999921799 0.009119328 0.008554522 -2.025746346 -0.009221879 0.999885142 0.012026059 1.229201078 -0.008443871 -0.012104007 0.999891102 117.835075378
0.999925971 0.008363232 0.008840414 -2.022624493 -0.008480798 0.999874949 0.013345952 1.242728233 -0.008727693 -0.013419937 0.999871850 118.701881409
0.999921799 0.009008573 0.008671559 -2.016060352 -0.009141649 0.999839127 0.015430950 1.255670190 -0.008531154 -0.015509016 0.999843359 119.558555603
0.999944329 0.005216380 0.009170961 -2.017271280 -0.005367595 0.999848783 0.016541932 1.269416213 -0.009083285 -0.016590238 0.999821126 120.443603516
0.999956548 0.002159694 0.009069541 -2.012175083 -0.002317685 0.999845147 0.017445691 1.279612899 -0.009030459 -0.017465953 0.999806702 121.315147400
0.999963880 -0.000387491 0.008489681 -2.005432129 0.000252001 0.999872684 0.015954681 1.302282691 -0.008494782 -0.015951965 0.999836683 122.175987244
0.999973774 -0.001040893 0.007168458 -2.004161835 0.000948655 0.999916852 0.012858617 1.317063570 -0.007181247 -0.012851479 0.999891639 123.042037964
0.999980688 -0.000893688 0.006145671 -2.004590511 0.000835575 0.999954998 0.009451997 1.329636335 -0.006153842 -0.009446679 0.999936461 123.898345947
0.999985158 -0.001551611 0.005221090 -2.005732298 0.001514044 0.999972999 0.007191539 1.348573089 -0.005232107 -0.007183528 0.999960482 124.764839172
0.999988794 0.000555954 0.004698758 -2.008050680 -0.000593268 0.999968290 0.007943506 1.354340196 -0.004694192 -0.007946205 0.999957383 125.630165100
0.999987483 0.003064435 0.003956185 -2.011241674 -0.003100115 0.999954283 0.009044458 1.361912727 -0.003928288 -0.009056609 0.999951243 126.504661560
0.999985039 0.004448229 0.003182857 -2.018096209 -0.004476449 0.999950230 0.008914405 1.373114705 -0.003143046 -0.008928520 0.999955177 127.373519897
0.999983251 0.005395632 0.002105498 -2.027362585 -0.005411814 0.999955237 0.007757419 1.384541750 -0.002063547 -0.007768684 0.999967694 128.241149902
0.999977052 0.006677799 0.001139559 -2.044211388 -0.006687182 0.999942005 0.008438747 1.395092130 -0.001083141 -0.008446175 0.999963760 129.114120483
0.999984980 0.005469158 -0.000419118 -2.042914867 -0.005465233 0.999945879 0.008855914 1.404985189 0.000467529 -0.008853490 0.999960721 129.983993530
0.999994338 0.002786410 -0.001871666 -2.044022083 -0.002770224 0.999959230 0.008595706 1.410424948 0.001895541 -0.008590472 0.999961317 130.847427368
0.999989986 0.003521913 -0.002750639 -2.056715727 -0.003500025 0.999962509 0.007922065 1.420516968 0.002778437 -0.007912359 0.999964833 131.724105835
0.999981761 0.004858088 -0.003581491 -2.063693047 -0.004825070 0.999946296 0.009170786 1.433152556 0.003625851 -0.009153338 0.999951541 132.584487915
0.999977827 0.005243436 -0.004104662 -2.065036774 -0.005195090 0.999918044 0.011701690 1.434443116 0.004165683 -0.011680107 0.999923110 133.446868896
0.999988675 0.004355141 -0.001928364 -2.096579313 -0.004326962 0.999887168 0.014383703 1.452432275 0.001990790 -0.014375196 0.999894679 134.320480347
0.999994993 0.002980368 -0.001073230 -2.102516413 -0.002961918 0.999854445 0.016801346 1.462509632 0.001123148 -0.016798085 0.999858260 135.183883667
0.999990344 0.004332426 -0.000747026 -2.108553886 -0.004320187 0.999867857 0.015672510 1.473887324 0.000814827 -0.015669132 0.999876916 136.056564331
0.999991238 0.003700674 -0.001946304 -2.092173576 -0.003679121 0.999933124 0.010962944 1.489274383 0.001986744 -0.010955688 0.999938011 136.895507812
0.999991536 0.003650464 -0.001894174 -2.094316244 -0.003635123 0.999961078 0.008040043 1.499517798 0.001923450 -0.008033089 0.999965906 137.764114380
0.999991000 0.004217027 -0.000476897 -2.109929085 -0.004212328 0.999946356 0.009459595 1.512678385 0.000516763 -0.009457502 0.999955118 138.617584229
0.999990106 0.004441609 -0.000107812 -2.109070778 -0.004439509 0.999879181 0.014898646 1.521815300 0.000173973 -0.014898021 0.999889016 139.468551636
0.999966204 0.008202253 0.000535784 -2.126367569 -0.008210103 0.999824941 0.016814649 1.531840563 -0.000397772 -0.016818479 0.999858499 140.312652588
0.999937177 0.011190346 0.000608479 -2.122283936 -0.011198269 0.999822915 0.015122361 1.545432448 -0.000439147 -0.015128225 0.999885440 141.162216187
0.999953032 0.009676197 0.000537826 -2.127716303 -0.009681888 0.999882996 0.011841081 1.563091755 -0.000423187 -0.011845732 0.999929726 141.998107910
0.999933779 0.011473747 0.000868538 -2.131762743 -0.011484153 0.999848068 0.013112137 1.568857908 -0.000717961 -0.013121244 0.999913633 142.834671021
0.999901235 0.013901060 0.002054994 -2.142724514 -0.013934428 0.999754488 0.017228713 1.584745288 -0.001814992 -0.017255647 0.999849439 143.678588867
0.999929786 0.011705212 0.001852181 -2.134016752 -0.011740166 0.999728143 0.020144284 1.599690437 -0.001615885 -0.020164615 0.999795377 144.524673462
0.999924242 0.012146029 0.001999311 -2.139094830 -0.012185143 0.999707758 0.020877697 1.615576506 -0.001745146 -0.020900477 0.999780059 145.349288940
0.999936461 0.011144509 0.001684039 -2.139584780 -0.011172459 0.999782383 0.017615760 1.633746743 -0.001487353 -0.017633455 0.999843419 146.165191650
0.999950290 0.009942410 0.000726275 -2.136228323 -0.009952167 0.999838471 0.014964519 1.647930264 -0.000577375 -0.014971004 0.999887764 147.003570557
0.999974012 0.007200370 0.000312902 -2.130388260 -0.007203710 0.999896407 0.012462839 1.662204623 -0.000223132 -0.012464769 0.999922276 147.826095581
0.999982595 0.005870404 0.000605663 -2.131901979 -0.005877477 0.999905527 0.012425013 1.673067451 -0.000532666 -0.012428356 0.999922633 148.643997192
0.999975979 0.006930748 0.000072615 -2.131736279 -0.006931098 0.999886096 0.013409159 1.684303880 0.000020329 -0.013409341 0.999910116 149.460021973
0.999973178 0.007323345 0.000028136 -2.137692213 -0.007322868 0.999847054 0.015881205 1.693724394 0.000088171 -0.015880985 0.999873877 150.285247803
0.999990880 0.004221315 -0.000676660 -2.130680084 -0.004209177 0.999846041 0.017035708 1.703430057 0.000748469 -0.017032703 0.999854624 151.098663330
0.999991119 0.004217738 -0.000153795 -2.141602039 -0.004214467 0.999843061 0.017206272 1.718145847 0.000226343 -0.017205471 0.999851942 151.916336060
0.999986589 0.005169815 -0.000282811 -2.143844128 -0.005164002 0.999830127 0.017694712 1.732478023 0.000374241 -0.017693013 0.999843419 152.732498169
0.999986172 0.005249857 -0.000259791 -2.153978109 -0.005244482 0.999831915 0.017569141 1.746367931 0.000351983 -0.017567536 0.999845624 153.541000366
0.999992073 0.003970874 -0.000169331 -2.161656141 -0.003967596 0.999859989 0.016256001 1.756926060 0.000233857 -0.016255202 0.999867857 154.342758179
0.999993324 0.003648368 -0.000153511 -2.164118528 -0.003645947 0.999901116 0.013581249 1.767586589 0.000203045 -0.013580599 0.999907732 155.136138916
0.999982953 0.005833771 -0.000206135 -2.172544718 -0.005831398 0.999932230 0.010075874 1.781090736 0.000264902 -0.010074500 0.999949217 155.940719604
0.999988198 0.004831916 0.000445353 -2.181072474 -0.004835653 0.999949515 0.008811442 1.791739345 -0.000402754 -0.008813492 0.999961078 156.748550415
0.999980986 0.006166059 0.000091027 -2.181009054 -0.006166666 0.999929011 0.010194885 1.801019073 -0.000028159 -0.010195252 0.999948025 157.545181274
0.999980807 0.006146197 0.000808718 -2.185947657 -0.006155880 0.999902010 0.012571685 1.807901263 -0.000731371 -0.012576422 0.999920666 158.345794678
0.999978900 0.006350148 0.001389859 -2.186750889 -0.006367520 0.999896824 0.012874170 1.818633318 -0.001307963 -0.012882749 0.999916136 159.139434814
0.999975860 0.006795698 0.001459736 -2.187991619 -0.006813402 0.999898851 0.012486507 1.830931306 -0.001374734 -0.012496151 0.999920964 159.935379028
0.999960303 0.008668773 0.002056154 -2.196490288 -0.008691486 0.999898314 0.011307163 1.841269493 -0.001957925 -0.011324585 0.999933958 160.720489502
0.999974608 0.006604981 0.002667493 -2.203400135 -0.006631888 0.999925911 0.010207201 1.847709537 -0.002599878 -0.010224633 0.999944329 161.500808716
0.999976516 0.006535809 0.002065664 -2.193879604 -0.006556491 0.999926805 0.010169157 1.855943561 -0.001999050 -0.010182462 0.999946177 162.276412964
0.999972224 0.006702452 0.003254971 -2.199605465 -0.006737803 0.999917090 0.010973888 1.864526510 -0.003181149 -0.010995514 0.999934494 163.067321777
0.999965429 0.007144712 0.004257520 -2.201886415 -0.007198173 0.999893725 0.012676584 1.873921394 -0.004166497 -0.012706791 0.999910593 163.842742920
0.999959767 0.006555201 0.006125228 -2.202553272 -0.006638641 0.999884069 0.013702763 1.887649059 -0.006034694 -0.013742874 0.999887347 164.614059448
0.999943912 0.007026087 0.007925586 -2.204228163 -0.007143149 0.999864340 0.014839843 1.897621989 -0.007820245 -0.014895624 0.999858499 165.388519287
0.999930382 0.007195921 0.009351259 -2.194408417 -0.007335592 0.999860764 0.014988639 1.901308775 -0.009242100 -0.015056193 0.999843955 166.150543213
0.999916196 0.007195771 0.010762758 -2.187389851 -0.007333948 0.999890506 0.012854502 1.912679195 -0.010669081 -0.012932358 0.999859452 166.911956787
0.999910653 0.004406339 0.012622081 -2.177767038 -0.004515250 0.999952734 0.008613174 1.916997194 -0.012583531 -0.008669396 0.999883235 167.667144775
0.999884546 0.003033937 0.014891083 -2.167166948 -0.003081106 0.999990284 0.003145650 1.924561501 -0.014881396 -0.003191168 0.999884188 168.424148560
0.999822199 0.005314790 0.018091708 -2.159885883 -0.005320641 0.999985814 0.000275324 1.932284594 -0.018089987 -0.000371535 0.999836266 169.184921265
0.999777853 0.005482212 0.020351911 -2.147218466 -0.005567404 0.999975979 0.004131635 1.942595482 -0.020328771 -0.004244024 0.999784350 169.952239990
0.999759376 0.004090593 0.021550285 -2.121744394 -0.004315659 0.999936521 0.010407630 1.950512290 -0.021506345 -0.010498130 0.999713600 170.720565796
0.999700010 0.001588101 0.024440285 -2.117555857 -0.001956078 0.999884963 0.015039654 1.952920318 -0.024413589 -0.015082951 0.999588132 171.491333008
0.999632478 0.000628024 0.027102023 -2.104628801 -0.001039858 0.999884188 0.015184272 1.967017293 -0.027089348 -0.015206874 0.999517322 172.279251099
0.999573231 0.000322269 0.029210450 -2.084159136 -0.000729756 0.999902546 0.013940468 1.983255863 -0.029203111 -0.013955836 0.999476075 173.054077148
0.999545634 0.000987689 0.030125095 -2.068779469 -0.001382023 0.999913633 0.013071871 1.996409416 -0.030109581 -0.013107566 0.999460638 173.828048706
0.999509811 0.000092119 0.031306773 -2.057106495 -0.000487163 0.999920368 0.012611085 2.007486820 -0.031303119 -0.012620154 0.999430239 174.601470947
0.999516070 -0.001978339 0.031044299 -2.020580053 0.001627802 0.999934673 0.011312709 2.017813444 -0.031064650 -0.011256700 0.999453962 175.405441284
0.999517381 -0.004279289 0.030768553 -2.007299423 0.003901323 0.999916315 0.012333720 2.033065557 -0.030818759 -0.012207729 0.999450445 176.194625854
0.999559462 -0.003869983 0.029426975 -1.991206527 0.003477210 0.999904335 0.013386881 2.049850464 -0.029475968 -0.013278659 0.999477267 176.978195190
0.999613404 -0.004291442 0.027471149 -1.970644474 0.003837291 0.999855459 0.016563328 2.059076309 -0.027538259 -0.016451510 0.999485373 177.769195557
0.999644041 -0.006253329 0.025936212 -1.952239513 0.005756843 0.999799609 0.019173263 2.070592880 -0.026050912 -0.019017128 0.999479711 178.563339233
0.999698818 -0.006195013 0.023747085 -1.939983487 0.005685551 0.999753535 0.021461511 2.085261822 -0.023874184 -0.021320032 0.999487579 179.380233765
0.999746859 -0.008277314 0.020921303 -1.910096526 0.007817406 0.999728084 0.021969739 2.105175972 -0.021097464 -0.021800626 0.999539733 180.227432251
0.999801397 -0.009147608 0.017704163 -1.892240644 0.008782462 0.999749362 0.020593852 2.125161648 -0.017888110 -0.020434277 0.999631166 181.036697388
0.999850869 -0.008784106 0.014866806 -1.892628074 0.008517069 0.999802947 0.017931007 2.143700838 -0.015021384 -0.017801711 0.999728680 181.836776733
0.999894798 -0.007046481 0.012680525 -1.904162645 0.006841558 0.999846458 0.016131928 2.160259724 -0.012792252 -0.016043477 0.999789476 182.623397827
0.999926746 -0.005775196 0.010638100 -1.894946814 0.005609830 0.999863982 0.015509542 2.183398008 -0.010726224 -0.015448728 0.999823153 183.443740845
0.999943554 -0.006381413 0.008497131 -1.885094762 0.006239771 0.999842882 0.016592812 2.194683552 -0.008601681 -0.016538855 0.999826252 184.240890503
0.999947965 -0.005879276 0.008334578 -1.884325147 0.005739397 0.999843955 0.016708730 2.212764502 -0.008431513 -0.016660025 0.999825656 185.053009033
0.999939382 -0.008087164 0.007472846 -1.875865340 0.007964868 0.999836206 0.016252637 2.221962452 -0.007603060 -0.016192133 0.999840021 185.855834961
0.999929428 -0.009547691 0.007069365 -1.873199940 0.009433206 0.999826610 0.016054446 2.237315178 -0.007221422 -0.015986625 0.999846101 186.665435791
0.999906778 -0.011960543 0.006582954 -1.870896101 0.011841049 0.999769628 0.017900970 2.249756336 -0.006795542 -0.017821353 0.999818087 187.458435059
0.999899507 -0.012905397 0.005865294 -1.864315748 0.012783065 0.999709427 0.020436628 2.267616749 -0.006127333 -0.020359598 0.999773920 188.255874634
0.999876499 -0.014830415 0.005204587 -1.861652493 0.014708400 0.999633014 0.022747388 2.282613754 -0.005540031 -0.022668028 0.999727726 189.046676636
0.999855340 -0.016580813 0.003793871 -1.852039456 0.016483605 0.999567330 0.024360137 2.296507835 -0.004196140 -0.024294076 0.999696076 189.832092285
0.999864697 -0.016145416 0.003153937 -1.856276393 0.016066350 0.999590874 0.023663899 2.312268972 -0.003534711 -0.023610026 0.999714971 190.609481812
0.999876618 -0.015530840 0.002362246 -1.862312913 0.015471277 0.999605715 0.023431098 2.329891920 -0.002725220 -0.023391658 0.999722660 191.383071899
0.999890924 -0.014745202 0.000877282 -1.862319350 0.014719041 0.999586523 0.024701659 2.349913836 -0.001241150 -0.024686052 0.999694467 192.153305054
0.999897778 -0.014284594 0.000622811 -1.866262317 0.014262860 0.999541283 0.026716696 2.364959717 -0.001004163 -0.026705083 0.999642849 192.918472290
0.999930203 -0.011814013 0.000012554 -1.870657444 0.011809411 0.999569356 0.026864251 2.385826349 -0.000329923 -0.026862228 0.999639094 193.702026367
0.999949038 -0.010092103 -0.000110616 -1.870334387 0.010091643 0.999624074 0.025492463 2.405131578 -0.000146699 -0.025492281 0.999675035 194.461944580
0.999960244 -0.008915836 0.000230917 -1.878466010 0.008907884 0.999680758 0.023644423 2.424334049 -0.000441654 -0.023641426 0.999720395 195.232437134
0.999974072 -0.007136730 0.000957995 -1.879931331 0.007112786 0.999709606 0.023023510 2.444565773 -0.001122029 -0.023016099 0.999734461 195.992584229
0.999981046 -0.005671354 0.002404250 -1.880918741 0.005612506 0.999700665 0.023814514 2.460786343 -0.002538590 -0.023800569 0.999713480 196.745178223
0.999986649 -0.002280699 0.004639202 -1.896698236 0.002166871 0.999700069 0.024394909 2.480174065 -0.004693448 -0.024384530 0.999691665 197.532775879
0.999974728 0.000184260 0.007106368 -1.891109586 -0.000347660 0.999735415 0.022999035 2.497375727 -0.007100250 -0.023000926 0.999710202 198.284805298
0.999942303 0.002437970 0.010459963 -1.898554921 -0.002639144 0.999810994 0.019262264 2.510879993 -0.010411025 -0.019288758 0.999759734 199.032363892
0.999902368 0.003595489 0.013503819 -1.890912771 -0.003775528 0.999904037 0.013330712 2.527136087 -0.013454592 -0.013380394 0.999819934 199.802764893
0.999855220 0.004159144 0.016498923 -1.874537706 -0.004289688 0.999959707 0.007884793 2.542256355 -0.016465465 -0.007954426 0.999832809 200.558074951
0.999792039 0.003228084 0.020137385 -1.865154147 -0.003333772 0.999980807 0.005217001 2.551236153 -0.020120157 -0.005283050 0.999783635 201.327148438
0.999725997 0.000750013 0.023396021 -1.848739505 -0.000876681 0.999985039 0.005404311 2.557963848 -0.023391616 -0.005423341 0.999711692 202.098846436
0.999664724 -0.000947672 0.025876282 -1.824625850 0.000761459 0.999973774 0.007205166 2.565679550 -0.025882432 -0.007183047 0.999639213 202.865509033
0.999585748 -0.004813767 0.028375711 -1.811925292 0.004547250 0.999944985 0.009449450 2.574110746 -0.028419638 -0.009316504 0.999552667 203.634170532
0.999532938 -0.007928544 0.029514229 -1.788263917 0.007575587 0.999898672 0.012051530 2.579522610 -0.029606789 -0.011822313 0.999491692 204.397415161
0.999497294 -0.010421278 0.029942123 -1.765535951 0.009987929 0.999843717 0.014586208 2.594814539 -0.030089451 -0.014279816 0.999445200 205.184585571
0.999516964 -0.010879541 0.029111098 -1.742839813 0.010378706 0.999796450 0.017300369 2.609724045 -0.029293394 -0.016989877 0.999426484 205.953231812
0.999559164 -0.010685113 0.027699277 -1.735160112 0.010152985 0.999762535 0.019280879 2.622065306 -0.027898720 -0.018991148 0.999430358 206.732437134
0.999620974 -0.011066667 0.025208227 -1.720651507 0.010567895 0.999747455 0.019834086 2.632915974 -0.025421357 -0.019560171 0.999485433 207.516754150
0.999674082 -0.010759966 0.023149736 -1.710353494 0.010307815 0.999755502 0.019563012 2.651919365 -0.023354573 -0.019318013 0.999540567 208.291564941
0.999732316 -0.009769084 0.020972844 -1.703742504 0.009363662 0.999769092 0.019342747 2.669560432 -0.021156961 -0.019141186 0.999592900 209.062240601
0.999786794 -0.009864687 0.018140620 -1.699864984 0.009511064 0.999765038 0.019477500 2.686287880 -0.018328497 -0.019300811 0.999645710 209.831192017
0.999846876 -0.009842667 0.014468001 -1.685188174 0.009557617 0.999761403 0.019640917 2.700769186 -0.014657868 -0.019499632 0.999702394 210.616195679
0.999889255 -0.009891976 0.011117072 -1.678249240 0.009669631 0.999755621 0.019879185 2.718101025 -0.011311000 -0.019769486 0.999740601 211.386001587
0.999916077 -0.009766321 0.008510842 -1.674431682 0.009593016 0.999750495 0.020171031 2.731455803 -0.008705716 -0.020087695 0.999760330 212.174255371
0.999933004 -0.009994736 0.005839176 -1.673018575 0.009877766 0.999756575 0.019728601 2.749600887 -0.006034937 -0.019669602 0.999788344 212.947555542
0.999942124 -0.010119669 0.003655196 -1.683379292 0.010045289 0.999752998 0.019824538 2.767765760 -0.003854911 -0.019786675 0.999796808 213.723159790
0.999943316 -0.010549141 0.001435259 -1.694346309 0.010518560 0.999747336 0.019865237 2.787647009 -0.001644457 -0.019849014 0.999801636 214.495834351
0.999948621 -0.010095970 -0.000934136 -1.704928517 0.010112646 0.999748588 0.020013211 2.808232546 0.000731848 -0.020021629 0.999799252 215.278625488
0.999947429 -0.009810419 -0.002975681 -1.721177220 0.009872382 0.999718428 0.021576986 2.828164101 0.002763164 -0.021605229 0.999762774 216.047866821
0.999935210 -0.009814184 -0.005771986 -1.716157913 0.009943897 0.999688506 0.022890665 2.838750601 0.005545535 -0.022946578 0.999721289 216.824935913
