1.000000000 0.000000000 0.000000000 0.000000000 0.000000000 1.000000000 0.000000000 0.000000000 0.000000000 0.000000000 1.000000000 0.000000000
0.999999523 0.000395781 0.000880623 0.000065517 -0.000393825 0.999997437 -0.002219960 0.001435113 -0.000881499 0.002219612 0.999997139 0.638519347
0.999998808 0.000167230 0.001529308 0.005521190 -0.000163395 0.999996841 -0.002507683 0.001147513 -0.001529723 0.002507430 0.999995708 1.259249806
0.999997377 -0.000146436 0.002292266 -0.000611759 0.000150148 0.999998689 -0.001619477 0.004329611 -0.002292026 0.001619817 0.999996066 1.899032712
0.999996305 0.000373057 0.002691068 0.005115722 -0.000374884 0.999999702 0.000678395 -0.001065222 -0.002690815 -0.000679401 0.999996126 2.525348186
0.999992669 0.000698113 0.003758150 0.003743717 -0.000709248 0.999995351 0.002962436 -0.003380865 -0.003756064 -0.002965079 0.999988556 3.146312952
0.999985695 -0.000182207 0.005345208 0.005662627 0.000154326 0.999986410 0.005216045 -0.002356752 -0.005346086 -0.005215146 0.999972105 3.766028166
0.999976814 0.001262400 0.006688017 0.007047283 -0.001303392 0.999980390 0.006128450 0.000866983 -0.006680149 -0.006137026 0.999958873 4.376882076
0.999960423 0.003325576 0.008254698 0.007670215 -0.003366661 0.999981999 0.004968295 0.003580527 -0.008238027 -0.004995889 0.999953568 4.981383324
0.999923348 0.006815519 0.010335610 0.008070129 -0.006873842 0.999960601 0.005617994 0.003474367 -0.010296913 -0.005688609 0.999930799 5.579763889
0.999882817 0.008897352 0.012459795 0.007733322 -0.008977834 0.999939084 0.006418401 0.007714238 -0.012401929 -0.006529510 0.999901772 6.179083347
0.999839962 0.009833144 0.014944881 0.011768068 -0.009923675 0.999932766 0.005995627 0.010390276 -0.014884921 -0.006142976 0.999870360 6.756682396
0.999756932 0.011353953 0.018899778 0.019490685 -0.011501667 0.999904037 0.007725393 0.014372947 -0.018810250 -0.007940894 0.999791563 7.319196701
0.999624789 0.013222150 0.023988137 0.030734947 -0.013400842 0.999883533 0.007303799 0.015520615 -0.023888770 -0.007622519 0.999685585 7.871506214
0.999437928 0.015375736 0.029789597 0.047311775 -0.015469388 0.999876082 0.002915856 0.015728546 -0.029741073 -0.003375044 0.999551952 8.400357246
0.999177754 0.015196342 0.037587814 0.062400840 -0.015136146 0.999883652 -0.001885541 0.014318152 -0.037612095 0.001315056 0.999291539 8.906342506
0.998821199 0.013601662 0.046595953 0.087114133 -0.013373259 0.999897003 -0.005210022 0.016550306 -0.046662018 0.004580741 0.998900235 9.401588440
0.998371243 0.010228752 0.056126595 0.131008148 -0.009874514 0.999929547 -0.006585115 0.008551058 -0.056189999 0.006020167 0.998401940 9.881264687
0.997707129 0.007978324 0.067207813 0.169708297 -0.007647280 0.999957323 -0.005181511 0.009755229 -0.067246288 0.004655673 0.997725546 10.373604774
0.996761441 0.005864777 0.080201231 0.218026787 -0.005706890 0.999981284 -0.002197707 0.009785481 -0.080212623 0.001732890 0.996776283 10.816378593
0.995411158 0.007662489 0.095383249 0.263937801 -0.007665551 0.999970555 -0.000334321 0.009208252 -0.095382996 -0.000398379 0.995440543 11.254125595
0.993689537 0.009958182 0.111722469 0.312190145 -0.010129025 0.999948263 0.000961668 0.003767085 -0.111707114 -0.002087239 0.993739009 11.676074982
0.991811872 0.008662855 0.127413198 0.387396395 -0.009086466 0.999954939 0.002743828 -0.000214116 -0.127383694 -0.003879097 0.991845906 12.093685150
0.989578426 0.006189225 0.143861726 0.456140220 -0.006822325 0.999969065 0.003907865 -0.006720374 -0.143833101 -0.004848610 0.989590108 12.492432594
0.987000108 0.004550447 0.160654992 0.530734420 -0.005135648 0.999981582 0.003227549 -0.004204041 -0.160637349 -0.004010659 0.987005353 12.876770020
0.984216511 0.005313709 0.176888630 0.612234056 -0.005744542 0.999981642 0.001923591 -0.001858190 -0.176875159 -0.002909374 0.984228969 13.241149902
0.980958998 0.005495045 0.194137216 0.689217746 -0.005666770 0.999983907 0.000329213 0.000784536 -0.194132283 -0.001423076 0.980974317 13.599390984
0.977627575 0.004800961 0.210288525 0.777914882 -0.004708431 0.999988496 -0.000940676 0.002182035 -0.210290611 -0.000070499 0.977638900 13.945351601
0.974039912 0.011701444 0.226073712 0.855843186 -0.011218870 0.999931216 -0.003419292 -0.003985256 -0.226098180 0.000794236 0.974104226 14.283471107
0.969803631 0.017895959 0.243229598 0.941002131 -0.016645992 0.999835551 -0.007193508 -0.009649077 -0.243318334 0.002927492 0.969942093 14.614583969
0.965540051 0.020640176 0.259434819 1.038021803 -0.018609792 0.999773979 -0.010280086 -0.010880977 -0.259588361 0.005097806 0.965705931 14.945211411
0.961142957 0.019974861 0.275327444 1.140052080 -0.017596478 0.999783516 -0.011106070 -0.013957355 -0.275489658 0.005829729 0.961286366 15.267014503
0.956517160 0.019481832 0.291024655 1.244057536 -0.017012615 0.999794602 -0.011012717 -0.009840641 -0.291179448 0.005582762 0.956652164 15.583329201
0.952162147 0.019455802 0.304973364 1.361407399 -0.016696790 0.999792695 -0.011652549 -0.011247478 -0.305136859 0.006003040 0.952289581 15.898118019
0.947266221 0.022445617 0.319660634 1.462607145 -0.019742509 0.999736726 -0.011694572 -0.011196192 -0.319838941 0.004766970 0.947459936 16.218675613
0.942922354 0.029258719 0.331724942 1.565437675 -0.027661629 0.999571860 -0.009536289 -0.010981195 -0.331861943 -0.000184071 0.943327963 16.533340454
0.939818382 0.032571193 0.340118408 1.671570301 -0.032156374 0.999459326 -0.006857700 -0.018301278 -0.340157866 -0.004491981 0.940357625 16.846359253
0.937140942 0.032752454 0.347410619 1.782631636 -0.031861175 0.999458015 -0.008279234 -0.018087253 -0.347493500 -0.003310099 0.937676549 17.140911102
0.935894966 0.030118579 0.350989312 1.906239748 -0.028571447 0.999545753 -0.009587261 -0.030045733 -0.351118624 -0.001055602 0.936330378 17.449871063
0.936577678 0.028701017 0.349282831 2.018478632 -0.026386760 0.999586999 -0.011383074 -0.035217021 -0.349465281 0.001444692 0.936948180 17.736064911
0.937899113 0.025263706 0.345987022 2.123762846 -0.021407766 0.999658883 -0.014962304 -0.039989140 -0.346246988 0.006626323 0.938120008 18.017768860
0.939411819 0.023828655 0.341961503 2.222567797 -0.018552117 0.999653161 -0.018693076 -0.038094305 -0.342288345 0.011216386 0.939527988 18.298547745
0.942190707 0.026041279 0.334063739 2.313107729 -0.020671785 0.999593794 -0.019618830 -0.046856049 -0.334438950 0.011578985 0.942346275 18.583766937
0.945466638 0.032061882 0.324137092 2.393331766 -0.026416223 0.999413192 -0.021803768 -0.048775945 -0.324645966 0.012052258 0.945758820 18.858648300
0.948656976 0.037213109 0.314110100 2.470772505 -0.031351931 0.999227583 -0.023692768 -0.053751081 -0.314749151 0.012628351 0.949090898 19.153890610
0.952493191 0.040555511 0.301847547 2.536243200 -0.034725022 0.999092638 -0.024659354 -0.049934357 -0.302573740 0.013006207 0.953037262 19.423534393
0.956766188 0.037845962 0.288385361 2.612104654 -0.032882005 0.999216199 -0.022039639 -0.059510775 -0.288993448 0.011604091 0.957260728 19.708286285
0.960987568 0.033787720 0.274520099 2.683672667 -0.029068545 0.999351680 -0.021241818 -0.060330939 -0.275059849 0.012433222 0.961346686 19.978279114
0.965310395 0.031163258 0.259238690 2.745830774 -0.026673108 0.999427378 -0.020820908 -0.064610556 -0.259739101 0.013183937 0.965588808 20.247919083
0.969384015 0.031493679 0.243521541 2.794729710 -0.027291268 0.999414980 -0.020612288 -0.065357558 -0.244028226 0.013335211 0.969676435 20.512058258
0.973074496 0.031515878 0.228326052 2.839918613 -0.027881000 0.999428213 -0.019128645 -0.069431804 -0.228798360 0.012247639 0.973396778 20.774095535
0.976368546 0.032420684 0.213666469 2.884194851 -0.029559243 0.999425590 -0.016574176 -0.066806912 -0.214081094 0.009866684 0.976766050 21.033702850
0.979416072 0.031965867 0.199304655 2.920895100 -0.030400926 0.999478281 -0.010908092 -0.074895203 -0.199549362 0.004624515 0.979876876 21.293275833
0.982167721 0.032377005 0.185197979 2.950955153 -0.031703319 0.999475539 -0.006598591 -0.087946542 -0.185314491 0.000609533 0.982679069 21.528125763
0.984552205 0.033974472 0.171763614 2.984801531 -0.033297926 0.999422193 -0.006819245 -0.082576551 -0.171896055 0.000994531 0.985114574 21.778001785
0.986403346 0.034822553 0.160610646 3.004279137 -0.034105785 0.999392152 -0.007218238 -0.085579589 -0.160764381 0.001642342 0.986991465 22.008182526
0.988157928 0.035001196 0.149394751 3.027136326 -0.034121100 0.999381959 -0.008450956 -0.085884288 -0.149598211 0.003253367 0.988741517 22.229801178
0.989733338 0.032296121 0.139229715 3.053610563 -0.031398766 0.999469638 -0.008637439 -0.086625256 -0.139434829 0.004177120 0.990222454 22.459627151
0.991111994 0.029430680 0.129733860 3.080441236 -0.028685324 0.999559522 -0.007610579 -0.084180608 -0.129900709 0.003821478 0.991519630 22.690458298
0.992306352 0.026509825 0.120935425 3.100457191 -0.025964536 0.999644339 -0.006082785 -0.090452880 -0.121053666 0.002895954 0.992641747 22.909206390
0.993275225 0.026172666 0.112780154 3.113698959 -0.025821906 0.999656141 -0.004570015 -0.096302725 -0.112860985 0.001627085 0.993609428 23.124082565
0.994041979 0.027645495 0.105433919 3.122694969 -0.027334576 0.999616683 -0.004393098 -0.097990528 -0.105514959 0.001484933 0.994416595 23.328456879
0.994614065 0.031539809 0.098732188 3.126768112 -0.031238182 0.999501407 -0.004599781 -0.093009979 -0.098828040 0.001490793 0.995103419 23.521148682
0.995147645 0.034039754 0.092316881 3.136591673 -0.033804704 0.999419987 -0.004109124 -0.094948389 -0.092403211 0.000968441 0.995721221 23.718606949
0.995523453 0.036888242 0.087019213 3.138598680 -0.036536187 0.999316454 -0.005635485 -0.094386823 -0.087167606 0.002430907 0.996190667 23.898841858
0.995789468 0.038187224 0.083337270 3.146684885 -0.037771851 0.999264896 -0.006555764 -0.097537972 -0.083526351 0.003380357 0.996499836 24.066680908
0.995976567 0.039618380 0.080380894 3.157944441 -0.039216053 0.999209106 -0.006578388 -0.094609916 -0.080577947 0.003399699 0.996742487 24.246337891
0.996244788 0.039052710 0.077273689 3.171368837 -0.038773298 0.999234974 -0.005113489 -0.098036572 -0.077414267 0.002098131 0.996996820 24.402254105
0.996458173 0.038064990 0.074981205 3.185055256 -0.037889346 0.999274850 -0.003764145 -0.098184124 -0.075070113 0.000909824 0.997177839 24.566757202
0.996604562 0.037493382 0.073304586 3.193294764 -0.037383404 0.999296844 -0.002872234 -0.098371208 -0.073360734 0.000122107 0.997305453 24.715818405
0.996762037 0.036171719 0.071812391 3.202527761 -0.036093146 0.999345541 -0.002391951 -0.100407332 -0.071851917 -0.000207728 0.997415304 24.863817215
0.996842027 0.036275327 0.070640557 3.213362455 -0.036147311 0.999341667 -0.003090128 -0.100850865 -0.070706151 0.000526903 0.997497022 25.004581451
0.996803820 0.038425528 0.070040360 3.217058182 -0.038209662 0.999259949 -0.004419669 -0.102511182 -0.070158355 0.001729324 0.997534394 25.139745712
0.996768832 0.040595971 0.069309570 3.219553232 -0.040306255 0.999171853 -0.005573988 -0.105555907 -0.069478452 0.002762369 0.997579634 25.263345718
0.996751726 0.041717056 0.068889126 3.224898815 -0.041340746 0.999121428 -0.006879840 -0.108129233 -0.069115609 0.004009564 0.997600615 25.385253906
0.996782184 0.041297525 0.068700425 3.232223034 -0.040863421 0.999134958 -0.007712749 -0.110410094 -0.068959519 0.004880596 0.997607529 25.497961044
0.996833682 0.040053166 0.068690568 3.238519669 -0.039566889 0.999181390 -0.008425746 -0.110606059 -0.068971820 0.005681195 0.997602403 25.605939865
0.996915519 0.039010122 0.068100139 3.252650976 -0.038508084 0.999220669 -0.008669770 -0.107452534 -0.068385273 0.006020623 0.997640848 25.716766357
0.996962488 0.038502976 0.067699805 3.263388634 -0.037995484 0.999239445 -0.008768429 -0.108106010 -0.067985922 0.006169509 0.997667193 25.821685791
0.996990919 0.038188290 0.067459658 3.266940117 -0.037689883 0.999252081 -0.008646001 -0.110193782 -0.067739375 0.006077438 0.997684538 25.920766830
0.997016311 0.037533890 0.067451552 3.273223400 -0.037090089 0.999281347 -0.007820302 -0.111809388 -0.067696609 0.005295184 0.997691929 26.008243561
0.997048497 0.037037019 0.067249551 3.279473066 -0.036637612 0.999302924 -0.007163286 -0.113605171 -0.067467980 0.004678281 0.997710466 26.085569382
0.997054815 0.037398450 0.066955663 3.283459425 -0.036945395 0.999285340 -0.007992472 -0.113478169 -0.067206718 0.005495228 0.997723937 26.149965286
0.997000039 0.037956413 0.067455761 3.280147076 -0.037415639 0.999256849 -0.009262549 -0.115680322 -0.067757204 0.006710860 0.997679293 26.201858521
0.996955812 0.039530542 0.067204304 3.283798456 -0.038838100 0.999178410 -0.011579525 -0.111408725 -0.067606837 0.008934188 0.997672021 26.252431870
0.996934772 0.040850878 0.066724889 3.283571720 -0.040097989 0.999116480 -0.012584586 -0.112050906 -0.067180030 0.009870478 0.997692049 26.300411224
0.996872962 0.042077299 0.066886090 3.283680677 -0.041309733 0.999064147 -0.012818277 -0.110101968 -0.067362852 0.010015148 0.997678280 26.340776443
0.996840358 0.042633530 0.067020118 3.285991669 -0.041905202 0.999046683 -0.012236480 -0.112637833 -0.067477904 0.009389326 0.997676611 26.378194809
0.996827841 0.043622021 0.066568486 3.287959337 -0.042895630 0.999003828 -0.012303220 -0.110985443 -0.067038864 0.009408695 0.997705996 26.406908035
0.996798277 0.044187550 0.066638023 3.288043261 -0.043458078 0.998978794 -0.012357594 -0.113812581 -0.067116030 0.009422068 0.997700691 26.424673080
0.996770978 0.044689935 0.066711821 3.286042213 -0.043933805 0.998952985 -0.012759401 -0.116023496 -0.067212187 0.009787296 0.997690678 26.441228867
0.996787071 0.044999901 0.066261411 3.288472176 -0.044237215 0.998937309 -0.012933585 -0.116072968 -0.066773012 0.009960810 0.997718453 26.451057434
0.996741951 0.045495305 0.066601001 3.287529230 -0.044713017 0.998912811 -0.013190545 -0.114881620 -0.067128696 0.010169638 0.997692525 26.461894989
0.996762335 0.045443386 0.066330612 3.288444042 -0.044665579 0.998915255 -0.013163216 -0.115446761 -0.066856839 0.010157904 0.997710884 26.468694687
0.996754110 0.045595851 0.066349812 3.288300991 -0.044822834 0.998909116 -0.013093758 -0.114120439 -0.066874452 0.010077272 0.997710526 26.471330643
0.996747434 0.045588050 0.066455498 3.287814856 -0.044811677 0.998909175 -0.013127569 -0.116367593 -0.066981465 0.010106889 0.997703016 26.468273163
0.996731639 0.045982543 0.066419907 3.285634518 -0.045161620 0.998884261 -0.013809419 -0.115980729 -0.066980794 0.010764655 0.997696221 26.464618683
0.996743381 0.045901056 0.066299982 3.289461374 -0.045069959 0.998886049 -0.013977947 -0.116078541 -0.066867732 0.010944289 0.997701824 26.463598251
0.996741772 0.045932166 0.066302963 3.288904667 -0.045110416 0.998886168 -0.013839036 -0.115320243 -0.066864766 0.010802991 0.997703552 26.465955734
0.996741354 0.045825548 0.066382557 3.287514925 -0.044995390 0.998889804 -0.013948089 -0.115950301 -0.066948041 0.010915727 0.997696757 26.462940216
