1.000000000 0.000000000 0.000000000 0.000000000 0.000000000 1.000000000 0.000000000 0.000000000 0.000000000 0.000000000 1.000000000 0.000000000
0.999891520 -0.000006256 -0.014730163 -0.012571261 0.000073890 0.999989450 0.004590956 0.002461030 0.014729979 -0.004591546 0.999880970 0.358274579
0.999630153 -0.000476071 -0.027191076 -0.037090104 0.000880847 0.999888957 0.014876298 0.006928587 0.027180973 -0.014894747 0.999519527 0.724828839
0.999183476 0.003578830 -0.040244311 -0.069824278 -0.002649181 0.999728978 0.023129765 0.007988506 0.040316179 -0.023004266 0.998922110 1.077850580
0.998564661 0.004156992 -0.053398449 -0.102049917 -0.002869377 0.999703825 0.024167413 0.008538871 0.053483099 -0.023979504 0.998280764 1.419361949
0.997786045 0.005388454 -0.066286832 -0.140306011 -0.003927570 0.999746978 0.022149431 0.009215771 0.066389412 -0.021840047 0.997554719 1.753740907
0.996862829 0.002681539 -0.079103336 -0.168837786 -0.001013342 0.999776423 0.021121435 0.012902116 0.079142287 -0.020975014 0.996642649 2.090219736
0.995822966 0.003520076 -0.091237083 -0.215372950 -0.001873633 0.999833941 0.018125147 0.018006267 0.091285743 -0.017878493 0.995664239 2.419506311
0.994661868 0.005740977 -0.103028417 -0.267548889 -0.004208419 0.999877334 0.015086314 0.024217034 0.103102386 -0.014572194 0.994563997 2.748741627
0.993356407 0.009826502 -0.114658095 -0.323681414 -0.008351320 0.999876142 0.013339206 0.040673092 0.114774972 -0.012293039 0.993315458 3.083815098
0.991924644 0.008921816 -0.126514345 -0.369314939 -0.008013558 0.999938369 0.007686247 0.064126618 0.126575112 -0.006610348 0.991935015 3.401922941
0.990356684 0.006995495 -0.138364598 -0.430182129 -0.006031808 0.999954581 0.007382927 0.065724082 0.138409957 -0.006477143 0.990353823 3.729803324
0.988682508 0.004274403 -0.149962142 -0.478952825 -0.002499077 0.999924600 0.012024947 0.066201814 0.150002226 -0.011514088 0.988618612 4.060616016
0.986823797 0.004419380 -0.161738157 -0.535810709 -0.001960626 0.999880135 0.015358518 0.067405269 0.161786646 -0.014839044 0.986714184 4.382238865
0.984797359 0.003157058 -0.173678577 -0.605167985 -0.000712164 0.999899805 0.014137641 0.076551355 0.173705816 -0.013799023 0.984700918 4.693544865
0.982642293 0.003556591 -0.185476273 -0.673994601 -0.001115941 0.999911427 0.013261567 0.085082181 0.185506999 -0.012824397 0.982559264 5.009059906
0.980485618 0.006185680 -0.196493357 -0.753153145 -0.002847636 0.999846876 0.017266063 0.086636305 0.196570069 -0.016369585 0.980353117 5.320147514
0.978305042 0.007424105 -0.207036659 -0.836407661 -0.004766812 0.999899805 0.013330803 0.083220400 0.207114875 -0.012054686 0.978242338 5.626419067
0.975808322 0.006567115 -0.218529209 -0.913289249 -0.005562482 0.999970973 0.005212156 0.084920563 0.218557090 -0.003870500 0.975816488 5.939182281
0.973109126 0.001957118 -0.230336353 -0.993168175 -0.002445694 0.999995351 -0.001835656 0.079928063 0.230331674 0.002349625 0.973109365 6.235497475
0.970216572 -0.003912203 -0.242207602 -1.073962927 0.002123209 0.999968529 -0.007646778 0.095438518 0.242229894 0.006904773 0.970194340 6.546456337
0.967213154 -0.005573017 -0.253904849 -1.163406968 0.004138103 0.999972284 -0.006185130 0.103946738 0.253932297 0.004931654 0.967209399 6.868088722
0.964206874 -0.001872939 -0.265144527 -1.273162603 0.002048574 0.999997854 0.000385881 0.102227405 0.265143216 -0.000915237 0.964208603 7.193060875
0.960783422 0.000710839 -0.277298898 -1.376032710 0.000299822 0.999993443 0.003602244 0.120571643 0.277299643 -0.003544117 0.960776925 7.516412735
0.957307279 0.000628250 -0.289071590 -1.478563070 0.000389255 0.999993920 0.003462405 0.125149995 0.289072007 -0.003427108 0.957301259 7.827207565
0.954288960 0.001922128 -0.298879474 -1.605953693 -0.000786934 0.999992013 0.003918471 0.129245833 0.298884600 -0.003504155 0.954282820 8.136834145
0.950180411 0.008107435 -0.311595023 -1.723543882 -0.004248980 0.999905705 0.013059816 0.123136781 0.311671495 -0.011085221 0.950125277 8.461191177
0.946204424 0.010752881 -0.323390722 -1.839897394 -0.004320653 0.999778450 0.020601328 0.116712518 0.323540598 -0.018095810 0.946041226 8.779142380
0.942621946 0.005977838 -0.333808571 -1.956612945 0.001752654 0.999737322 0.022852493 0.116465636 0.333857477 -0.022126311 0.942363858 9.095377922
0.938544393 0.000327767 -0.345158398 -2.073143482 0.007158722 0.999765933 0.020415178 0.130559117 0.345084310 -0.021631442 0.938322365 9.407073975
0.934274077 -0.002825063 -0.356544495 -2.196391106 0.010431942 0.999757111 0.019413894 0.139265418 0.356403023 -0.021857349 0.934076667 9.720760345
0.929935336 0.003468802 -0.367706746 -2.343179703 0.003389180 0.999832153 0.018003311 0.153483614 0.367707491 -0.017988140 0.929767549 10.022506714
0.925306678 0.007722293 -0.379141062 -2.501671314 -0.001411332 0.999855816 0.016920524 0.162309855 0.379217058 -0.015121579 0.925184190 10.327570915
0.920173407 0.005336947 -0.391474634 -2.646472931 0.001470911 0.999852896 0.017088346 0.172246456 0.391508251 -0.016300067 0.920030236 10.650035858
0.915136218 0.001015095 -0.403143436 -2.791919708 0.007222198 0.999795079 0.018911837 0.183058932 0.403080016 -0.020218490 0.914941370 10.991768837
0.910143018 0.000816571 -0.414293379 -2.961441755 0.009452534 0.999696791 0.022736263 0.189333439 0.414186329 -0.024609374 0.909859359 11.327842712
0.904237330 0.005668386 -0.426992685 -3.149313450 0.005971819 0.999646246 0.025916893 0.205619499 0.426988572 -0.025984945 0.903883576 11.650802612
0.897226572 0.005190239 -0.441539973 -3.317889214 0.006645059 0.999659002 0.025253870 0.209928736 0.441520482 -0.025592502 0.896886110 12.060424805
0.890341520 0.003732385 -0.455278039 -3.500433922 0.007322807 0.999719679 0.022516211 0.217594102 0.455234438 -0.023381030 0.890064538 12.413964272
0.883650362 0.003521315 -0.468134254 -3.712882042 0.007071068 0.999757230 0.020867545 0.227560580 0.468094081 -0.021749822 0.883410931 12.763933182
0.875903726 0.000414234 -0.482485801 -3.921335936 0.010701286 0.999736965 0.020285407 0.231330007 0.482367307 -0.022931281 0.875668883 13.126110077
0.867476583 -0.004499475 -0.497457623 -4.149865150 0.015552784 0.999715567 0.018078892 0.243078783 0.497234792 -0.023419866 0.867299914 13.516180038
0.858868361 -0.008272640 -0.512129664 -4.384475708 0.017801074 0.999747634 0.013704004 0.260453403 0.511887074 -0.020886393 0.858798862 13.882802010
0.849513888 -0.005014377 -0.527542412 -4.638606548 0.012743887 0.999858081 0.011017968 0.275159031 0.527412295 -0.016082857 0.849457264 14.252756119
0.839287221 -0.001598113 -0.543685973 -4.909523010 0.009468943 0.999886990 0.011678121 0.275998890 0.543605864 -0.014949429 0.839207530 14.637656212
0.828358054 -0.000865827 -0.560198426 -5.179729462 0.010074947 0.999860108 0.013352335 0.281683058 0.560108483 -0.016704483 0.828250885 15.016834259
0.817485988 -0.001304054 -0.575947046 -5.460216522 0.011659841 0.999829948 0.014285904 0.292647570 0.575830519 -0.018393977 0.817362189 15.388184547
0.805964828 -0.002246776 -0.591959238 -5.741669178 0.013653617 0.999797344 0.014794964 0.306053579 0.591805995 -0.020006604 0.805832148 15.762411118
0.794677377 -0.000746979 -0.607031524 -6.040248871 0.013161279 0.999785364 0.015999420 0.313585550 0.606889307 -0.020703690 0.794516683 16.126346588
0.782936037 0.001077800 -0.622101307 -6.340073109 0.012574648 0.999766767 0.017557744 0.323439509 0.621975183 -0.021569295 0.782739878 16.488746643
0.771535099 0.003723105 -0.636175871 -6.647473335 0.010476221 0.999772906 0.018556241 0.330458462 0.636100531 -0.020981511 0.771320939 16.830404282
0.759927273 0.005057085 -0.649988472 -6.955424786 0.009707757 0.999769926 0.019128203 0.344149649 0.649935663 -0.020845974 0.759703338 17.180923462
0.748964369 0.005875884 -0.662584186 -7.271691322 0.009251527 0.999770463 0.019323733 0.353441894 0.662545681 -0.020602703 0.748738110 17.509044647
0.738022149 0.006519551 -0.674745023 -7.587260246 0.008716348 0.999777794 0.019193856 0.372063428 0.674720228 -0.020046802 0.737801313 17.842792511
0.727841377 0.007935465 -0.685699642 -7.908271790 0.007932427 0.999768734 0.019990064 0.388570786 0.685699701 -0.019988859 0.727610111 18.160573959
0.717923164 0.008682881 -0.696068227 -8.227631569 0.007650346 0.999763429 0.020361776 0.406455100 0.696080387 -0.019943353 0.717686832 18.476245880
0.708360314 0.009671972 -0.705784738 -8.555023193 0.006882041 0.999763966 0.020607775 0.411919594 0.705817461 -0.019454969 0.708126545 18.791248322
0.699760318 0.010075277 -0.714306653 -8.882177353 0.007189722 0.999750555 0.021144764 0.427168816 0.714341521 -0.019931933 0.699513316 19.089628220
0.691864371 0.011142830 -0.721941590 -9.211168289 0.006943113 0.999732018 0.022084249 0.446367890 0.721994162 -0.020291828 0.691601515 19.392650604
0.685153842 0.012298104 -0.728294611 -9.535320282 0.006315344 0.999719560 0.022822687 0.454059511 0.728371084 -0.020236483 0.684884071 19.677955627
0.679235220 0.012666057 -0.733811319 -9.861051559 0.005859951 0.999725580 0.022680037 0.463375211 0.733897269 -0.019705178 0.678974628 19.965139389
0.674785435 0.012927775 -0.737900794 -10.193658829 0.005360233 0.999734342 0.022416769 0.480063975 0.737994552 -0.019081831 0.674536884 20.248561859
0.671292424 0.012816978 -0.741081774 -10.512104034 0.006060115 0.999722123 0.022779571 0.499760211 0.741167843 -0.019782793 0.671028256 20.530384064
0.669061005 0.013211308 -0.743090034 -10.831406593 0.005938610 0.999715030 0.023120800 0.506390989 0.743183792 -0.019882146 0.668791890 20.814487457
0.668305516 0.012440220 -0.743782878 -11.142243385 0.006529952 0.999723554 0.022588292 0.517313182 0.743858278 -0.019952748 0.668039560 21.094619751
0.668853641 0.011602277 -0.743303597 -11.464288712 0.006377473 0.999751866 0.021343896 0.535009146 0.743366778 -0.019016342 0.668613672 21.373003006
0.670646787 0.010497202 -0.741702557 -11.768050194 0.006183774 0.999786019 0.019741181 0.542222857 0.741751075 -0.017825881 0.670438409 21.648258209
0.673881292 0.008203969 -0.738794088 -12.092294693 0.006098739 0.999842525 0.016665677 0.549069464 0.738814473 -0.015736399 0.673725128 21.940700531
0.679115236 0.004879449 -0.734015465 -12.413401604 0.006645869 0.999896049 0.012795717 0.573836088 0.734001637 -0.013567937 0.679012179 22.227888107
0.684984803 0.005088763 -0.728539586 -12.709850311 0.006251331 0.999897718 0.012861772 0.573468029 0.728530526 -0.013364460 0.684882998 22.524021149
0.691904008 0.006691826 -0.721958518 -13.016638756 0.005348348 0.999882102 0.014393598 0.592841506 0.721969724 -0.013820274 0.691786647 22.825677872
0.700491428 0.009710832 -0.713594794 -13.334842682 0.003297647 0.999852717 0.016843416 0.603128374 0.713653266 -0.014151852 0.700356185 23.133163452
0.710350752 0.012298631 -0.703740478 -13.632428169 0.000608089 0.999836206 0.018087029 0.620047152 0.703847647 -0.013276071 0.710226893 23.438865662
0.720681429 0.013600324 -0.693133056 -13.917765617 -0.000237049 0.999812305 0.019371370 0.625074863 0.693266392 -0.013796280 0.720549345 23.760662079
0.731728435 0.014082020 -0.681450725 -14.192033768 -0.001250772 0.999812603 0.019317839 0.622802377 0.681595087 -0.013283073 0.731608987 24.077640533
0.744412422 0.013709440 -0.667579353 -14.478842735 -0.002040731 0.999831259 0.018256977 0.627145052 0.667716980 -0.012228372 0.744314790 24.403774261
0.757892430 0.013680316 -0.652236104 -14.751403809 -0.004044005 0.999859393 0.016272439 0.644778192 0.652367055 -0.009695112 0.757841229 24.727596283
0.771936476 0.015499030 -0.635510743 -15.011126518 -0.007515313 0.999855399 0.015256146 0.652047634 0.635655284 -0.007000714 0.771941304 25.044258118
0.785561621 0.016411634 -0.618565798 -15.274662018 -0.010270542 0.999856353 0.013484634 0.664789259 0.618698239 -0.004240007 0.785617292 25.383558273
0.798820376 0.014952035 -0.601383805 -15.488142014 -0.009457950 0.999879658 0.012296692 0.668203056 0.601495326 -0.004134991 0.798865676 25.704227448
0.812394440 0.013708805 -0.582947075 -15.714499474 -0.008962896 0.999899089 0.011023323 0.675541222 0.583039403 -0.003730392 0.812435329 26.047573090
0.826433957 0.013544518 -0.562870741 -15.939885139 -0.009980543 0.999905944 0.009407105 0.679626048 0.562945187 -0.002156596 0.826491416 26.389842987
0.840309024 0.013603682 -0.541936994 -16.172340393 -0.011031630 0.999907196 0.007994364 0.681256950 0.541995406 -0.000739290 0.840381145 26.752452850
0.854022861 0.010843853 -0.520122468 -16.381303787 -0.008251666 0.999939322 0.007298442 0.686850190 0.520170033 -0.001941159 0.854060531 27.120254517
0.866935253 0.008675271 -0.498345226 -16.566398621 -0.005887302 0.999957025 0.007165690 0.697108090 0.498385966 -0.003278281 0.866949081 27.489830017
0.879625201 0.007164328 -0.475613475 -16.754972458 -0.004201061 0.999964595 0.007293141 0.708900750 0.475648880 -0.004417150 0.879624188 27.874427795
0.891899943 0.007781697 -0.452165931 -16.944183350 -0.004840032 0.999958932 0.007662131 0.710882604 0.452206969 -0.004645356 0.891900957 28.262693405
0.903389931 0.010132931 -0.428700328 -17.127613068 -0.007846730 0.999944031 0.007099850 0.716469169 0.428748280 -0.003050038 0.903418839 28.659572601
0.914208829 0.012224373 -0.405059040 -17.292676926 -0.010076462 0.999921620 0.007434533 0.719643056 0.405118167 -0.002715154 0.914260328 29.061851501
0.923868537 0.010372297 -0.382569462 -17.441814423 -0.007855161 0.999935985 0.008140998 0.721244574 0.382629424 -0.004516067 0.923890889 29.472076416
0.933197796 0.008088938 -0.359272093 -17.589059830 -0.005724546 0.999954402 0.007644443 0.732713997 0.359317541 -0.005077108 0.933201551 29.898723602
0.942200601 0.009180463 -0.334923476 -17.734254837 -0.006759245 0.999941945 0.008394050 0.735257387 0.334981084 -0.005645049 0.942207932 30.328777313
0.950218379 0.011637875 -0.311367333 -17.866153717 -0.009574302 0.999920905 0.008155247 0.743183732 0.311437607 -0.004768141 0.950254619 30.767841339
0.957592845 0.013682266 -0.287799954 -18.002004623 -0.011627164 0.999893248 0.008848914 0.751783967 0.287890285 -0.005127360 0.957649708 31.227416992
0.963967264 0.015112778 -0.265591264 -18.101900101 -0.012730641 0.999861836 0.010688487 0.753737867 0.265716106 -0.006922204 0.964026451 31.683214188
0.970089376 0.018585876 -0.242035568 -18.206829071 -0.016423272 0.999805152 0.010949683 0.764936030 0.242191926 -0.006647155 0.970205605 32.145629883
0.975741088 0.022437148 -0.217774928 -18.302911758 -0.020780098 0.999735117 0.009896498 0.776010096 0.217939287 -0.005131037 0.975948870 32.606723785
0.980873942 0.024747949 -0.193064258 -18.382089615 -0.023450807 0.999684453 0.009001435 0.782462358 0.193226099 -0.004301761 0.981144845 33.080959320
0.985507488 0.025803665 -0.167657778 -18.465137482 -0.024601962 0.999654591 0.009241051 0.786221087 0.167838320 -0.004982415 0.985801935 33.578166962
0.989421487 0.026716312 -0.142588213 -18.518623352 -0.025658883 0.999627948 0.009249874 0.794792056 0.142782286 -0.005493370 0.989738882 34.073246002
0.992785931 0.027811924 -0.116630152 -18.563348770 -0.026758514 0.999585867 0.010588428 0.803163230 0.116876327 -0.007391193 0.993119001 34.577285767
0.995317996 0.031007728 -0.091545455 -18.599590302 -0.030006936 0.999474168 0.012288744 0.809174418 0.091878362 -0.009484209 0.995725095 35.082378387
0.997203946 0.032496225 -0.067292579 -18.626037598 -0.031667259 0.999409318 0.013349363 0.817238748 0.067686632 -0.011181065 0.997643948 35.602993011
0.998494327 0.033429146 -0.043491554 -18.634582520 -0.032863431 0.999366522 0.013658226 0.827189982 0.043920588 -0.012208380 0.998960435 36.129264832
0.999186218 0.035118941 -0.019838547 -18.631111145 -0.034868322 0.999309421 0.012840827 0.835762799 0.020275803 -0.012138641 0.999720752 36.667808533
0.999368727 0.035218783 0.004670931 -18.616783142 -0.035269301 0.999314904 0.011214190 0.846261680 -0.004272780 -0.011371852 0.999926209 37.214881897
0.998948455 0.035799082 0.028643085 -18.583265305 -0.036108028 0.999294400 0.010342321 0.857828379 -0.028252628 -0.011365691 0.999536216 37.763973236
0.997920275 0.037067138 0.052736312 -18.548807144 -0.037626863 0.999245167 0.009660384 0.865107358 -0.052338421 -0.011624595 0.998561740 38.330574036
0.996457279 0.038063601 0.074993677 -18.491481781 -0.038837317 0.999206066 0.008885389 0.872170091 -0.074595928 -0.011766464 0.997144401 38.899574280
0.994546771 0.038586706 0.096890479 -18.424449921 -0.039627410 0.999175429 0.008839098 0.882732093 -0.096469514 -0.012630415 0.995255828 39.485591888
0.992097437 0.039139371 0.119208850 -18.348209381 -0.040592227 0.999127924 0.009782895 0.887086987 -0.118721992 -0.014544539 0.992820978 40.077102661
0.989284933 0.038847752 0.140734285 -18.249668121 -0.040758785 0.999111474 0.010721024 0.895871937 -0.140192747 -0.016342305 0.989989340 40.661205292
0.985989809 0.039008778 0.162180290 -18.146842957 -0.041418687 0.999075651 0.011503757 0.899853528 -0.161581635 -0.018059881 0.986694098 41.265060425
0.982468009 0.037994988 0.182518482 -18.026620865 -0.040842608 0.999095142 0.011867006 0.908985972 -0.181902438 -0.019113485 0.983130813 41.849666595
0.978649199 0.038014900 0.201991722 -17.909881592 -0.041122880 0.999091208 0.011210964 0.913684011 -0.201381966 -0.019278081 0.979323089 42.447063446
0.974818707 0.037469823 0.219828367 -17.769523621 -0.040737271 0.999116302 0.010347805 0.919825733 -0.219246387 -0.019042442 0.975483656 43.033138275
0.970677853 0.038276568 0.237317026 -17.614416122 -0.041614186 0.999092579 0.009068610 0.925370812 -0.236754566 -0.018678453 0.971389949 43.610839844
0.965959787 0.039390698 0.255675793 -17.466623306 -0.042623390 0.999065876 0.007112825 0.933151722 -0.255156785 -0.017768471 0.966736436 44.194103241
0.961204886 0.038760722 0.273098439 -17.280624390 -0.041994683 0.999099791 0.006003947 0.926635385 -0.272619873 -0.017239703 0.961967349 44.787910461
0.956185937 0.037477650 0.290351391 -17.094804764 -0.040778294 0.999154031 0.005323499 0.929093957 -0.289906263 -0.016930290 0.956905305 45.359836578
0.950566173 0.037253708 0.308279395 -16.905368805 -0.040642034 0.999163270 0.004575093 0.938532770 -0.307851017 -0.016878029 0.951284885 45.933254242
0.944800138 0.037988830 0.325437486 -16.694698334 -0.041592374 0.999126196 0.004120137 0.943862677 -0.324996591 -0.017428422 0.945554614 46.498806000
0.938580275 0.037971191 0.342965454 -16.495878220 -0.042101599 0.999102712 0.004602827 0.941272616 -0.342482954 -0.018759517 0.939336717 47.059963226
0.932251334 0.036274869 0.359988362 -16.261188507 -0.040542107 0.999168515 0.004307711 0.943816423 -0.359532803 -0.018610556 0.932946861 47.623798370
0.925564945 0.032565840 0.377185643 -16.023313522 -0.036696311 0.999319375 0.003767763 0.951424658 -0.376806200 -0.017328629 0.926129997 48.195320129
0.918619692 0.026927996 0.394224197 -15.773251534 -0.031147923 0.999505520 0.004308246 0.954389095 -0.393913239 -0.016236905 0.919004202 48.745883942
0.911970854 0.021980191 0.409665704 -15.505029678 -0.026295818 0.999642193 0.004903254 0.958264649 -0.409411341 -0.015244119 0.912222564 49.292339325
0.905444682 0.016186304 0.424155533 -15.232825279 -0.020387758 0.999777734 0.005368974 0.962251782 -0.423974365 -0.013508889 0.905573428 49.843559265
0.900618970 0.009566735 0.434504330 -14.951544762 -0.013467224 0.999891937 0.005898988 0.961341798 -0.434400946 -0.011164307 0.900650442 50.378902435
0.897146165 0.003565124 0.441719502 -14.667757988 -0.006644463 0.999963224 0.005424395 0.962547183 -0.441683888 -0.007801463 0.897136807 50.930835724
0.894704401 -0.001804024 0.446655095 -14.396130562 -0.000197415 0.999990165 0.004434371 0.961801350 -0.446658671 -0.004055628 0.894695222 51.479404449
0.893178046 -0.006308050 0.449659020 -14.119574547 0.005371816 0.999979913 0.003357957 0.968368471 -0.449671179 -0.000583767 0.893193960 52.024337769
0.893196285 -0.010084786 0.449553907 -13.835095406 0.010078150 0.999946296 0.002407894 0.971572936 -0.449554056 0.002379949 0.893249989 52.572654724
0.894216418 -0.014293859 0.447406679 -13.548604965 0.014837528 0.999887288 0.002289387 0.973147273 -0.447388977 0.004591201 0.894327700 53.136909485
0.896442652 -0.015743135 0.442880034 -13.287149429 0.014990439 0.999874115 0.005200243 0.978599012 -0.442906141 0.001977245 0.896565795 53.692569733
0.900154769 -0.018271795 0.435186744 -13.019021988 0.015953632 0.999832392 0.008980040 0.982559085 -0.435277909 -0.001140617 0.900295436 54.268672943
0.904511333 -0.021925200 0.425885648 -12.752865791 0.018028053 0.999750614 0.013179957 0.994480014 -0.426068395 -0.004243532 0.904680967 54.841823578
0.909688652 -0.027713429 0.414365232 -12.485689163 0.022792101 0.999598742 0.016817519 1.003294349 -0.414665043 -0.005854454 0.909955323 55.429595947
0.915482759 -0.027493868 0.401416779 -12.236410141 0.021823544 0.999587059 0.018692389 1.010903358 -0.401764959 -0.008352226 0.915704727 56.022178650
0.921173334 -0.024623016 0.388372838 -11.998798370 0.019504888 0.999663234 0.017115876 1.040480971 -0.388663501 -0.008191521 0.921343386 56.625648499
0.926961124 -0.022997629 0.374451816 -11.771665573 0.018048482 0.999697328 0.016718907 1.033819675 -0.374722958 -0.008739491 0.927095652 57.217430115
0.932668209 -0.023898551 0.359942973 -11.540225983 0.019711668 0.999688625 0.015298714 1.048956156 -0.360196531 -0.007173548 0.932848871 57.823867798
0.937790692 -0.023598848 0.346398205 -11.319060326 0.020030998 0.999703050 0.013876972 1.058653116 -0.346622825 -0.006074995 0.937984943 58.443054199
0.942652524 -0.021285415 0.333096325 -11.113815308 0.017942848 0.999753058 0.013108189 1.071398735 -0.333293110 -0.006379771 0.942801654 59.070293427
0.947507501 -0.018277880 0.319210678 -10.915392876 0.015023766 0.999807060 0.012653782 1.078123331 -0.319380373 -0.007193807 0.947599292 59.703620911
0.951825798 -0.017184649 0.306157440 -10.724563599 0.013502573 0.999808848 0.014140654 1.087348580 -0.306341916 -0.009325527 0.951875865 60.334434509
0.955542862 -0.016586699 0.294385374 -10.553471565 0.012571468 0.999800444 0.015526630 1.106211185 -0.294584155 -0.011135504 0.955560684 61.013294220
0.959424913 -0.015357175 0.281545818 -10.367406845 0.010627354 0.999775708 0.018318808 1.122341752 -0.281764001 -0.014583433 0.959372938 61.670398712
0.962614655 -0.014795709 0.270470172 -10.204298019 0.009588079 0.999742508 0.020565210 1.137961745 -0.270704806 -0.017203083 0.962508678 62.334629059
0.965550840 -0.013504537 0.259863764 -10.039476395 0.008562524 0.999760509 0.020140365 1.150049448 -0.260073513 -0.017221458 0.965435266 62.996440887
0.968348026 -0.012519794 0.249289706 -9.874447823 0.008323800 0.999805510 0.017878892 1.161962390 -0.249465063 -0.015237953 0.968263924 63.681896210
0.970662355 -0.009960483 0.240240172 -9.719943047 0.006756872 0.999876976 0.014155069 1.176106095 -0.240351602 -0.012116522 0.970610261 64.331214905
0.972636580 -0.008572649 0.232173741 -9.566408157 0.006359333 0.999926925 0.010279815 1.196267843 -0.232244909 -0.008522054 0.972620010 65.003417969
0.974267781 -0.010043630 0.225169688 -9.413339615 0.007974449 0.999917209 0.010097052 1.201646209 -0.225252450 -0.008041629 0.974267244 65.678947449
