1.000000000 0.000000000 0.000000000 0.000000000 0.000000000 1.000000000 0.000000000 0.000000000 0.000000000 0.000000000 1.000000000 0.000000000
1.000000000 -0.000000395 0.000006806 -0.000142284 0.000000395 1.000000000 0.000046496 -0.000139080 -0.000006806 -0.000046496 1.000000000 0.000188392
1.000000000 0.000000123 0.000017360 -0.000611584 -0.000000122 1.000000000 -0.000004442 0.000303025 -0.000017360 0.000004442 1.000000000 -0.000207885
1.000000000 -0.000050761 -0.000002927 0.000204372 0.000050762 1.000000000 0.000052873 -0.000045234 0.000002925 -0.000052873 1.000000000 0.000865067
1.000000000 0.000021658 -0.000015039 0.000190261 -0.000021658 1.000000000 0.000009816 -0.000081739 0.000015039 -0.000009816 1.000000000 0.000314054
1.000000000 -0.000014174 0.000007808 -0.000254627 0.000014174 1.000000000 0.000007236 0.000259887 -0.000007808 -0.000007236 1.000000000 0.000470133
1.000000000 -0.000010101 0.000024663 0.000110294 0.000010100 1.000000000 0.000030909 0.000133244 -0.000024663 -0.000030909 1.000000000 0.000947108
1.000000000 -0.000064093 0.000018276 0.000417394 0.000064093 1.000000000 0.000003528 0.000046885 -0.000018276 -0.000003527 1.000000000 0.000474443
1.000000000 -0.000001080 0.000000627 -0.000149807 0.000001080 1.000000000 0.000001554 0.000436473 -0.000000627 -0.000001554 1.000000000 0.000838014
1.000000000 -0.000003959 0.000002664 -0.000167388 0.000003959 1.000000000 0.000027091 -0.000120384 -0.000002664 -0.000027091 1.000000000 -0.000097977
1.000000000 -0.000011260 0.000003437 -0.000601093 0.000011260 1.000000000 0.000023395 -0.000205084 -0.000003437 -0.000023395 1.000000000 -0.000154855
1.000000000 0.000028049 0.000022431 -0.000472860 -0.000028050 1.000000000 0.000016044 0.000271127 -0.000022430 -0.000016045 1.000000000 0.000846043
1.000000000 0.000030447 0.000056672 -0.000950799 -0.000030447 1.000000000 0.000003007 0.000171645 -0.000056672 -0.000003009 1.000000000 0.001330428
1.000000000 -0.000019083 0.000014023 -0.000673500 0.000019083 1.000000000 0.000032110 -0.000386726 -0.000014023 -0.000032110 1.000000000 -0.001141839
1.000000000 0.000077724 0.000030710 -0.000380095 -0.000077723 1.000000000 -0.000031168 0.000310272 -0.000030713 0.000031165 1.000000000 0.000401176
1.000000000 0.000033644 0.000012963 -0.000681459 -0.000033644 1.000000000 -0.000020449 0.000110841 -0.000012964 0.000020448 1.000000000 0.000483949
1.000000000 -0.000051052 0.000042733 -0.000478387 0.000051050 1.000000000 0.000037069 -0.000064859 -0.000042735 -0.000037067 1.000000000 0.000706685
1.000000000 0.000026091 0.000057051 -0.001584740 -0.000026090 1.000000000 -0.000015084 -0.000156448 -0.000057051 0.000015083 1.000000000 -0.000360773
1.000000000 0.000003172 0.000051924 -0.000553656 -0.000003170 1.000000000 -0.000024405 0.000283966 -0.000051924 0.000024405 1.000000000 0.000245942
1.000000000 0.000012486 0.000011174 0.000048758 -0.000012486 1.000000000 0.000008269 0.000008002 -0.000011174 -0.000008269 1.000000000 0.000957239
1.000000000 -0.000040729 0.000026185 -0.000095333 0.000040728 1.000000000 0.000032226 -0.000437573 -0.000026187 -0.000032225 1.000000000 -0.000236828
1.000000000 -0.000032475 0.000043543 -0.000767044 0.000032474 1.000000000 0.000038127 -0.000229223 -0.000043544 -0.000038126 1.000000000 0.000921666
1.000000000 -0.000004217 0.000023374 -0.000569907 0.000004216 1.000000000 0.000014726 -0.000191386 -0.000023374 -0.000014726 1.000000000 -0.000281016
1.000000000 -0.000026030 0.000054410 -0.001047864 0.000026030 1.000000000 0.000011149 0.000026715 -0.000054410 -0.000011148 1.000000000 -0.000315388
1.000000000 0.000029600 0.000034251 -0.000526632 -0.000029600 1.000000000 0.000020151 -0.000106539 -0.000034251 -0.000020152 1.000000000 -0.000391661
1.000000000 -0.000031056 0.000022509 -0.000315999 0.000031055 1.000000000 0.000040959 -0.000587935 -0.000022510 -0.000040958 1.000000000 -0.000960337
1.000000000 -0.000004944 0.000026064 -0.000117901 0.000004943 1.000000000 0.000046505 -0.000454251 -0.000026065 -0.000046505 1.000000000 -0.000276886
1.000000000 -0.000016268 0.000012605 -0.000151660 0.000016268 1.000000000 -0.000016838 0.000099806 -0.000012605 0.000016838 1.000000000 0.000204121
1.000000000 -0.000021815 0.000044305 -0.000468750 0.000021815 1.000000000 -0.000006902 0.000278795 -0.000044305 0.000006903 1.000000000 0.000546937
1.000000000 0.000018805 0.000019296 -0.000570231 -0.000018805 1.000000000 0.000001512 0.000059035 -0.000019296 -0.000001513 1.000000000 -0.000408916
1.000000000 0.000006695 -0.000001844 -0.000307317 -0.000006695 1.000000000 -0.000003764 -0.000035370 0.000001844 0.000003764 1.000000000 -0.000425502
1.000000000 -0.000034781 0.000038922 -0.000360339 0.000034777 1.000000000 0.000090825 -0.000820924 -0.000038926 -0.000090823 1.000000000 0.000091132
1.000000000 -0.000036905 0.000049962 -0.000774172 0.000036904 1.000000000 0.000023905 -0.000305751 -0.000049962 -0.000023904 1.000000000 -0.000773956
1.000000000 -0.000045479 0.000020277 0.000352734 0.000045478 1.000000000 0.000011558 -0.000179458 -0.000020278 -0.000011557 1.000000000 0.000329292
1.000000000 -0.000063080 0.000038665 -0.000654483 0.000063077 1.000000000 0.000067344 -0.000652738 -0.000038669 -0.000067341 1.000000000 -0.000156755
1.000000000 -0.000066702 0.000060997 -0.001285505 0.000066703 1.000000000 -0.000006136 0.000326207 -0.000060997 0.000006140 1.000000000 0.000089059
1.000000000 0.000000780 0.000075439 -0.000677823 -0.000000782 1.000000000 0.000022971 0.000042919 -0.000075439 -0.000022971 1.000000000 0.000534031
1.000000000 0.000028918 0.000048004 -0.000994823 -0.000028919 1.000000000 0.000027628 -0.000427564 -0.000048003 -0.000027630 1.000000000 0.000305436
1.000000000 -0.000071887 0.000034761 -0.000817189 0.000071887 1.000000000 0.000012113 0.000509102 -0.000034761 -0.000012110 1.000000000 0.001804446
1.000000000 -0.000013950 0.000027509 -0.000635270 0.000013949 1.000000000 0.000043581 -0.000028160 -0.000027509 -0.000043581 1.000000000 0.001213550
1.000000000 0.000018296 0.000052578 -0.000681744 -0.000018298 1.000000000 0.000042410 -0.000175571 -0.000052577 -0.000042411 1.000000000 0.000812800
1.000000000 0.000037765 0.000026026 -0.000264260 -0.000037767 1.000000000 0.000050506 -0.000010584 -0.000026024 -0.000050507 1.000000000 0.000603217
1.000000000 -0.000038029 0.000031472 0.000455621 0.000038028 1.000000000 0.000013212 0.000033233 -0.000031473 -0.000013210 1.000000000 -0.000672784
1.000000000 0.000026295 0.000048705 -0.000715409 -0.000026294 1.000000000 -0.000016805 0.000316044 -0.000048705 0.000016804 1.000000000 0.000764711
1.000000000 0.000024543 0.000048678 -0.000796709 -0.000024544 1.000000000 0.000016728 -0.000149959 -0.000048677 -0.000016729 1.000000000 -0.000765302
1.000000000 -0.000002296 0.000080099 -0.000871372 0.000002297 1.000000000 -0.000007666 0.000080862 -0.000080099 0.000007666 1.000000000 0.000532194
1.000000000 0.000064998 0.000063624 -0.001599090 -0.000065000 1.000000000 0.000027948 -0.000168901 -0.000063622 -0.000027952 1.000000000 -0.000753749
1.000000000 0.000013887 0.000021216 -0.000467805 -0.000013888 1.000000000 0.000035551 -0.000407608 -0.000021216 -0.000035551 1.000000000 0.001032775
1.000000000 -0.000018991 0.000046885 -0.000730214 0.000018989 1.000000000 0.000040128 -0.000343524 -0.000046886 -0.000040128 1.000000000 0.000116062
1.000000000 0.000013940 0.000066918 -0.000750802 -0.000013942 1.000000000 0.000021329 -0.000270721 -0.000066917 -0.000021330 1.000000000 -0.000256154
1.000000000 -0.000000359 0.000030985 -0.000151920 0.000000358 1.000000000 0.000034659 -0.000350567 -0.000030985 -0.000034659 1.000000000 0.000504090
1.000000000 -0.000059110 0.000052022 -0.000525986 0.000059107 1.000000000 0.000062304 -0.000681746 -0.000052026 -0.000062301 1.000000000 0.000320729
1.000000000 -0.000048395 0.000032318 -0.000394957 0.000048394 1.000000000 0.000050632 -0.000533523 -0.000032321 -0.000050630 1.000000000 0.000911782
1.000000000 -0.000053115 0.000086063 -0.000902947 0.000053116 1.000000000 -0.000013690 0.000095739 -0.000086062 0.000013695 1.000000000 -0.000678160
1.000000000 -0.000069134 0.000074925 -0.000394991 0.000069130 1.000000000 0.000051308 -0.000135984 -0.000074928 -0.000051302 1.000000000 -0.000670464
1.000000000 -0.000053578 0.000063518 -0.000837178 0.000053580 1.000000000 -0.000025789 0.000234875 -0.000063517 0.000025792 1.000000000 0.000673926
1.000000000 -0.000039324 0.000041472 -0.000868810 0.000039323 1.000000000 0.000039501 -0.000243376 -0.000041473 -0.000039500 1.000000000 -0.000123384
1.000000000 -0.000032121 0.000055563 -0.000244500 0.000032120 1.000000000 0.000017938 -0.000009063 -0.000055564 -0.000017936 1.000000000 -0.000789440
1.000000000 -0.000014607 0.000084156 -0.000264154 0.000014607 1.000000000 0.000002241 0.000146333 -0.000084156 -0.000002240 1.000000000 0.000251490
1.000000000 -0.000066367 0.000088779 -0.001231580 0.000066357 1.000000000 0.000111225 -0.000715341 -0.000088787 -0.000111219 1.000000000 0.000555657
1.000000000 -0.000064490 0.000070884 -0.000411837 0.000064489 1.000000000 0.000020044 -0.000439546 -0.000070885 -0.000020040 1.000000000 -0.003478354
1.000000000 -0.000083634 0.000062528 -0.000502668 0.000083630 1.000000000 0.000063782 -0.000441864 -0.000062533 -0.000063777 1.000000000 -0.001050341
1.000000000 0.000004515 0.000105524 -0.000634564 -0.000004514 1.000000000 -0.000011619 -0.000108461 -0.000105524 0.000011618 1.000000000 -0.001379525
1.000000000 -0.000082494 0.000045610 -0.000648588 0.000082493 1.000000000 0.000020798 0.000267357 -0.000045611 -0.000020794 1.000000000 -0.000317267
1.000000000 0.000025736 0.000064963 -0.000760813 -0.000025737 1.000000000 0.000023420 -0.000001705 -0.000064962 -0.000023422 1.000000000 0.000126925
1.000000000 -0.000025040 0.000054290 -0.000311907 0.000025038 1.000000000 0.000030847 -0.000557643 -0.000054290 -0.000030846 1.000000000 -0.001406616
1.000000000 -0.000004217 0.000042293 -0.000341373 0.000004214 1.000000000 0.000068416 -0.000427448 -0.000042293 -0.000068416 1.000000000 0.000019286
1.000000000 -0.000021507 0.000079204 -0.000583226 0.000021505 1.000000000 0.000029364 -0.000679675 -0.000079205 -0.000029362 1.000000000 -0.001369064
1.000000000 -0.000106853 0.000057733 -0.000579403 0.000106853 1.000000000 -0.000002215 -0.000247793 -0.000057733 0.000002221 1.000000000 -0.002265932
1.000000000 -0.000134767 0.000039536 -0.000434877 0.000134764 1.000000000 0.000088219 -0.000707143 -0.000039548 -0.000088213 1.000000000 0.000174261
1.000000000 -0.000079752 0.000048087 -0.000339709 0.000079751 1.000000000 0.000020539 -0.000044631 -0.000048089 -0.000020535 1.000000000 0.000557975
1.000000000 -0.000039223 0.000036744 -0.000316616 0.000039223 1.000000000 0.000001964 0.000494737 -0.000036744 -0.000001962 1.000000000 0.001982714
1.000000000 -0.000011427 0.000093590 -0.001095065 0.000011429 1.000000000 -0.000020912 0.000390206 -0.000093590 0.000020913 1.000000000 -0.000306175
1.000000000 0.000027617 0.000053928 -0.001720319 -0.000027618 1.000000000 0.000011129 0.000039862 -0.000053928 -0.000011130 1.000000000 -0.000323236
1.000000000 -0.000006537 0.000072571 -0.000183499 0.000006533 1.000000000 0.000051681 -0.000338087 -0.000072572 -0.000051681 1.000000000 0.000044591
1.000000000 -0.000069528 0.000068085 -0.000959965 0.000069527 1.000000000 0.000017759 0.000184496 -0.000068086 -0.000017754 1.000000000 0.000087629
1.000000000 -0.000005636 0.000086714 -0.001025534 0.000005631 1.000000000 0.000049394 0.000265921 -0.000086714 -0.000049394 1.000000000 0.001144017
1.000000000 -0.000109036 0.000080900 -0.000147009 0.000109033 1.000000000 0.000044952 -0.000457034 -0.000080905 -0.000044943 1.000000000 -0.002044013
1.000000000 -0.000116143 0.000019686 -0.000631040 0.000116141 1.000000000 0.000063020 -0.000393607 -0.000019693 -0.000063018 1.000000000 0.001183333
1.000000000 0.000003609 0.000093654 -0.001154945 -0.000003616 1.000000000 0.000073317 -0.000481246 -0.000093654 -0.000073318 1.000000000 0.000343568
1.000000000 -0.000018609 0.000058189 -0.000488745 0.000018606 1.000000000 0.000037492 -0.000945917 -0.000058190 -0.000037491 1.000000000 -0.001338196
1.000000000 -0.000042745 0.000033734 -0.000496588 0.000042742 1.000000000 0.000075808 -0.000629967 -0.000033737 -0.000075807 1.000000000 0.000414099
1.000000000 0.000014183 0.000102500 -0.001411948 -0.000014183 1.000000000 -0.000001348 -0.000072981 -0.000102500 0.000001346 1.000000000 -0.000639496
1.000000000 -0.000048770 0.000025852 -0.000127333 0.000048768 1.000000000 0.000061130 -0.000533497 -0.000025855 -0.000061128 1.000000000 0.000416020
1.000000000 0.000009116 0.000045245 -0.000496288 -0.000009117 1.000000000 0.000017249 -0.000226959 -0.000045244 -0.000017250 1.000000000 -0.000204557
1.000000000 0.000004626 0.000051610 -0.000631030 -0.000004626 1.000000000 0.000001862 -0.000030590 -0.000051610 -0.000001862 1.000000000 0.000123720
1.000000000 -0.000065854 -0.000010775 -0.000122177 0.000065854 1.000000000 0.000027984 0.000177806 0.000010773 -0.000027985 1.000000000 0.000040999
1.000000000 -0.000047030 0.000036044 -0.000713232 0.000047030 1.000000000 0.000000359 0.000220783 -0.000036044 -0.000000357 1.000000000 -0.001173950
1.000000000 -0.000066991 0.000062625 -0.000162559 0.000066988 1.000000000 0.000050713 -0.000701136 -0.000062628 -0.000050709 1.000000000 -0.001732155
1.000000000 -0.000086103 0.000005337 0.000886015 0.000086103 1.000000000 0.000078683 -0.000565456 -0.000005343 -0.000078683 1.000000000 -0.000941293
1.000000000 -0.000083916 -0.000009420 -0.000450965 0.000083916 1.000000000 -0.000005507 0.000171623 0.000009420 0.000005506 1.000000000 0.001152139
1.000000000 -0.000097616 -0.000000551 -0.000669343 0.000097616 1.000000000 0.000028087 0.000148823 0.000000548 -0.000028087 1.000000000 0.002010496
1.000000000 -0.000084765 0.000069315 -0.000293371 0.000084762 1.000000000 0.000042165 0.000399946 -0.000069319 -0.000042159 1.000000000 0.000161910
1.000000000 -0.000083631 0.000015500 -0.000540404 0.000083631 1.000000000 0.000031358 0.000052200 -0.000015503 -0.000031357 1.000000000 0.000520216
1.000000000 -0.000108422 0.000008894 -0.000260044 0.000108421 1.000000000 0.000121724 -0.000593551 -0.000008907 -0.000121723 1.000000000 0.001151264
1.000000000 -0.000049516 0.000070283 -0.001024586 0.000049512 1.000000000 0.000058339 -0.000954261 -0.000070285 -0.000058336 1.000000000 -0.001202643
1.000000000 -0.000085095 0.000013396 0.000026350 0.000085093 1.000000000 0.000098119 -0.000760474 -0.000013405 -0.000098118 1.000000000 0.001142291
1.000000000 0.000003595 0.000000431 -0.000604561 -0.000003595 1.000000000 0.000037682 0.000240012 -0.000000431 -0.000037682 1.000000000 0.000776016
1.000000000 -0.000064230 0.000013588 -0.000286283 0.000064229 1.000000000 0.000038772 0.000048051 -0.000013590 -0.000038772 1.000000000 0.000413465
1.000000000 0.000002517 0.000047497 -0.000149240 -0.000002519 1.000000000 0.000037743 0.000328445 -0.000047497 -0.000037743 1.000000000 0.001433976
1.000000000 -0.000099820 0.000019804 -0.000478995 0.000099820 1.000000000 0.000020333 0.000312900 -0.000019806 -0.000020331 1.000000000 0.000800228
1.000000000 0.000041889 0.000055988 -0.000411687 -0.000041890 1.000000000 0.000020697 -0.000127421 -0.000055987 -0.000020700 1.000000000 0.000298283
1.000000000 0.000040412 0.000078319 -0.000700256 -0.000040410 1.000000000 -0.000027769 0.000740194 -0.000078320 0.000027766 1.000000000 0.001188254
1.000000000 -0.000028360 0.000039833 -0.000753195 0.000028359 1.000000000 0.000024671 -0.000191672 -0.000039834 -0.000024670 1.000000000 0.000672073
1.000000000 -0.000059169 -0.000000786 -0.000150551 0.000059169 1.000000000 0.000067497 -0.000393282 0.000000782 -0.000067498 1.000000000 0.001507590
1.000000000 0.000008652 0.000028347 -0.000266065 -0.000008653 1.000000000 0.000045383 -0.000280838 -0.000028346 -0.000045383 1.000000000 0.000949275
1.000000000 0.000022557 -0.000036458 0.000628576 -0.000022557 1.000000000 0.000018924 -0.000112249 0.000036459 -0.000018923 1.000000000 0.000894195
1.000000000 -0.000043665 0.000019854 -0.000009071 0.000043663 1.000000000 0.000066435 -0.000586614 -0.000019857 -0.000066434 1.000000000 0.001603264
1.000000000 0.000006139 0.000018653 -0.000390035 -0.000006139 1.000000000 0.000032386 -0.000378748 -0.000018653 -0.000032387 1.000000000 0.000858685
1.000000000 0.000046793 0.000060387 -0.000536782 -0.000046796 1.000000000 0.000053217 0.000091193 -0.000060384 -0.000053220 1.000000000 0.001048579
1.000000000 0.000020113 0.000035158 -0.000995241 -0.000020113 1.000000000 0.000000807 0.000137044 -0.000035158 -0.000000808 1.000000000 0.000290195
1.000000000 -0.000025660 0.000049286 -0.000282175 0.000025656 1.000000000 0.000086595 -0.000574794 -0.000049288 -0.000086594 1.000000000 0.000177808
1.000000000 0.000029178 0.000035171 -0.000345517 -0.000029179 1.000000000 0.000030742 -0.000399353 -0.000035170 -0.000030743 1.000000000 -0.000089052
1.000000000 -0.000009379 0.000041383 -0.000771550 0.000009378 1.000000000 0.000024976 -0.000320362 -0.000041383 -0.000024975 1.000000000 -0.000322078
1.000000000 0.000042236 0.000085587 -0.001070568 -0.000042239 1.000000000 0.000030769 -0.000369608 -0.000085585 -0.000030773 1.000000000 0.000928869
1.000000000 0.000008948 0.000001250 -0.000434950 -0.000008948 1.000000000 -0.000014481 -0.000047535 -0.000001250 0.000014481 1.000000000 -0.000248570
1.000000000 0.000018076 0.000007837 -0.000596762 -0.000018076 1.000000000 0.000039913 -0.000245225 -0.000007836 -0.000039913 1.000000000 -0.000654922
1.000000000 0.000076073 -0.000015224 -0.000377672 -0.000076074 1.000000000 -0.000021906 0.000189536 0.000015222 0.000021907 1.000000000 0.000383580
1.000000000 0.000001829 -0.000017522 0.000400632 -0.000001829 1.000000000 0.000018558 -0.000147103 0.000017522 -0.000018558 1.000000000 0.000096408
1.000000000 -0.000000225 0.000019017 -0.000487552 0.000000224 1.000000000 0.000037653 -0.000321092 -0.000019017 -0.000037653 1.000000000 -0.000208356
1.000000000 0.000020652 -0.000019239 -0.000334160 -0.000020653 1.000000000 -0.000028967 0.000195516 0.000019239 0.000028967 1.000000000 0.000415882
1.000000000 -0.000045032 -0.000002195 0.000208540 0.000045032 1.000000000 0.000037371 0.000000791 0.000002193 -0.000037371 1.000000000 0.000454389
1.000000000 0.000053136 0.000006835 -0.000326543 -0.000053136 1.000000000 0.000044044 -0.000091943 -0.000006833 -0.000044045 1.000000000 0.000783037
1.000000000 -0.000094211 0.000037617 -0.000546302 0.000094212 1.000000000 -0.000019791 0.000238748 -0.000037615 0.000019794 1.000000000 -0.000089014
1.000000000 0.000000319 0.000044365 -0.000780377 -0.000000319 1.000000000 0.000009763 0.000255700 -0.000044365 -0.000009763 1.000000000 0.000177815
1.000000000 0.000016598 0.000064992 -0.000797132 -0.000016597 1.000000000 -0.000011995 -0.000097868 -0.000064993 0.000011994 1.000000000 -0.000223576
1.000000000 0.000042236 0.000074805 -0.000706895 -0.000042238 1.000000000 0.000025247 -0.000142648 -0.000074804 -0.000025251 1.000000000 0.000072861
1.000000000 0.000018725 0.000047095 -0.000641743 -0.000018724 1.000000000 -0.000021834 0.000109941 -0.000047095 0.000021833 1.000000000 -0.001706207
1.000000000 0.000008491 0.000075408 -0.001439600 -0.000008488 1.000000000 -0.000045944 0.000192524 -0.000075409 0.000045943 1.000000000 -0.001395950
1.000000000 0.000067434 0.000073023 -0.000871877 -0.000067433 1.000000000 -0.000019153 0.000367058 -0.000073024 0.000019148 1.000000000 -0.000624647
1.000000000 0.000061090 0.000066372 -0.000949773 -0.000061086 1.000000000 -0.000066624 0.000490713 -0.000066376 0.000066620 1.000000000 0.000443228
1.000000000 0.000039396 0.000055115 -0.001009920 -0.000039395 1.000000000 -0.000026967 0.000275188 -0.000055116 0.000026965 1.000000000 0.000226889
1.000000000 -0.000039646 0.000074971 -0.001418059 0.000039646 1.000000000 0.000008658 -0.000052975 -0.000074971 -0.000008655 1.000000000 -0.000588786
1.000000000 -0.000032390 0.000049429 -0.000740737 0.000032393 1.000000000 -0.000047066 0.000232294 -0.000049427 0.000047067 1.000000000 0.000325454
1.000000000 0.000011804 0.000025896 -0.000412357 -0.000011805 1.000000000 0.000017298 -0.000131167 -0.000025896 -0.000017298 1.000000000 0.000102311
1.000000000 -0.000011926 -0.000011657 -0.000049888 0.000011926 1.000000000 -0.000042044 0.000414674 0.000011658 0.000042044 1.000000000 0.000431170
1.000000000 -0.000010382 0.000028901 -0.000163677 0.000010380 1.000000000 0.000057144 -0.000575620 -0.000028902 -0.000057144 1.000000000 -0.001211302
1.000000000 0.000031640 0.000008282 -0.000273816 -0.000031640 1.000000000 0.000012946 0.000112081 -0.000008281 -0.000012946 1.000000000 -0.000320662
1.000000000 0.000001122 0.000016978 -0.000015243 -0.000001122 1.000000000 0.000023887 -0.000037014 -0.000016978 -0.000023887 1.000000000 0.000235201
1.000000000 0.000023145 0.000026714 -0.000535389 -0.000023146 1.000000000 0.000021366 -0.000075102 -0.000026714 -0.000021367 1.000000000 -0.000119815
1.000000000 0.000014770 0.000032300 -0.000688734 -0.000014771 1.000000000 0.000020589 -0.000244291 -0.000032300 -0.000020589 1.000000000 0.000489758
1.000000000 0.000056446 0.000072166 -0.000878459 -0.000056447 1.000000000 0.000011180 -0.000175751 -0.000072166 -0.000011184 1.000000000 0.001949704
1.000000000 0.000060901 0.000019337 -0.000579755 -0.000060901 1.000000000 -0.000015017 0.000200638 -0.000019338 0.000015015 1.000000000 0.000200141
1.000000000 -0.000016050 0.000052336 -0.001188049 0.000016046 1.000000000 0.000066799 -0.000546330 -0.000052337 -0.000066799 1.000000000 0.000270028
1.000000000 -0.000020958 0.000001003 -0.000221208 0.000020958 1.000000000 0.000028305 -0.000123034 -0.000001004 -0.000028305 1.000000000 -0.000364959
1.000000000 0.000050824 -0.000034463 0.000397565 -0.000050825 1.000000000 -0.000019631 0.000514530 0.000034462 0.000019632 1.000000000 0.001394425
1.000000000 -0.000030297 -0.000015886 -0.000624827 0.000030297 1.000000000 -0.000025705 0.000367774 0.000015886 0.000025705 1.000000000 0.000284553
1.000000000 -0.000019245 0.000005717 -0.000669005 0.000019245 1.000000000 0.000010276 -0.000299486 -0.000005717 -0.000010276 1.000000000 -0.000989916
1.000000000 0.000051872 0.000004386 0.000108508 -0.000051872 1.000000000 0.000026453 0.000211119 -0.000004385 -0.000026453 1.000000000 0.000257004
1.000000000 0.000052411 -0.000006802 -0.000073323 -0.000052410 1.000000000 0.000079811 0.000115907 0.000006806 -0.000079811 1.000000000 0.000956913
1.000000000 0.000008515 -0.000024292 -0.000425913 -0.000008515 1.000000000 0.000011643 -0.000175939 0.000024293 -0.000011642 1.000000000 -0.000782384
1.000000000 0.000002771 -0.000010486 -0.000420266 -0.000002770 1.000000000 0.000058874 -0.000626047 0.000010486 -0.000058874 1.000000000 -0.000158558
1.000000000 0.000038384 0.000020718 0.000315189 -0.000038385 1.000000000 0.000071538 -0.000265094 -0.000020716 -0.000071539 1.000000000 0.001191287
1.000000000 0.000047245 0.000017875 -0.000384973 -0.000047245 1.000000000 0.000011529 -0.000192477 -0.000017874 -0.000011530 1.000000000 0.000699377
1.000000000 0.000021564 0.000055214 -0.001113347 -0.000021563 1.000000000 -0.000012589 0.000134724 -0.000055215 0.000012588 1.000000000 -0.000402754
1.000000000 0.000036565 0.000029948 -0.000438024 -0.000036563 1.000000000 -0.000048517 0.000568202 -0.000029950 0.000048516 1.000000000 0.000360580
1.000000000 0.000036674 0.000059891 -0.000414571 -0.000036676 1.000000000 0.000043916 -0.000086943 -0.000059890 -0.000043918 1.000000000 0.000724415
1.000000000 0.000006836 0.000062116 -0.001039754 -0.000006834 1.000000000 -0.000025160 0.000193098 -0.000062116 0.000025160 1.000000000 -0.000029604
1.000000000 0.000043599 -0.000003348 -0.000980115 -0.000043599 1.000000000 -0.000012277 -0.000051763 0.000003347 0.000012277 1.000000000 -0.000198444
1.000000000 0.000007835 0.000007374 -0.000409712 -0.000007835 1.000000000 0.000030470 0.000065212 -0.000007374 -0.000030470 1.000000000 0.001150034
1.000000000 0.000076833 0.000020308 -0.000402704 -0.000076832 1.000000000 -0.000054062 0.000530186 -0.000020312 0.000054061 1.000000000 -0.000093936
1.000000000 -0.000003211 -0.000018288 -0.000022786 0.000003211 1.000000000 -0.000002229 0.000104615 0.000018288 0.000002228 1.000000000 -0.000427208
1.000000000 0.000035312 -0.000036410 -0.000233268 -0.000035308 1.000000000 0.000107394 -0.000658923 0.000036414 -0.000107392 1.000000000 0.001165085
1.000000000 0.000065039 0.000012050 -0.000500359 -0.000065039 1.000000000 0.000015180 -0.000349436 -0.000012049 -0.000015181 1.000000000 -0.000569969
1.000000000 -0.000038431 -0.000022844 -0.000010868 0.000038432 1.000000000 0.000046010 -0.000439604 0.000022843 -0.000046011 1.000000000 0.001025067
1.000000000 -0.000050434 -0.000049513 0.000405879 0.000050438 1.000000000 0.000093901 -0.000618999 0.000049508 -0.000093903 1.000000000 0.000892502
1.000000000 -0.000014486 -0.000020559 -0.000025058 0.000014487 1.000000000 0.000024119 -0.000309544 0.000020559 -0.000024119 1.000000000 0.000108714
1.000000000 0.000052211 0.000004866 -0.000429885 -0.000052211 1.000000000 0.000016493 -0.000068901 -0.000004866 -0.000016493 1.000000000 -0.000402107
1.000000000 0.000011085 -0.000017500 -0.000133003 -0.000011085 1.000000000 0.000006198 0.000104154 0.000017500 -0.000006198 1.000000000 0.000901467
1.000000000 -0.000031822 -0.000018557 0.000225135 0.000031822 1.000000000 0.000019816 -0.000088655 0.000018556 -0.000019816 1.000000000 0.000668801
1.000000000 0.000011132 -0.000016229 -0.000191973 -0.000011131 1.000000000 0.000053851 -0.000212316 0.000016229 -0.000053851 1.000000000 0.000909353
1.000000000 0.000024534 0.000003567 -0.000734318 -0.000024534 1.000000000 -0.000053724 0.000170706 -0.000003569 0.000053724 1.000000000 -0.000422687
1.000000000 -0.000019850 -0.000003759 -0.000225005 0.000019850 1.000000000 0.000032130 0.000108766 0.000003759 -0.000032130 1.000000000 0.000211647
1.000000000 -0.000017622 -0.000016980 -0.000059999 0.000017622 1.000000000 -0.000002305 0.000094274 0.000016980 0.000002304 1.000000000 -0.000212282
1.000000000 0.000015529 -0.000011596 -0.000399008 -0.000015529 1.000000000 0.000010785 -0.000108961 0.000011597 -0.000010784 1.000000000 0.000189908
1.000000000 -0.000006597 0.000014456 -0.000376888 0.000006596 1.000000000 0.000032979 0.000025827 -0.000014456 -0.000032979 1.000000000 0.000563518
1.000000000 0.000004591 -0.000004569 -0.000515363 -0.000004591 1.000000000 -0.000008637 0.000285506 0.000004569 0.000008637 1.000000000 0.000388291
1.000000000 0.000057605 -0.000033434 0.000052610 -0.000057604 1.000000000 0.000015927 -0.000266620 0.000033435 -0.000015925 1.000000000 0.001015174
1.000000000 0.000114859 0.000095258 -0.000699701 -0.000114818 0.999999881 -0.000431932 0.000216492 -0.000095308 0.000431921 0.999999881 0.002117652
1.000000000 -0.000003040 0.000051448 0.000638957 0.000003102 0.999999285 -0.001219779 0.000907824 -0.000051444 0.001219779 0.999999225 0.008590099
1.000000000 0.000030602 0.000014695 -0.001633793 -0.000030582 0.999998987 -0.001408325 0.001062371 -0.000014739 0.001408324 0.999998987 0.029186402
0.999999940 -0.000317977 -0.000107963 0.000728449 0.000317844 0.999999166 -0.001231650 0.000362995 0.000108355 0.001231615 0.999999225 0.047214497
0.999999762 -0.000709613 -0.000063915 0.000313319 0.000709534 0.999998987 -0.001235765 0.000639094 0.000064792 0.001235719 0.999999225 0.073425777
0.999999464 -0.001014567 -0.000122411 -0.001012206 0.001014399 0.999998569 -0.001367640 0.000520343 0.000123798 0.001367515 0.999999046 0.103626959
0.999998987 -0.001394833 -0.000190244 0.000918707 0.001394566 0.999998033 -0.001395598 -0.000001709 0.000192190 0.001395331 0.999998987 0.136671141
0.999998868 -0.001518300 -0.000004896 0.001316918 0.001518287 0.999996841 -0.002011264 0.000062150 0.000007950 0.002011254 0.999997973 0.175086185
0.999999225 -0.001234334 0.000087818 0.000772493 0.001234581 0.999995112 -0.002870625 -0.001327284 -0.000084274 0.002870731 0.999995887 0.219466180
0.999999821 -0.000578060 0.000108758 0.000009026 0.000578546 0.999989629 -0.004522832 -0.001601131 -0.000106142 0.004522895 0.999989748 0.270924419
0.999999762 0.000192531 0.000652489 -0.001610373 -0.000188214 0.999978125 -0.006609841 -0.002037088 -0.000653748 0.006609717 0.999977946 0.340435416
0.999998808 0.000584965 0.001411724 0.001220720 -0.000573213 0.999965310 -0.008310504 -0.003015480 -0.001416536 0.008309686 0.999964476 0.418143600
0.999996722 0.000544439 0.002505512 0.000399547 -0.000521068 0.999956429 -0.009319097 -0.002384405 -0.002510477 0.009317760 0.999953449 0.519819200
0.999992669 0.000626071 0.003772121 0.003342541 -0.000590580 0.999955595 -0.009402349 -0.001395912 -0.003777840 0.009400052 0.999948680 0.637311757
0.999983311 0.000759696 0.005725418 -0.000013094 -0.000706939 0.999957323 -0.009211008 0.000449208 -0.005732171 0.009206807 0.999941170 0.774447381
0.999973714 0.000624728 0.007224696 0.007262150 -0.000554300 0.999952376 -0.009746120 -0.001692944 -0.007230441 0.009741860 0.999926388 0.924551249
0.999951661 0.000620358 0.009813433 0.000604016 -0.000512385 0.999939382 -0.011001236 -0.000965850 -0.009819662 0.010995676 0.999891341 1.110380054
0.999925494 0.000025425 0.012208831 0.005995251 0.000120164 0.999928892 -0.011924034 -0.000423647 -0.012208266 0.011924612 0.999854386 1.300988913
0.999887884 -0.000568682 0.014963764 0.011715381 0.000763989 0.999914587 -0.013049474 0.000385606 -0.014955064 0.013059443 0.999802887 1.521150589
0.999840140 -0.000561453 0.017872116 0.016775081 0.000819594 0.999895394 -0.014439750 0.001038412 -0.017862139 0.014452090 0.999736011 1.756259561
0.999776542 0.000593994 0.021130275 0.021606337 -0.000255351 0.999871552 -0.016025526 0.000880795 -0.021137079 0.016016550 0.999648273 2.019526958
0.999707520 0.000772532 0.024171330 0.031714700 -0.000363231 0.999856532 -0.016933138 0.002713849 -0.024180943 0.016919404 0.999564409 2.302207708
0.999607205 0.000136913 0.028025722 0.043101527 0.000354292 0.999846458 -0.017521206 0.003854004 -0.028023817 0.017524254 0.999453604 2.619493246
0.999505758 -0.000707198 0.031427760 0.060200289 0.001249822 0.999850452 -0.017249489 0.003239874 -0.031410858 0.017280243 0.999357164 2.950746059
0.999390960 -0.001323720 0.034870014 0.076548748 0.001872502 0.999874830 -0.015709985 -0.000140734 -0.034844853 0.015765712 0.999268353 3.314191580
0.999268174 -0.000655902 0.038244337 0.088441841 0.001201446 0.999897838 -0.014243462 -0.001879068 -0.038231086 0.014278987 0.999166906 3.712712526
0.999164999 -0.001257556 0.040837422 0.104896642 0.001790518 0.999913692 -0.013016880 -0.005512408 -0.040817525 0.013079132 0.999081016 4.119226933
0.999100983 -0.003722337 0.042229928 0.128954411 0.004185676 0.999931931 -0.010888703 -0.006684655 -0.042186521 0.011055675 0.999048591 4.543650627
0.999054193 -0.005364904 0.043149814 0.146795079 0.005784246 0.999937177 -0.009599307 -0.006069704 -0.043095607 0.009839816 0.999022484 4.997307301
0.999080062 -0.006481920 0.042390563 0.170404881 0.006863463 0.999937177 -0.008861312 -0.001736794 -0.042330462 0.009144106 0.999061823 5.446676731
0.999128520 -0.006477690 0.041233983 0.184720382 0.006811227 0.999945164 -0.007953531 -0.002891074 -0.041180201 0.008227454 0.999117851 5.920322418
0.999225318 -0.007120185 0.038704392 0.198248684 0.007410057 0.999945521 -0.007351083 -0.003798133 -0.038649943 0.007632190 0.999223650 6.387402058
0.999362886 -0.008396195 0.034688808 0.213060990 0.008657499 0.999935210 -0.007389467 -0.005490533 -0.034624517 0.007685077 0.999370873 6.878218174
0.999539554 -0.009768340 0.028726295 0.227164745 0.009986690 0.999922276 -0.007467440 -0.001388362 -0.028651118 0.007750882 0.999559402 7.376483917
0.999709547 -0.011723748 0.021057086 0.231132299 0.011872449 0.999905348 -0.006950727 -0.004621284 -0.020973604 0.007198707 0.999754131 7.877524376
0.999844193 -0.013991107 0.010763427 0.229016989 0.014073662 0.999871850 -0.007632896 -0.004574210 -0.010655255 0.007783188 0.999912918 8.400366783
0.999855757 -0.016809260 -0.002438346 0.219374910 0.016786786 0.999818921 -0.008962600 -0.002841464 0.002588559 0.008920374 0.999956846 8.930257797
0.999637306 -0.020133670 -0.017886609 0.200411007 0.019974951 0.999759912 -0.009008407 -0.001871627 0.018063687 0.008647855 0.999799430 9.475488663
0.999117672 -0.021130053 -0.036295407 0.167506054 0.020858085 0.999751568 -0.007855620 -0.000356934 0.036452383 0.007091637 0.999310255 10.034330368
0.998089790 -0.021671679 -0.057854593 0.130093202 0.021309027 0.999749303 -0.006877983 -0.000051214 0.057989147 0.005632019 0.998301327 10.607152939
0.996452391 -0.022293583 -0.081151724 0.064723298 0.021855399 0.999741375 -0.006283943 -0.002614253 0.081270829 0.004488046 0.996681929 11.183073044
0.993855774 -0.025221769 -0.107770704 -0.008838975 0.024812791 0.999678910 -0.005134358 -0.001279282 0.107865602 0.002428719 0.994162500 11.766197205
0.990225613 -0.024445122 -0.137315795 -0.102595299 0.024237489 0.999701142 -0.003184139 0.001274483 0.137352601 -0.000175174 0.990522206 12.367516518
0.985475361 -0.025425626 -0.167904109 -0.222602561 0.025409937 0.999674618 -0.002242263 0.000292689 0.167906493 -0.002056738 0.985800803 12.974349976
0.979308724 -0.024514368 -0.200881571 -0.365646005 0.024648666 0.999694467 -0.001833039 0.007305544 0.200865135 -0.003156352 0.979613841 13.583994865
0.971704721 -0.022705879 -0.235104963 -0.541816652 0.023323204 0.999727964 -0.000154972 0.006871436 0.235044524 -0.005332814 0.971969962 14.204152107
0.962744713 -0.019335961 -0.269719839 -0.742249072 0.020163655 0.999796629 0.000298172 0.012095779 0.269659221 -0.005725601 0.962938786 14.824069023
0.952300310 -0.018086957 -0.304625988 -0.961646676 0.018913599 0.999821067 -0.000237322 0.016993806 0.304575771 -0.005535571 0.952472031 15.442338943
0.939984441 -0.019513380 -0.340658844 -1.202838659 0.020089423 0.999796510 -0.001836627 0.019034747 0.340625376 -0.005117238 0.940185189 16.054424286
0.925899386 -0.019180706 -0.377283007 -1.474885106 0.019541360 0.999804914 -0.002872193 0.022424895 0.377264500 -0.004713262 0.926093578 16.661821365
0.909972548 -0.017348884 -0.414305508 -1.779596448 0.016957078 0.999845505 -0.004623952 0.026455458 0.414321721 -0.002817741 0.910126150 17.256809235
0.892153442 -0.019244006 -0.451322377 -2.101720572 0.019564889 0.999800742 -0.003955682 0.028305292 0.451308578 -0.005300997 0.892352223 17.856716156
0.872604609 -0.021464966 -0.487955451 -2.443139553 0.023422286 0.999723494 -0.002091659 0.025401898 0.487865418 -0.009603839 0.872866035 18.439544678
0.851571918 -0.020410834 -0.523840308 -2.822252035 0.023932008 0.999713600 -0.000048032 0.022803001 0.523691237 -0.012495648 0.851816475 19.024330139
0.828924954 -0.021000430 -0.558965504 -3.223569393 0.026397096 0.999650300 0.001588872 0.028147034 0.558736622 -0.016072122 0.829189420 19.599290848
0.804177284 -0.021343520 -0.594006300 -3.642804146 0.027786992 0.999612391 0.001701025 0.025190078 0.593739748 -0.017873572 0.804458618 20.146068573
0.777797282 -0.020739587 -0.628172994 -4.105125427 0.028183673 0.999600947 0.001894180 0.030352689 0.627883017 -0.019177509 0.778071404 20.681482315
0.750323415 -0.019089350 -0.660795271 -4.596607208 0.027144454 0.999629617 0.001944387 0.036624804 0.660513461 -0.019395845 0.750563681 21.205215454
0.721477866 -0.017120864 -0.692225873 -5.121550560 0.026787121 0.999636054 0.003195032 0.042730562 0.691919208 -0.020847879 0.721673965 21.717346191
0.690742970 -0.014959491 -0.722945631 -5.665418148 0.026082924 0.999650836 0.004235907 0.048403777 0.722629845 -0.021782458 0.690891981 22.232311249
0.659622908 -0.012028679 -0.751500487 -6.237002373 0.024920994 0.999672174 0.005873215 0.054288320 0.751183450 -0.022602245 0.659706414 22.710966110
0.627471030 -0.009700057 -0.778579533 -6.837964535 0.024469383 0.999674201 0.007265711 0.060905468 0.778255403 -0.023610381 0.627503991 23.164642334
0.593840003 -0.009103307 -0.804531634 -7.488251686 0.024599437 0.999673963 0.006845960 0.073062874 0.804206967 -0.023856431 0.593870342 23.625720978
0.560078919 -0.011797939 -0.828355253 -8.144406319 0.028305663 0.999587297 0.004901683 0.084085092 0.827955544 -0.026192473 0.560181737 24.051723480
0.525438428 -0.013240129 -0.850728691 -8.833187103 0.026585184 0.999646187 0.000862125 0.092056394 0.850416243 -0.023069769 0.525604486 24.460906982
0.491500080 -0.014657323 -0.870754123 -9.562028885 0.023796763 0.999711037 -0.003395881 0.096844479 0.870552301 -0.019052057 0.491706848 24.846940994
0.457398415 -0.018597974 -0.889067411 -10.296154976 0.027366191 0.999602139 -0.006831115 0.102613032 0.888840735 -0.021205846 0.457725346 25.214038849
0.423542142 -0.017997645 -0.905697703 -11.058135986 0.025805548 0.999636590 -0.007796604 0.103106469 0.905508876 -0.020069830 0.423852623 25.553487778
0.391950011 -0.017495407 -0.919820130 -11.890338898 0.027201526 0.999602437 -0.007421901 0.108988985 0.919584274 -0.022111498 0.392270088 25.892066956
0.359514892 -0.019177884 -0.932942331 -12.702252388 0.027880803 0.999563158 -0.009803331 0.111831665 0.932722867 -0.022486733 0.359892547 26.200553894
0.329382360 -0.020373989 -0.943976879 -13.540200233 0.026172321 0.999580026 -0.012441757 0.100079358 0.943833888 -0.020607969 0.329777300 26.468959808
0.299503982 -0.024017062 -0.953792810 -14.381585121 0.028741430 0.999456525 -0.016141700 0.091676325 0.953662157 -0.022578863 0.300031483 26.725605011
0.271856129 -0.023600740 -0.962048531 -15.227578163 0.024526637 0.999544442 -0.017589832 0.085323572 0.962025404 -0.018813910 0.272311091 26.951820374
0.247987211 -0.022806304 -0.968494952 -16.093269348 0.022204172 0.999594033 -0.017853159 0.075140327 0.968508899 -0.017077267 0.248392940 27.157266617
0.227137566 -0.022681573 -0.973598540 -17.004774094 0.018283207 0.999651849 -0.019023111 0.062650621 0.973691046 -0.013479638 0.227473199 27.356845856
0.210481644 -0.021154702 -0.977368951 -17.886152267 0.014216362 0.999726355 -0.018577049 0.049718350 0.977494478 -0.009984503 0.210724771 27.533658981
0.197520494 -0.020306639 -0.980088472 -18.782476425 0.011613798 0.999763727 -0.018373728 0.038320422 0.980230033 -0.007753360 0.197709680 27.698669434
0.187084675 -0.019376792 -0.982152760 -19.690847397 0.008132424 0.999801755 -0.018175889 0.022574306 0.982310236 -0.004586849 0.187205195 27.860090256
0.179892361 -0.019836543 -0.983486354 -20.592731476 0.005948516 0.999800324 -0.019077530 0.013003975 0.983668387 -0.002418380 0.179974437 28.019290924
0.175840437 -0.020504119 -0.984205067 -21.517547607 0.005290201 0.999788284 -0.019883607 -0.005880207 0.984404445 -0.001710303 0.175911665 28.179450989
0.173987806 -0.022484032 -0.984491169 -22.428113937 0.003261918 0.999746978 -0.022255974 -0.019703865 0.984742463 0.000660940 0.174017072 28.342582703
0.174038649 -0.022220930 -0.984488189 -23.368370056 0.001304977 0.999749720 -0.022334706 -0.034140110 0.984738052 0.002602370 0.174024105 28.491052628
0.174574614 -0.019885933 -0.984443188 -24.284509659 0.000307850 0.999797106 -0.020141494 -0.045349687 0.984643996 0.003213133 0.174545288 28.655254364
0.176172614 -0.015936757 -0.984230399 -25.212005615 0.001897167 0.999872565 -0.015850455 -0.066499054 0.984357595 0.000925168 0.176180363 28.815715790
0.177547514 -0.015683359 -0.983987331 -26.203527451 0.003932859 0.999876320 -0.015226975 -0.074263334 0.984104455 -0.001166370 0.177587271 28.986110687
0.178292572 -0.016558670 -0.983838260 -27.143903732 0.007100127 0.999854028 -0.015541531 -0.079279959 0.983951986 -0.004214434 0.178384125 29.167221069
0.179861367 -0.015764954 -0.983565629 -28.095973969 0.008795112 0.999857366 -0.014417751 -0.088950902 0.983652651 -0.006057374 0.179974377 29.330955505
0.181543231 -0.013777159 -0.983286560 -29.062553406 0.010224774 0.999874234 -0.012121785 -0.102873296 0.983329952 -0.007853251 0.181661248 29.505340576
0.182172894 -0.009876382 -0.983216941 -30.041320801 0.010488894 0.999912202 -0.008100676 -0.113146320 0.983210564 -0.008837135 0.182260454 29.691749573
0.183272779 -0.001462982 -0.983061135 -31.003925323 0.008814882 0.999961138 0.000155233 -0.103496425 0.983022690 -0.008694016 0.183278501 29.865121841
