1.000000000 0.000000000 0.000000000 0.000000000 0.000000000 1.000000000 0.000000000 0.000000000 0.000000000 0.000000000 1.000000000 0.000000000
0.999993026 0.000202567 0.003721772 0.004128594 -0.000200641 0.999999821 -0.000517812 0.001233129 -0.003721877 0.000517061 0.999992967 0.391271800
0.999969244 0.000788306 0.007802174 0.013827370 -0.000778620 0.999998927 -0.001244396 0.002448976 -0.007803147 0.001238283 0.999968767 0.770349205
0.999908388 0.000909360 0.013506692 0.019437024 -0.000882687 0.999997675 -0.001980611 -0.000392947 -0.013508461 0.001968507 0.999906838 1.140439272
0.999814153 0.000716336 0.019265922 0.026404940 -0.000646138 0.999993145 -0.003649600 -0.000546845 -0.019268405 0.003636473 0.999807715 1.500948668
0.999702036 -0.000499072 0.024405532 0.041052714 0.000629985 0.999985456 -0.005356676 -0.002783238 -0.024402503 0.005370455 0.999687791 1.859952450
0.999558568 -0.001720198 0.029659692 0.053387940 0.001897587 0.999980450 -0.005953692 -0.010378378 -0.029648872 0.006007346 0.999542296 2.208781719
0.999363065 -0.001137186 0.035667274 0.067883678 0.001348283 0.999981701 -0.005895003 -0.007495985 -0.035659920 0.005939338 0.999346316 2.561201572
0.999099076 0.000058291 0.042438820 0.085327767 0.000149840 0.999987960 -0.004901054 -0.007671164 -0.042438596 0.004902998 0.999087036 2.910175323
0.998716950 0.001380921 0.050621402 0.102611445 -0.001191300 0.999992132 -0.003775830 -0.004484360 -0.050626218 0.003710681 0.998710752 3.248242378
0.998198390 0.001950373 0.059967585 0.123429738 -0.001890757 0.999997675 -0.001050859 -0.011876862 -0.059969492 0.000935581 0.998199761 3.573573112
0.997638881 0.002456147 0.068633825 0.155353725 -0.002481604 0.999996901 0.000285642 -0.006998317 -0.068632908 -0.000455289 0.997641861 3.870730877
0.996923208 0.002080026 0.078356773 0.182738364 -0.002174468 0.999997020 0.001119976 -0.007208504 -0.078354210 -0.001286914 0.996924758 4.161029339
0.996021211 0.002824523 0.089071706 0.209704459 -0.003045074 0.999992609 0.002340314 -0.011377745 -0.089064442 -0.002602232 0.996022463 4.428114414
0.994859993 0.003594026 0.101196468 0.244750336 -0.003873767 0.999989212 0.002567962 -0.009352243 -0.101186149 -0.002946774 0.994863153 4.679420471
0.993395925 0.003971079 0.114667952 0.279074579 -0.004259671 0.999988317 0.002271838 -0.014765637 -0.114657588 -0.002745282 0.993401289 4.913902760
0.991508543 0.003673633 0.129989535 0.327136904 -0.003929424 0.999990821 0.001711354 -0.015287370 -0.129982054 -0.002207606 0.991513908 5.146639347
0.989002466 0.003461746 0.147858486 0.368251860 -0.003708549 0.999992132 0.001393531 -0.017858980 -0.147852495 -0.001926545 0.989007533 5.360639095
0.986277997 0.002395020 0.165075496 0.428058296 -0.002608062 0.999996006 0.001073834 -0.013797037 -0.165072262 -0.001489626 0.986280322 5.585422993
0.983413458 -0.000253654 0.181377709 0.476986498 0.000030318 0.999999225 0.001234104 -0.015571591 -0.181377873 -0.001208136 0.983412743 5.772679329
0.980458379 -0.000973211 0.196724251 0.529939771 0.000559031 0.999997497 0.002160901 -0.015229144 -0.196725860 -0.002008698 0.980456471 5.975215435
0.977367103 -0.001738111 0.211543187 0.583097756 0.001115126 0.999994695 0.003064217 -0.013778676 -0.211547390 -0.002758968 0.977363825 6.165261269
0.974375784 -0.002189327 0.224915564 0.639782667 0.001287626 0.999990523 0.004155666 -0.014955669 -0.224922523 -0.003759573 0.974369407 6.335346699
0.971121907 -0.002683435 0.238568693 0.683567643 0.001755918 0.999990046 0.004100278 -0.016621714 -0.238577321 -0.003562962 0.971116960 6.503401756
0.967797995 -0.001984163 0.251720279 0.729174078 0.001260152 0.999994576 0.003037420 -0.014332127 -0.251724929 -0.002622403 0.967795253 6.655727386
0.964326441 -0.001253933 0.264712989 0.782006323 0.000627405 0.999996781 0.002451355 -0.017844696 -0.264715225 -0.002197824 0.964324117 6.817082405
0.960895002 -0.000864142 0.276911646 0.836058438 0.000132698 0.999996424 0.002660164 -0.023140214 -0.276912957 -0.002519393 0.960891724 6.969400406
0.957351029 -0.001304592 0.288924336 0.895352125 0.000558777 0.999996305 0.002663819 -0.017555270 -0.288926750 -0.002388766 0.957348228 7.121308804
0.953703582 -0.003453236 0.300728410 0.959497154 0.002279335 0.999988377 0.004254289 -0.023753935 -0.300739616 -0.003371870 0.953700304 7.279502392
0.950534582 -0.005181815 0.310575515 1.023523450 0.003902297 0.999981165 0.004741034 -0.019625155 -0.310594231 -0.003294559 0.950536907 7.431833267
0.947749853 -0.005432099 0.318968177 1.081180811 0.004076617 0.999979615 0.004917025 -0.015990166 -0.318988383 -0.003359799 0.947752655 7.594439507
0.946164608 -0.005278026 0.323642910 1.143012404 0.003924876 0.999980628 0.004833553 -0.012497575 -0.323662162 -0.003303078 0.946166933 7.753485203
0.945066214 -0.006385626 0.326816559 1.193729758 0.004759070 0.999971986 0.005776364 -0.019672450 -0.326844275 -0.003903704 0.945070148 7.913481712
0.944911957 -0.008033632 0.327225983 1.249393463 0.006585313 0.999962986 0.005533772 -0.017777547 -0.327258319 -0.003074042 0.944929898 8.071385384
0.945712984 -0.009103016 0.324875563 1.298891425 0.008053447 0.999957085 0.004575216 -0.009853232 -0.324903280 -0.001710473 0.945745707 8.228519440
0.947668254 -0.010226206 0.319092989 1.348477483 0.009054543 0.999945700 0.005155075 -0.014674838 -0.319128394 -0.001996060 0.947709382 8.383630753
0.950011492 -0.009534358 0.312069416 1.395105481 0.008663529 0.999953747 0.004176845 -0.004870603 -0.312094808 -0.001264429 0.950050116 8.539751053
0.952985466 -0.010384040 0.302837998 1.438254356 0.009236330 0.999943733 0.005221825 -0.008097772 -0.302875161 -0.002179212 0.953027725 8.689960480
0.956673980 -0.012033447 0.290912539 1.474478841 0.011098483 0.999926567 0.004863778 -0.005034124 -0.290949702 -0.001424363 0.956737280 8.825536728
0.960182309 -0.014452561 0.279000133 1.498444915 0.013316670 0.999893546 0.005966275 -0.017115396 -0.279056638 -0.002013360 0.960272551 8.967806816
0.964246333 -0.014224820 0.264625460 1.520581722 0.013538395 0.999898612 0.004417675 -0.017729525 -0.264661461 -0.000677123 0.964341164 9.103839874
0.968548656 -0.012434077 0.248513430 1.537533164 0.012216212 0.999922454 0.002418853 -0.011299872 -0.248524234 0.000693116 0.968625426 9.244839668
0.973035812 -0.012976554 0.230288774 1.557054520 0.012455130 0.999915540 0.003717812 -0.022682518 -0.230317563 -0.000749288 0.973115265 9.373455048
0.977095306 -0.012491864 0.212435246 1.565150023 0.012288873 0.999921918 0.002275930 -0.015161937 -0.212447077 0.000386789 0.977172494 9.516481400
0.981149197 -0.012519527 0.192845702 1.572421312 0.012461244 0.999921203 0.001515204 -0.017565437 -0.192849472 0.000916456 0.981227934 9.636657715
0.984924853 -0.012045275 0.172562942 1.577778459 0.012156432 0.999926031 0.000412670 -0.015501187 -0.172555149 0.001691301 0.984998405 9.772123337
0.988340557 -0.011150793 0.151850447 1.579171062 0.011152742 0.999937475 0.000838908 -0.018431211 -0.151850313 0.000864423 0.988403141 9.908241272
0.991315663 -0.009775283 0.131139860 1.576187849 0.009774966 0.999952018 0.000646156 -0.017288886 -0.131139874 0.000641342 0.991363645 10.044120789
0.994018137 -0.009169215 0.108829647 1.574913025 0.009316741 0.999956250 -0.000847161 -0.014152940 -0.108817115 0.001856031 0.994060040 10.184199333
0.996293664 -0.007865416 0.085656837 1.563901305 0.008238499 0.999958038 -0.004002932 -0.006480058 -0.085621759 0.004693779 0.996316671 10.333222389
0.998066187 -0.009129928 0.061485983 1.551540256 0.009497017 0.999938786 -0.005680668 -0.006667729 -0.061430354 0.006253615 0.998091757 10.485922813
0.999342203 -0.009263973 0.035062242 1.539908290 0.009490104 0.999935210 -0.006288524 -0.003568433 -0.035001714 0.006617132 0.999365330 10.656634331
0.999918401 -0.009289315 0.008771083 1.506792903 0.009328522 0.999946654 -0.004439736 -0.005470179 -0.008729373 0.004521195 0.999951661 10.816800117
0.999784946 -0.009041074 -0.018662062 1.476332426 0.008982068 0.999954402 -0.003243204 -0.000497842 0.018690532 0.003074883 0.999820590 11.009171486
0.998782754 -0.011002515 -0.048082609 1.443513155 0.010880704 0.999936879 -0.002794366 0.000052735 0.048110321 0.002267792 0.998839438 11.206442833
0.996931434 -0.010550712 -0.077565759 1.405763388 0.010446125 0.999943912 -0.001754005 0.004225409 0.077579916 0.000938362 0.996985674 11.407744408
0.994527221 -0.007976515 -0.104172982 1.347238302 0.008133014 0.999966323 0.001077605 -0.001445933 0.104160883 -0.001918947 0.994558632 11.599559784
0.991350174 -0.004653404 -0.131160915 1.288899899 0.005114927 0.999981880 0.003182085 -0.002403559 0.131143734 -0.003825438 0.991355956 11.797081947
0.987271488 -0.004289363 -0.158986330 1.236275673 0.005244100 0.999970675 0.005586100 -0.001710750 0.158957705 -0.006348737 0.987264991 12.000478745
0.982747197 -0.004468660 -0.184899807 1.176642060 0.005727119 0.999963939 0.006272646 0.000173081 0.184865117 -0.007223369 0.982737362 12.197622299
0.977889359 -0.004176718 -0.209081322 1.112104416 0.005551391 0.999966681 0.005988425 -0.001998145 0.209049344 -0.007016709 0.977879941 12.389221191
0.972683787 -0.001192831 -0.232131079 1.040817261 0.002556011 0.999981225 0.005571773 -0.000400263 0.232120067 -0.006012903 0.972668529 12.576119423
0.967164338 0.000938419 -0.254150152 0.966807723 0.000454611 0.999985218 0.005422339 0.002184435 0.254151464 -0.005359832 0.967149556 12.773247719
0.961782455 0.001995105 -0.273807377 0.894073248 -0.000557366 0.999985635 0.005328607 0.007916893 0.273814082 -0.004972351 0.961769819 12.962038040
0.956727087 0.002508906 -0.290976018 0.824604154 -0.000616135 0.999978065 0.006596346 -0.004846821 0.290986180 -0.006131623 0.956707597 13.126462936
0.951649368 0.002775642 -0.307173878 0.753743470 -0.000445042 0.999970615 0.007657018 -0.003016674 0.307186097 -0.007150091 0.951622605 13.318387985
0.947889209 0.004906483 -0.318562359 0.666206479 -0.002553775 0.999966323 0.007802625 0.002832646 0.318589926 -0.006582488 0.947869778 13.503747940
0.944561779 0.006591836 -0.328267574 0.587716222 -0.004332984 0.999961615 0.007612118 0.007247973 0.328305185 -0.005767738 0.944554090 13.693907738
0.941554666 0.007417800 -0.336778611 0.515135944 -0.005113079 0.999957025 0.007729822 0.006575381 0.336821496 -0.005556075 0.941552162 13.877493858
0.938836753 0.008301366 -0.344262481 0.435456514 -0.005677565 0.999946654 0.008628929 0.011188362 0.344315767 -0.006146584 0.938833773 14.076208115
0.935983956 0.008142083 -0.351948440 0.357638478 -0.005124962 0.999941707 0.009503456 0.021457188 0.352005303 -0.007091361 0.935971141 14.271029472
0.932453334 0.009513301 -0.361165226 0.288146228 -0.006011342 0.999923408 0.010818528 0.017858172 0.361240476 -0.007916685 0.932439089 14.461034775
0.928881586 0.010384936 -0.370231211 0.201313049 -0.006208326 0.999902964 0.012470935 0.011758128 0.370324790 -0.009285506 0.928855956 14.635244370
0.924503207 0.011761126 -0.380992830 0.112925589 -0.007317875 0.999887288 0.013108915 0.021547265 0.381104082 -0.009331176 0.924485087 14.831204414
0.919459701 0.013479752 -0.392953128 0.025889546 -0.008639186 0.999863505 0.014084451 0.025088329 0.393089354 -0.009555290 0.919450641 15.014535904
0.913927794 0.013845465 -0.405640632 -0.074600190 -0.008709328 0.999856889 0.014504926 0.029131336 0.405783385 -0.009723599 0.913917542 15.198197365
0.907260299 0.014107969 -0.420332849 -0.167219967 -0.008510389 0.999848425 0.015189608 0.034453049 0.420483440 -0.010203731 0.907242835 15.375343323
0.899360597 0.013765173 -0.436990917 -0.261397749 -0.007972242 0.999854386 0.015087838 0.047068112 0.437134951 -0.010085611 0.899339378 15.563634872
0.890951157 0.015021370 -0.453850687 -0.366153151 -0.008350695 0.999825716 0.016698642 0.032636769 0.454022437 -0.011087705 0.890921295 15.729360580
0.881426215 0.015665336 -0.472061843 -0.472483367 -0.009211399 0.999829888 0.015979903 0.046503484 0.472231865 -0.009736756 0.881420612 15.918678284
0.871513069 0.017361166 -0.490064889 -0.585681081 -0.010825340 0.999810696 0.016168175 0.053335205 0.490252823 -0.008785658 0.871536016 16.088676453
0.860841632 0.019011680 -0.508517683 -0.711145997 -0.012215200 0.999785900 0.016700024 0.061776564 0.508726299 -0.008164430 0.860889554 16.267759323
0.849326611 0.020673415 -0.527462721 -0.833860278 -0.012762398 0.999744892 0.018633917 0.057783753 0.527713358 -0.009094595 0.849373817 16.439546585
0.836441338 0.021035496 -0.547652662 -0.970800877 -0.012616867 0.999737382 0.019130198 0.069994077 0.547911286 -0.009091630 0.836487055 16.619016647
0.822032869 0.020640131 -0.569065869 -1.117380619 -0.011664380 0.999743521 0.019411348 0.085713506 0.569320560 -0.009318965 0.822062850 16.798744202
0.805872619 0.022011181 -0.591679633 -1.277199388 -0.011909879 0.999709189 0.020969007 0.089736760 0.591969132 -0.009851516 0.805900455 16.977161407
0.787726045 0.024154341 -0.615552008 -1.443324804 -0.013005155 0.999660373 0.022584017 0.094629921 0.615888417 -0.009784671 0.787772655 17.155355453
