1.000000000 0.000000000 0.000000000 0.000000000 0.000000000 1.000000000 0.000000000 0.000000000 0.000000000 0.000000000 1.000000000 0.000000000
1.000000000 -0.000188617 -0.000095928 0.001896197 0.000188625 1.000000000 0.000080183 -0.001410165 0.000095913 -0.000080201 1.000000000 0.011400872
0.999999821 -0.000415984 -0.000360699 0.004865227 0.000416018 0.999999881 0.000092516 -0.002561837 0.000360660 -0.000092666 0.999999940 0.039957400
0.999999702 -0.000455959 -0.000637954 0.005786317 0.000455980 0.999999881 0.000033705 -0.002794074 0.000637939 -0.000033996 0.999999821 0.065940000
0.999999106 -0.000680361 -0.001173608 0.008948925 0.000680296 0.999999762 -0.000055642 -0.004342515 0.001173646 0.000054843 0.999999285 0.100482926
0.999999106 -0.000674998 -0.001158161 0.000735028 0.000674578 0.999999702 -0.000363138 -0.003421702 0.001158406 0.000362356 0.999999285 0.128945142
0.999998391 -0.000486151 -0.001733725 0.003834974 0.000483822 0.999998987 -0.001343685 -0.002744296 0.001734377 0.001342844 0.999997616 0.177011311
0.999996901 -0.000485160 -0.002450487 0.002750043 0.000478363 0.999996066 -0.002773557 -0.002826395 0.002451823 0.002772377 0.999993145 0.232290998
0.999994993 -0.000718318 -0.003087331 0.000974711 0.000706106 0.999991953 -0.003954904 -0.003170925 0.003090147 0.003952704 0.999987423 0.299691379
0.999990761 -0.001234321 -0.004111164 -0.002657052 0.001217343 0.999990761 -0.004129773 -0.002548020 0.004116223 0.004124729 0.999983013 0.381308168
0.999983668 -0.001285994 -0.005572872 -0.002614641 0.001264572 0.999991834 -0.003845727 -0.002415541 0.005577772 0.003838617 0.999977052 0.485200763
0.999973297 -0.001531190 -0.007148062 0.001267858 0.001507704 0.999993443 -0.003289923 -0.004640284 0.007153053 0.003279058 0.999969065 0.608919322
0.999961257 -0.000781297 -0.008770946 -0.009643293 0.000754035 0.999994874 -0.003111145 -0.006590386 0.008773332 0.003104410 0.999956667 0.721995294
0.999929309 -0.000195271 -0.011890851 -0.010728137 0.000156669 0.999994695 -0.003247190 -0.008464066 0.011891423 0.003245098 0.999924004 0.859900594
0.999883533 -0.000324777 -0.015257577 -0.015220942 0.000276654 0.999994993 -0.003155989 -0.011890359 0.015258525 0.003151400 0.999878645 1.009891033
0.999812961 -0.000995251 -0.019314410 -0.026162276 0.000945842 0.999996245 -0.002567098 -0.012584560 0.019316893 0.002548350 0.999810159 1.164983869
0.999706209 -0.001645053 -0.024182186 -0.035836164 0.001587014 0.999995828 -0.002419057 -0.010523556 0.024186064 0.002379969 0.999704659 1.338288784
0.999570549 -0.001968233 -0.029237946 -0.042670686 0.001892571 0.999994814 -0.002615249 -0.012017333 0.029242940 0.002558791 0.999569058 1.520366311
0.999416828 -0.001604289 -0.034109548 -0.058928102 0.001514027 0.999995291 -0.002671892 -0.010547996 0.034113672 0.002618691 0.999414504 1.709066272
0.999235928 -0.000234504 -0.039082777 -0.078489944 0.000145211 0.999997377 -0.002287531 -0.012443474 0.039083213 0.002280108 0.999233365 1.914348602
0.999015629 0.001293834 -0.044340976 -0.095098354 -0.001348090 0.999998391 -0.001193716 -0.012713513 0.044339359 0.001252317 0.999015749 2.122042894
0.998747885 0.003745300 -0.049886212 -0.112103626 -0.003736967 0.999992967 0.000260305 -0.017341213 0.049886834 -0.000073556 0.998754859 2.331949472
0.998429358 0.005268799 -0.055776473 -0.135088876 -0.005202112 0.999985576 0.001340730 -0.017674465 0.055782735 -0.001048469 0.998442352 2.558411837
0.998075604 0.006296913 -0.061688114 -0.156876877 -0.006246192 0.999979973 0.001015014 -0.018127386 0.061693270 -0.000627745 0.998094976 2.788796425
0.997694612 0.005089055 -0.067672327 -0.181247428 -0.005080722 0.999987066 0.000295244 -0.025460361 0.067672953 0.000049261 0.997707546 3.030611515
0.997281432 0.004007041 -0.073577471 -0.206568196 -0.004038217 0.999991834 -0.000274962 -0.025834208 0.073575765 0.000571336 0.997289479 3.270986319
0.996863663 0.003493268 -0.079060689 -0.223762721 -0.003470399 0.999993861 0.000426655 -0.025323702 0.079061694 -0.000150945 0.996869743 3.542812586
0.996526241 0.004964852 -0.083131172 -0.254859328 -0.004872769 0.999987245 0.001310537 -0.028666582 0.083136618 -0.000900906 0.996537745 3.798933268
0.996317089 0.005329450 -0.085579589 -0.282396853 -0.005298943 0.999985814 0.000583620 -0.027596481 0.085581481 -0.000127990 0.996331155 4.070116997
0.996321976 0.006201811 -0.085463941 -0.311211735 -0.006295020 0.999979854 -0.000821171 -0.036097459 0.085457131 0.001356148 0.996340930 4.351563931
0.996534348 0.005039247 -0.083029516 -0.327843785 -0.005386679 0.999977648 -0.003960946 -0.042961307 0.083007701 0.004394472 0.996539235 4.627628326
0.996991396 0.006255454 -0.077259146 -0.352895111 -0.006731649 0.999959886 -0.005904718 -0.041465048 0.077219114 0.006407034 0.996993542 4.918379784
0.997573018 0.006860895 -0.069289356 -0.371853501 -0.007279487 0.999956727 -0.005790521 -0.043165110 0.069246627 0.006280858 0.997579813 5.218340874
0.998167157 0.007386107 -0.060064264 -0.380120486 -0.007688468 0.999958873 -0.004804399 -0.042095557 0.060026307 0.005257396 0.998182952 5.531036854
0.998804212 0.006676824 -0.048430737 -0.391324341 -0.006841636 0.999971330 -0.003238061 -0.046346284 0.048407730 0.003565534 0.998821318 5.839364529
0.999357164 0.006086258 -0.035330229 -0.391244203 -0.006208719 0.999975085 -0.003357511 -0.049819246 0.035308916 0.003574708 0.999370039 6.155676365
0.999791086 0.004774162 -0.019875197 -0.384323388 -0.004876270 0.999975145 -0.005092171 -0.054203346 0.019850392 0.005188024 0.999789476 6.479596615
0.999992669 0.002295591 -0.003059455 -0.365615785 -0.002312914 0.999981225 -0.005670635 -0.057085119 0.003046380 0.005677670 0.999979258 6.819787502
0.999885917 0.001271584 0.015051791 -0.339859039 -0.001206922 0.999989986 -0.004304240 -0.057201553 -0.015057114 0.004285582 0.999877453 7.160166740
0.999365091 0.002705780 0.035526242 -0.324922711 -0.002654020 0.999995351 -0.001504047 -0.062758185 -0.035530146 0.001408804 0.999367595 7.515293598
0.998358548 0.006964422 0.056847923 -0.295542866 -0.006951942 0.999975741 -0.000417301 -0.069309473 -0.056849450 0.000021413 0.998382747 7.870912075
0.996838391 0.006848339 0.079160169 -0.246089950 -0.006637230 0.999973655 -0.002929664 -0.066539861 -0.079178147 0.002394997 0.996857584 8.244947433
0.994433045 0.006120740 0.105192535 -0.189863905 -0.005548799 0.999968171 -0.005728883 -0.071723454 -0.105224252 0.005113298 0.994435370 8.604264259
0.990841627 0.005008887 0.134936318 -0.114364922 -0.003957852 0.999959707 -0.008056243 -0.081258066 -0.134971231 0.007448403 0.990821540 8.977830887
0.985842943 0.007088421 0.167521358 -0.036242895 -0.005469757 0.999933839 -0.010121875 -0.086791232 -0.167582005 0.009062279 0.985816479 9.350098610
0.979112267 0.008468431 0.203143939 0.064570352 -0.006029523 0.999902189 -0.012621712 -0.096116774 -0.203230947 0.011133212 0.979067564 9.714145660
0.970134377 0.007047446 0.242465839 0.183030427 -0.003523726 0.999881804 -0.014963456 -0.104811735 -0.242542639 0.013662180 0.970044553 10.078225136
0.958772182 0.007215200 0.284084260 0.302851707 -0.002303303 0.999842107 -0.017620541 -0.109584972 -0.284166515 0.016239751 0.958637416 10.425391197
0.944769502 0.006072994 0.327679187 0.458354264 0.000020998 0.999827206 -0.018590692 -0.118116572 -0.327735454 0.017570801 0.944606125 10.784703255
0.927524269 0.004645639 0.373734087 0.626184642 0.001760355 0.999857366 -0.016797369 -0.126246884 -0.373758793 0.016237872 0.927383780 11.141091347
0.907648683 0.002323155 0.419724286 0.821810067 0.004020121 0.999890685 -0.014227813 -0.135379374 -0.419711471 0.014601198 0.907540143 11.494360924
0.885912836 -0.000839945 0.463851005 1.042972088 0.007116330 0.999905288 -0.011780901 -0.141534954 -0.463797182 0.013737768 0.885834873 11.841271400
0.861595631 -0.003176863 0.507585406 1.277779102 0.009288447 0.999911666 -0.009508357 -0.150263622 -0.507510364 0.012907039 0.861549020 12.179636955
0.834579051 -0.004658937 0.550868511 1.526215076 0.010321851 0.999920964 -0.007181083 -0.163974375 -0.550791502 0.011679164 0.834561169 12.516644478
0.806101859 -0.007826319 0.591725051 1.806154847 0.015008023 0.999861300 -0.007220857 -0.171320334 -0.591586471 0.014701369 0.806107521 12.819478989
0.775182962 -0.008020988 0.631685913 2.076042891 0.016344314 0.999839306 -0.007361467 -0.181982681 -0.631525338 0.016030956 0.775189519 13.105494499
0.741548300 -0.006100407 0.670871794 2.378483057 0.015742559 0.999841571 -0.008309229 -0.189614877 -0.670714855 0.016722934 0.741526842 13.399342537
0.705791771 -0.002991048 0.708413064 2.702589512 0.013757654 0.999860346 -0.009485157 -0.194052160 -0.708285809 0.016440647 0.705734372 13.684350967
0.667623222 0.001167377 0.744498432 3.049538374 0.011340747 0.999866784 -0.011737524 -0.199465334 -0.744412959 0.016279411 0.667521060 13.958405495
0.626004219 0.003434978 0.779812098 3.426059723 0.011297776 0.999845386 -0.013473636 -0.203185067 -0.779737830 0.017244695 0.625868678 14.225214958
0.582989335 0.004323219 0.812468290 3.823802948 0.010290075 0.999866366 -0.012704059 -0.211794123 -0.812414646 0.015766690 0.582866907 14.473066330
0.538026929 -0.000566909 0.842927516 4.241562366 0.015931647 0.999827981 -0.009496481 -0.220588371 -0.842777133 0.018538585 0.537943423 14.685760498
0.489845932 -0.001972095 0.871806860 4.683423042 0.017793845 0.999811769 -0.007736256 -0.223526016 -0.871627510 0.019302368 0.489788830 14.898596764
0.441243529 -0.000729488 0.897387147 5.135462761 0.017068343 0.999825597 -0.007579712 -0.229288772 -0.897225142 0.018661410 0.441179037 15.082760811
0.392019093 0.000018167 0.919957101 5.601085186 0.014771910 0.999870956 -0.006314463 -0.240399033 -0.919838488 0.016064914 0.391968250 15.257662773
0.342299223 0.000135741 0.939591050 6.104590416 0.013888422 0.999890029 -0.005204098 -0.245562136 -0.939488411 0.014830795 0.342259705 15.412220955
0.294013441 -0.002257536 0.955798686 6.626906395 0.017859442 0.999835610 -0.003132201 -0.249475449 -0.955634475 0.017990939 0.294005454 15.534975052
0.249608457 -0.006262172 0.968326628 7.160862923 0.024170395 0.999707818 0.000234637 -0.255431175 -0.968045175 0.023346268 0.249686897 15.636367798
0.210141540 -0.009765483 0.977622271 7.691395760 0.027618283 0.999610364 0.004048526 -0.249789834 -0.977280855 0.026149483 0.210329354 15.721482277
0.174337387 -0.012156853 0.984610975 8.268639565 0.026937498 0.999608457 0.007572409 -0.248785764 -0.984317541 0.025202800 0.174596608 15.803987503
0.145246744 -0.013872394 0.989298165 8.860358238 0.025665646 0.999618053 0.010248927 -0.254213572 -0.989062488 0.023902355 0.145547271 15.869353294
0.120250106 -0.014040140 0.992644429 9.445535660 0.032924864 0.999406338 0.010147224 -0.256965488 -0.992197573 0.031462476 0.120640993 15.926175117
0.098444521 -0.010664453 0.995085478 10.065601349 0.037446700 0.999274075 0.007004712 -0.248583317 -0.994437873 0.036573090 0.098772407 15.967165947
0.078951180 -0.006726535 0.996855915 10.690811157 0.040371060 0.999178469 0.003544809 -0.242355034 -0.996060789 0.039964259 0.079157829 16.004566193
0.063732207 -0.005542481 0.997951686 11.334691048 0.037701532 0.999284089 0.003142144 -0.246596277 -0.997254670 0.037424050 0.063895583 16.043663025
0.051175356 -0.006467490 0.998668849 11.985146523 0.036688894 0.999316216 0.004591610 -0.244293287 -0.998015642 0.036405072 0.051377654 16.074079514
0.038952053 -0.006441698 0.999220431 12.645296097 0.036913387 0.999305964 0.005003269 -0.252499431 -0.998559177 0.036689717 0.039162815 16.099220276
0.027812719 -0.006007936 0.999595225 13.330245018 0.038599655 0.999242604 0.004931819 -0.251137227 -0.998867750 0.038446859 0.028023541 16.105163574
0.017806768 -0.005475064 0.999826610 14.025273323 0.040199883 0.999180317 0.004755565 -0.251491725 -0.999033153 0.040108226 0.018012285 16.112941742
0.010313928 -0.006005050 0.999928772 14.737927437 0.040934589 0.999146283 0.005578124 -0.254378617 -0.999108613 0.040874142 0.010550916 16.123428345
0.004856944 -0.006980109 0.999963880 15.452268600 0.042254403 0.999083936 0.006768733 -0.253562659 -0.999095082 0.042220000 0.005147398 16.127731323
-0.000062346 -0.009218956 0.999957621 16.193447113 0.043021269 0.999031663 0.009213097 -0.253531516 -0.999074221 0.043020014 0.000334382 16.122209549
-0.005169392 -0.009486099 0.999941647 16.944513321 0.042460635 0.999051094 0.009697161 -0.253423393 -0.999084771 0.042508285 -0.004761696 16.126493454
-0.009102225 -0.009703257 0.999911547 17.709047318 0.041844349 0.999073327 0.010076032 -0.253031075 -0.999082744 0.041932363 -0.008687735 16.117807388
-0.012607932 -0.009980727 0.999870837 18.484951019 0.043683454 0.998989999 0.010522763 -0.247314528 -0.998965979 0.043810476 -0.012159228 16.110050201
-0.014266372 -0.011086395 0.999836981 19.268310547 0.046556704 0.998846650 0.011739712 -0.246162444 -0.998813987 0.046716586 -0.013733864 16.090648651
-0.015621543 -0.010286105 0.999825060 20.060335159 0.047381070 0.998816133 0.011016020 -0.244598925 -0.998754740 0.047544871 -0.015115738 16.089660645
-0.015963078 -0.009363618 0.999828875 20.869478226 0.049070749 0.998743892 0.010136903 -0.240628839 -0.998667896 0.049224161 -0.015483499 16.075647354
-0.016402006 -0.008417118 0.999830127 21.676803589 0.049735010 0.998719871 0.009223660 -0.239289582 -0.998627841 0.049877845 -0.015962362 16.074090958
-0.016722202 -0.008388942 0.999825001 22.529777527 0.051247112 0.998643279 0.009236138 -0.237559617 -0.998546004 0.051392592 -0.016269565 16.055265427
-0.017123818 -0.008078337 0.999820709 23.368553162 0.052446987 0.998583436 0.008966593 -0.238423377 -0.998476863 0.052591126 -0.016675949 16.041900635
-0.017693877 -0.007968575 0.999811649 24.222126007 0.053436156 0.998531580 0.008904043 -0.240573317 -0.998414457 0.053583641 -0.017242074 16.037677765
-0.017966390 -0.007644699 0.999809504 25.104389191 0.054129399 0.998496830 0.008607351 -0.241754383 -0.998372436 0.054273725 -0.017525554 16.019718170
-0.018250227 -0.008016342 0.999801397 25.995033264 0.054814093 0.998455942 0.009006120 -0.244364917 -0.998329878 0.054967567 -0.017782688 16.004110336
-0.019002438 -0.008307867 0.999784887 26.885433197 0.055114999 0.998436272 0.009344205 -0.239804506 -0.998299181 0.055280708 -0.018514872 15.996744156
-0.019704103 -0.008903549 0.999766231 27.799112320 0.054185044 0.998481214 0.009960024 -0.241871476 -0.998336494 0.054368630 -0.019191742 15.978900909
-0.020020366 -0.007901564 0.999768436 28.722972870 0.053409010 0.998532534 0.008961305 -0.241996586 -0.998372138 0.053576045 -0.019569039 15.962392807
-0.020997286 -0.007314318 0.999752820 29.650299072 0.052849419 0.998567045 0.008415608 -0.237493813 -0.998381734 0.053013060 -0.020580649 15.954135895
-0.021783471 -0.007185709 0.999737024 30.603572845 0.052031554 0.998610854 0.008311331 -0.233542860 -0.998408020 0.052198913 -0.021379232 15.935728073
-0.022684574 -0.007925145 0.999711275 31.552337646 0.051855221 0.998613238 0.009093096 -0.238055587 -0.998396933 0.052046522 -0.022242188 15.921575546
-0.023632646 -0.008775804 0.999682307 32.511783600 0.050009511 0.998699188 0.009949402 -0.237532556 -0.998469234 0.050228748 -0.023162961 15.909347534
-0.024893403 -0.010486918 0.999635160 33.483230591 0.051580492 0.998599589 0.011760528 -0.236685514 -0.998358607 0.051854428 -0.024317622 15.891132355
-0.024982333 -0.011473483 0.999622107 34.510242462 0.050583482 0.998638749 0.012726371 -0.235975146 -0.998407364 0.050882298 -0.024368048 15.856361389
-0.025754452 -0.011001046 0.999607921 35.502300262 0.051401239 0.998602152 0.012314302 -0.232812226 -0.998346090 0.051698226 -0.025152922 15.831764221
-0.026772022 -0.009307867 0.999598384 36.498760223 0.050649639 0.998659611 0.010655656 -0.237803459 -0.998357713 0.050914560 -0.026264668 15.819644928
-0.027765393 -0.007305223 0.999587774 37.498405457 0.050176144 0.998702526 0.008692493 -0.234587193 -0.998354375 0.050396811 -0.027362823 15.801418304
