1.000000000 0.000000000 0.000000000 0.000000000 0.000000000 1.000000000 0.000000000 0.000000000 0.000000000 0.000000000 1.000000000 0.000000000
0.999998093 0.001847675 0.000606655 -0.004123477 -0.001847480 0.999998212 -0.000322635 -0.017472290 -0.000607250 0.000321514 0.999999762 1.219552636
0.999990821 0.004084738 0.001275739 -0.015082908 -0.004085125 0.999991596 0.000300825 -0.039376643 -0.001274500 -0.000306034 0.999999166 2.444065094
0.999985158 0.005193141 0.001633009 -0.015603536 -0.005194728 0.999986053 0.000968958 -0.062136017 -0.001627954 -0.000977427 0.999998212 3.660240650
0.999976039 0.006546280 0.002258349 -0.020426560 -0.006549323 0.999977648 0.001342462 -0.084119961 -0.002249511 -0.001357220 0.999996543 4.871339798
0.999974430 0.006673229 0.002579630 -0.024132157 -0.006679592 0.999974668 0.002466109 -0.102873355 -0.002563108 -0.002483277 0.999993622 6.082738400
0.999976277 0.006201773 0.002990884 -0.021858770 -0.006214972 0.999970913 0.004424138 -0.124476686 -0.002963359 -0.004442621 0.999985754 7.295194626
0.999978065 0.005667795 0.003430541 -0.023838440 -0.005687503 0.999967217 0.005762542 -0.135317251 -0.003397768 -0.005781927 0.999977529 8.501239777
0.999982893 0.004710255 0.003471169 -0.016923532 -0.004732214 0.999968648 0.006345395 -0.150355265 -0.003441172 -0.006361713 0.999973834 9.715439796
0.999987423 0.002978555 0.004032718 -0.016616173 -0.002999576 0.999981880 0.005216796 -0.164742351 -0.004017107 -0.005228828 0.999978244 10.899102211
0.999980271 0.004443052 0.004436223 -0.016719760 -0.004477310 0.999960005 0.007742377 -0.169097200 -0.004401646 -0.007762087 0.999960184 12.097541809
0.999979973 0.003718719 0.005117836 -0.012781430 -0.003777887 0.999925554 0.011600530 -0.175583333 -0.005074317 -0.011619633 0.999919593 13.294996262
0.999982953 0.001029494 0.005747453 -0.009290619 -0.001094499 0.999935329 0.011318518 -0.184127778 -0.005735429 -0.011324615 0.999919415 14.502744675
0.999983549 -0.000944668 0.005653745 0.003183314 0.000903865 0.999973536 0.007215209 -0.187676892 -0.005660411 -0.007209980 0.999957979 15.690358162
0.999977291 -0.003677363 0.005642666 0.007605981 0.003647881 0.999979675 0.005226217 -0.200289860 -0.005661770 -0.005205515 0.999970436 16.864353180
0.999975860 -0.004353351 0.005417363 0.015595657 0.004326145 0.999978006 0.005023658 -0.211343169 -0.005439114 -0.005000100 0.999972701 18.037792206
0.999971986 -0.003218297 0.006754659 0.012800041 0.003172998 0.999972463 0.006706363 -0.224416941 -0.006776056 -0.006684743 0.999954700 19.214006424
0.999972939 -0.001464753 0.007208651 0.022951437 0.001415976 0.999976099 0.006766815 -0.232660189 -0.007218391 -0.006756424 0.999951124 20.393287659
0.999967635 -0.000650570 0.008020542 0.022895163 0.000605554 0.999984086 0.005613766 -0.244192839 -0.008024066 -0.005608728 0.999952078 21.562507629
0.999962747 -0.001603151 0.008478695 0.030713269 0.001572131 0.999992073 0.003663965 -0.257702291 -0.008484500 -0.003650499 0.999957323 22.722003937
0.999954224 -0.003242977 0.009000068 0.034204610 0.003227749 0.999993324 0.001705999 -0.279706687 -0.009005540 -0.001676872 0.999958038 23.875204086
0.999945521 -0.004420954 0.009457238 0.038752340 0.004419670 0.999990225 0.000156609 -0.294917226 -0.009457838 -0.000114802 0.999955297 25.013818741
0.999934852 -0.005543015 0.009980033 0.053723563 0.005544151 0.999984622 -0.000086149 -0.313691258 -0.009979403 0.000141474 0.999950171 26.172618866
0.999923885 -0.006350293 0.010577465 0.065375365 0.006341125 0.999979496 0.000900032 -0.330022722 -0.010582964 -0.000832890 0.999943674 27.323425293
0.999918997 -0.006559645 0.010909209 0.079560727 0.006550169 0.999978125 0.000904095 -0.342477351 -0.010914901 -0.000832565 0.999940097 28.486660004
0.999920189 -0.006042077 0.011095698 0.094749540 0.006050421 0.999981463 -0.000718638 -0.363394827 -0.011091150 0.000785714 0.999938190 29.638557434
0.999921381 -0.005278600 0.011374423 0.103015475 0.005334661 0.999973774 -0.004903999 -0.385818839 -0.011348238 0.004964292 0.999923289 30.783748627
0.999916732 -0.004587934 0.012061490 0.109725021 0.004688345 0.999954462 -0.008309847 -0.408139288 -0.012022817 0.008365704 0.999892712 31.920816422
0.999914289 -0.002023984 0.012932953 0.115116328 0.002118754 0.999970973 -0.007318285 -0.432630301 -0.012917766 0.007345059 0.999889612 33.057575226
0.999909461 -0.001191025 0.013401773 0.123258874 0.001263053 0.999984801 -0.005367336 -0.458107561 -0.013395176 0.005383777 0.999895811 34.190608978
0.999910295 -0.001780201 0.013274731 0.141488701 0.001860262 0.999980152 -0.006021117 -0.477024019 -0.013263749 0.006045271 0.999893785 35.330615997
0.999904454 -0.002254090 0.013637656 0.155392796 0.002316073 0.999987066 -0.004530902 -0.499214858 -0.013627267 0.004562056 0.999896765 36.459430695
0.999900877 -0.001191119 0.014028560 0.160767540 0.001222976 0.999996722 -0.002262533 -0.523705125 -0.014025819 0.002279465 0.999899030 37.571224213
0.999905050 -0.001970071 0.013637594 0.173216760 0.001993335 0.999996603 -0.001692506 -0.545582116 -0.013634212 0.001719529 0.999905586 38.672840118
0.999907374 -0.001932164 0.013473523 0.187501580 0.001977526 0.999992430 -0.003354257 -0.563697040 -0.013466940 0.003380590 0.999903619 39.774749756
0.999910772 -0.001214993 0.013303894 0.198420003 0.001256675 0.999994338 -0.003125157 -0.584060013 -0.013300021 0.003141597 0.999906600 40.870845795
0.999909699 -0.001889440 0.013303639 0.207830638 0.001908550 0.999997139 -0.001423885 -0.606606901 -0.013300911 0.001449147 0.999910474 41.955596924
0.999914646 -0.000497484 0.013057256 0.219117150 0.000496891 0.999999881 0.000048666 -0.625589728 -0.013057278 -0.000042174 0.999914765 43.036823273
0.999916553 -0.000292359 0.012915298 0.224814534 0.000303185 0.999999583 -0.000836295 -0.642873287 -0.012915049 0.000840141 0.999916255 44.106784821
0.999928892 -0.001041570 0.011878514 0.241009101 0.001037676 0.999999404 0.000333963 -0.662053525 -0.011878855 -0.000321613 0.999929368 45.162174225
0.999928176 0.003086635 0.011579518 0.239291608 -0.003083182 0.999995172 -0.000315999 -0.683772981 -0.011580438 0.000280275 0.999932885 46.210372925
0.999934971 0.003654286 0.010800952 0.244054794 -0.003641473 0.999992669 -0.001205740 -0.699398220 -0.010805279 0.001166331 0.999940932 47.231822968
0.999927163 0.006815557 0.009960229 0.249628767 -0.006791891 0.999974012 -0.002407894 -0.718971133 -0.009976381 0.002340070 0.999947488 48.242652893
0.999903321 0.009933091 0.009733393 0.245993361 -0.009938463 0.999950469 0.000503669 -0.738028228 -0.009727907 -0.000600355 0.999952495 49.243309021
0.999881685 0.012630236 0.008781037 0.248517454 -0.012649300 0.999917746 0.002118803 -0.754289865 -0.008753554 -0.002229626 0.999959230 50.225940704
0.999874353 0.013681267 0.008006772 0.249181211 -0.013707248 0.999900937 0.003198965 -0.774258971 -0.007962213 -0.003308314 0.999962807 51.177967072
0.999850810 0.015629746 0.007351185 0.251408130 -0.015646633 0.999875069 0.002245262 -0.787300408 -0.007315173 -0.002359949 0.999970436 52.128826141
0.999826670 0.017362013 0.006722732 0.252220720 -0.017375924 0.999846995 0.002016440 -0.807336271 -0.006686694 -0.002132904 0.999975383 53.049037933
0.999852657 0.016196391 0.005689239 0.259236336 -0.016219441 0.999860346 0.004029015 -0.820750117 -0.005623188 -0.004120697 0.999975681 53.946418762
0.999869347 0.015501867 0.004586343 0.260533005 -0.015530629 0.999859512 0.006303554 -0.835459173 -0.004487982 -0.006373959 0.999969602 54.822307587
0.999882042 0.014769924 0.004211835 0.262570292 -0.014797831 0.999868214 0.006673652 -0.849386036 -0.004112711 -0.006735191 0.999968886 55.687313080
0.999910831 0.012953716 0.003244271 0.265361309 -0.012964385 0.999910533 0.003289059 -0.860381365 -0.003201375 -0.003330826 0.999989331 56.516601562
0.999927998 0.011700436 0.002664631 0.263645738 -0.011705093 0.999929965 0.001738672 -0.870969117 -0.002644101 -0.001769736 0.999994934 57.339466095
0.999924660 0.012122046 0.001927093 0.258166492 -0.012123687 0.999926150 0.000842540 -0.886411071 -0.001916738 -0.000865840 0.999997795 58.110118866
0.999921799 0.012421186 0.001465113 0.257037044 -0.012423925 0.999921083 0.001875752 -0.904667258 -0.001441698 -0.001893808 0.999997139 58.878406525
0.999933183 0.011555574 0.000389725 0.262428910 -0.011556400 0.999930859 0.002187271 -0.912830412 -0.000364423 -0.002191629 0.999997556 59.616485596
0.999940872 0.010865266 0.000497239 0.253909141 -0.010867069 0.999933779 0.003779722 -0.924983621 -0.000456138 -0.003784902 0.999992728 60.322658539
0.999949455 0.010048507 0.000245198 0.255156219 -0.010049496 0.999939620 0.004439232 -0.936390042 -0.000200576 -0.004441472 0.999990106 61.013294220
0.999945521 0.010426281 -0.000450266 0.252921849 -0.010423914 0.999933302 0.004975145 -0.950794160 0.000502108 -0.004970180 0.999987543 61.669319153
0.999927282 0.012057664 -0.000247992 0.239629358 -0.012056160 0.999912918 0.005365268 -0.956906199 0.000312663 -0.005361888 0.999985576 62.318740845
0.999929070 0.011906432 -0.000366881 0.235349610 -0.011904248 0.999914169 0.005468660 -0.967692733 0.000431961 -0.005463905 0.999984980 62.935375214
0.999941528 0.010808210 -0.000330816 0.227845743 -0.010805850 0.999920785 0.006454727 -0.975460768 0.000400554 -0.006450775 0.999979138 63.528793335
0.999952972 0.009646107 -0.001004626 0.233350739 -0.009638241 0.999924958 0.007560337 -0.983811200 0.001077479 -0.007550299 0.999970913 64.102539062
0.999950588 0.009897817 -0.000949270 0.225805074 -0.009890519 0.999923646 0.007406441 -0.990764260 0.001022505 -0.007396686 0.999972105 64.643676758
0.999946654 0.010301341 -0.000745424 0.218939096 -0.010295834 0.999922156 0.007049219 -0.998401642 0.000817982 -0.007041168 0.999974847 65.170585632
0.999952257 0.009720931 -0.001017750 0.217838138 -0.009714034 0.999931216 0.006575382 -1.003449440 0.001081598 -0.006565182 0.999977887 65.674407959
0.999955833 0.009308180 -0.001292655 0.220360741 -0.009300319 0.999938965 0.005959344 -1.013074994 0.001348047 -0.005947059 0.999981403 66.168212891
0.999955773 0.009179041 -0.002044395 0.215398774 -0.009168654 0.999945283 0.005033476 -1.019365430 0.002090486 -0.005014508 0.999985218 66.622535706
0.999958098 0.008893668 -0.002176844 0.213835448 -0.008884374 0.999951541 0.004242193 -1.024570465 0.002214467 -0.004222675 0.999988616 67.067024231
0.999950290 0.009720624 -0.002214188 0.208777055 -0.009709943 0.999941409 0.004784960 -1.028320670 0.002260571 -0.004763223 0.999986112 67.487388611
0.999946296 0.010066162 -0.002461217 0.203036860 -0.010055722 0.999940515 0.004218176 -1.033601284 0.002503531 -0.004193200 0.999988079 67.880813599
0.999942064 0.010318132 -0.003075827 0.205762401 -0.010304305 0.999936879 0.004478179 -1.042103529 0.003121839 -0.004446226 0.999985218 68.260200500
0.999945343 0.010033613 -0.002939853 0.199569836 -0.010019658 0.999938667 0.004723480 -1.049518108 0.002987067 -0.004693766 0.999984503 68.611869812
0.999940157 0.010414196 -0.003343927 0.199352503 -0.010396969 0.999932826 0.005128672 -1.053101897 0.003397113 -0.005093599 0.999981284 68.941864014
0.999941647 0.010237367 -0.003451748 0.195814699 -0.010218716 0.999933302 0.005378353 -1.057671666 0.003506578 -0.005342767 0.999979556 69.248619080
0.999937713 0.010633427 -0.003397930 0.194880471 -0.010612681 0.999925256 0.006066348 -1.061095357 0.003462182 -0.006029909 0.999975801 69.531944275
0.999936163 0.010738774 -0.003506072 0.190695137 -0.010717507 0.999924362 0.006029072 -1.063811183 0.003570552 -0.005991111 0.999975681 69.790740967
0.999932647 0.011002913 -0.003688975 0.187861532 -0.010981909 0.999923646 0.005666468 -1.065647721 0.003751041 -0.005625575 0.999977112 70.024902344
0.999945283 0.009768738 -0.003749339 0.190727368 -0.009745673 0.999933779 0.006121476 -1.076311588 0.003808889 -0.006084600 0.999974251 70.240951538
0.999949694 0.009261128 -0.003853423 0.191442728 -0.009236841 0.999937654 0.006273593 -1.078229427 0.003911283 -0.006237684 0.999972880 70.434326172
0.999951303 0.009012740 -0.004020512 0.190077156 -0.008985743 0.999937296 0.006683273 -1.079293966 0.004080495 -0.006646820 0.999969602 70.609497070
0.999952853 0.009021436 -0.003597173 0.184665859 -0.008996185 0.999935210 0.006975143 -1.084019065 0.003659866 -0.006942453 0.999969184 70.758987427
0.999941945 0.010021959 -0.003955990 0.185436234 -0.009993590 0.999924660 0.007126993 -1.084237456 0.004027118 -0.007087044 0.999966800 70.894744873
0.999944091 0.009807555 -0.003960327 0.180635720 -0.009778881 0.999926269 0.007195825 -1.087663293 0.004030608 -0.007156695 0.999966264 71.008697510
0.999945521 0.009644731 -0.003994870 0.180838123 -0.009616427 0.999928951 0.007044765 -1.088400006 0.004062532 -0.007005964 0.999967217 71.105934143
0.999950886 0.009064729 -0.004012249 0.181490570 -0.009038853 0.999938548 0.006421126 -1.088822007 0.004070208 -0.006384544 0.999971330 71.185256958
0.999949872 0.009214778 -0.003922071 0.181332245 -0.009190997 0.999939501 0.006038954 -1.089675426 0.003977482 -0.006002603 0.999974072 71.254539490
0.999945760 0.009550046 -0.004161887 0.180464089 -0.009524850 0.999936461 0.006032165 -1.093124270 0.004219230 -0.005992196 0.999973118 71.308967590
0.999943495 0.009792804 -0.004142709 0.178837761 -0.009768812 0.999935627 0.005772318 -1.090282798 0.004198969 -0.005731523 0.999974787 71.349159241
0.999943078 0.009794676 -0.004233030 0.178172365 -0.009770055 0.999935448 0.005798462 -1.089434385 0.004289551 -0.005756775 0.999974251 71.380828857
0.999943495 0.009787647 -0.004146198 0.176358610 -0.009763700 0.999935746 0.005756942 -1.090453506 0.004202279 -0.005716134 0.999974847 71.400985718
0.999944568 0.009682021 -0.004134071 0.177725002 -0.009658362 0.999937057 0.005705236 -1.090189695 0.004189049 -0.005664991 0.999975204 71.406379700
0.999943733 0.009778271 -0.004108905 0.176636964 -0.009754228 0.999935448 0.005831462 -1.091245174 0.004165661 -0.005791055 0.999974549 71.404220581
0.999942601 0.009886001 -0.004136173 0.174867526 -0.009868346 0.999942183 0.004267210 -1.092108965 0.004178119 -0.004226148 0.999982357 71.397377014
0.999942303 0.009881780 -0.004215961 0.175040573 -0.009873129 0.999949098 0.002067735 -1.096804380 0.004236180 -0.002025991 0.999988973 71.396385193
0.999944150 0.009742474 -0.004101778 0.177075103 -0.009736863 0.999951661 0.001385786 -1.095522046 0.004115080 -0.001345770 0.999990642 71.396751404
0.999942720 0.009803087 -0.004298891 0.177577764 -0.009794580 0.999950051 0.001995835 -1.095262051 0.004318242 -0.001953614 0.999988794 71.394920349
0.999941170 0.009955575 -0.004310523 0.176264778 -0.009948350 0.999949098 0.001694253 -1.095120788 0.004327171 -0.001651271 0.999989271 71.397392273
0.999942958 0.009844377 -0.004138662 0.175370425 -0.009836677 0.999949872 0.001876752 -1.095061541 0.004156930 -0.001835934 0.999989688 71.395042419
0.999942839 0.009815787 -0.004234414 0.175945610 -0.009806889 0.999949694 0.002116984 -1.094446540 0.004254981 -0.002075337 0.999988794 71.395919800
0.999943316 0.009807142 -0.004149874 0.176366940 -0.009799991 0.999950469 0.001739991 -1.094750166 0.004166733 -0.001699223 0.999989867 71.396240234
0.999943674 0.009780776 -0.004125988 0.174403876 -0.009772205 0.999950051 0.002092237 -1.094678998 0.004146245 -0.002051799 0.999989271 71.395904541
0.999941945 0.009915177 -0.004223137 0.175550446 -0.009906789 0.999948919 0.002002387 -1.094091296 0.004242775 -0.001960433 0.999989092 71.397018433
0.999943972 0.009747487 -0.004129749 0.174951985 -0.009739735 0.999950767 0.001892917 -1.094328523 0.004147997 -0.001852588 0.999989688 71.396240234
0.999944866 0.009610281 -0.004233118 0.175675392 -0.009601544 0.999951720 0.002079798 -1.095033765 0.004252901 -0.002039039 0.999988854 71.395309448
0.999943256 0.009829342 -0.004100351 0.174372807 -0.009820837 0.999949574 0.002089511 -1.094358563 0.004120683 -0.002049123 0.999989390 71.396324158
0.999942720 0.009868967 -0.004140265 0.174587443 -0.009860747 0.999949396 0.002001344 -1.094519138 0.004159807 -0.001960404 0.999989450 71.396759033
0.999942422 0.009871558 -0.004211486 0.175707698 -0.009863438 0.999949455 0.001944521 -1.093733430 0.004230469 -0.001902869 0.999989212 71.397544861
0.999942899 0.009838792 -0.004165706 0.175284550 -0.009830413 0.999949634 0.002027117 -1.094278812 0.004185440 -0.001986051 0.999989271 71.396629333
0.999942899 0.009826527 -0.004201148 0.174922734 -0.009817794 0.999949634 0.002094277 -1.094927430 0.004221515 -0.002052911 0.999988973 71.395942688
0.999943137 0.009794345 -0.004217683 0.175775617 -0.009786205 0.999950230 0.001946373 -1.093742609 0.004236537 -0.001904987 0.999989212 71.396476746
0.999943137 0.009818508 -0.004164731 0.176081151 -0.009810207 0.999949872 0.002009057 -1.094279766 0.004184248 -0.001968086 0.999989331 71.396537781
0.999943078 0.009817173 -0.004174435 0.175571650 -0.009808723 0.999949813 0.002039722 -1.094293833 0.004194250 -0.001998660 0.999989212 71.396644592
0.999943256 0.009797584 -0.004179496 0.175619945 -0.009789372 0.999950111 0.001980912 -1.094868660 0.004198696 -0.001939885 0.999989331 71.395095825
0.999940932 0.010088864 -0.004037215 0.174043328 -0.010080315 0.999946892 0.002132237 -1.096353173 0.004058512 -0.002091415 0.999989569 71.396881104
0.999940932 0.010046336 -0.004151011 0.175530210 -0.010037477 0.999947309 0.002149566 -1.096170783 0.004172388 -0.002107773 0.999989092 71.395446777
0.999941647 0.009990899 -0.004102627 0.175134555 -0.009982429 0.999948025 0.002079753 -1.095031381 0.004123192 -0.002038678 0.999989450 71.397514343
0.999943316 0.009772819 -0.004219023 0.177329555 -0.009764492 0.999950349 0.001989915 -1.093755245 0.004238260 -0.001948606 0.999989092 71.396057129
0.999943495 0.009724994 -0.004289060 0.177200511 -0.009716365 0.999950767 0.002028109 -1.094541669 0.004308572 -0.001986320 0.999988735 71.396133423
0.999941051 0.009978516 -0.004273926 0.176815853 -0.009969847 0.999948204 0.002044753 -1.094800591 0.004294108 -0.002002022 0.999988794 71.397232056
0.999942899 0.009806662 -0.004251730 0.177643284 -0.009798162 0.999949992 0.002015490 -1.094969273 0.004271282 -0.001973716 0.999988914 71.395057678
0.999942780 0.009840300 -0.004191276 0.175608188 -0.009831489 0.999949455 0.002117732 -1.095027328 0.004211903 -0.002076404 0.999988973 71.397872925
0.999942660 0.009849802 -0.004206706 0.175933674 -0.009840809 0.999949276 0.002153131 -1.095591545 0.004227700 -0.002111610 0.999988854 71.396644592
0.999943554 0.009742771 -0.004241193 0.176856026 -0.009734713 0.999950767 0.001916715 -1.093802929 0.004259658 -0.001875320 0.999989152 71.395690918
0.999941468 0.010003654 -0.004114382 0.174909174 -0.009995495 0.999948025 0.001998988 -1.094844103 0.004134166 -0.001957746 0.999989510 71.397674561
0.999940217 0.010120795 -0.004137274 0.175153092 -0.010112590 0.999946892 0.001999267 -1.094710588 0.004157289 -0.001957309 0.999989450 71.397132874
0.999941647 0.009951256 -0.004205174 0.176111668 -0.009942985 0.999948621 0.001983213 -1.094892502 0.004224694 -0.001941285 0.999989212 71.396308899
0.999941587 0.009973957 -0.004167209 0.175660133 -0.009965668 0.999948323 0.002005412 -1.094759941 0.004186996 -0.001963766 0.999989331 71.395912170
0.999943197 0.009816340 -0.004154259 0.175361693 -0.009808498 0.999950111 0.001904118 -1.094038248 0.004172743 -0.001863263 0.999989569 71.396949768
0.999942780 0.009877952 -0.004113404 0.175294280 -0.009869863 0.999949336 0.001982074 -1.093938231 0.004132775 -0.001941362 0.999989569 71.395782471
0.999942541 0.009884789 -0.004147267 0.175695196 -0.009876891 0.999949396 0.001920609 -1.094069481 0.004166042 -0.001879536 0.999989569 71.396018982
0.999943435 0.009730673 -0.004289166 0.177030727 -0.009722140 0.999950707 0.002006161 -1.094509006 0.004308476 -0.001964347 0.999988794 71.394721985
0.999944210 0.009682219 -0.004227334 0.175681546 -0.009673659 0.999951124 0.002040522 -1.094813704 0.004246884 -0.001999514 0.999988973 71.395271301
0.999943435 0.009753624 -0.004240014 0.176517501 -0.009745381 0.999950588 0.001960486 -1.093671679 0.004258926 -0.001919054 0.999989092 71.397056580
0.999943376 0.009730432 -0.004301923 0.176969707 -0.009721798 0.999950707 0.002023581 -1.094203949 0.004321401 -0.001981644 0.999988675 71.396751404
0.999943674 0.009712856 -0.004283586 0.177275345 -0.009704512 0.999951005 0.001964755 -1.093375444 0.004302459 -0.001923074 0.999988914 71.397689819
0.999944091 0.009678159 -0.004266466 0.176498219 -0.009669854 0.999951303 0.001962792 -1.093209147 0.004285255 -0.001921427 0.999988973 71.397346497
0.999942839 0.009832551 -0.004196113 0.176146790 -0.009824414 0.999949813 0.001955336 -1.093594909 0.004215129 -0.001914000 0.999989271 71.397026062
0.999942958 0.009789702 -0.004274921 0.176731884 -0.009781225 0.999950171 0.001999684 -1.094335675 0.004294285 -0.001957756 0.999988854 71.397712708
0.999943554 0.009720785 -0.004287575 0.176889956 -0.009712026 0.999950707 0.002058775 -1.094413877 0.004307377 -0.002017018 0.999988675 71.395996094
0.999944985 0.009545112 -0.004345195 0.177484706 -0.009536270 0.999952435 0.002051259 -1.094329596 0.004364568 -0.002009709 0.999988437 71.395210266
0.999943614 0.009813234 -0.004051373 0.174869269 -0.009805194 0.999949932 0.001999648 -1.093859792 0.004070793 -0.001959811 0.999989808 71.397483826
0.999943912 0.009774406 -0.004084068 0.174357593 -0.009766654 0.999950469 0.001913691 -1.093666673 0.004102571 -0.001873696 0.999989808 71.396606445
0.999944329 0.009716231 -0.004112697 0.175182760 -0.009707842 0.999950767 0.002054974 -1.094933510 0.004132461 -0.002014935 0.999989450 71.395660400
0.999943852 0.009754656 -0.004138766 0.175483674 -0.009746051 0.999950290 0.002093989 -1.094913363 0.004158987 -0.002053535 0.999989271 71.396156311
0.999943912 0.009762548 -0.004113127 0.175347507 -0.009754282 0.999950349 0.002024761 -1.094959974 0.004132690 -0.001984527 0.999989510 71.394767761
0.999943972 0.009762005 -0.004096827 0.175029889 -0.009753594 0.999950290 0.002067871 -1.094592810 0.004116809 -0.002027797 0.999989450 71.396522522
0.999943614 0.009765650 -0.004174051 0.176125899 -0.009757277 0.999950349 0.002021948 -1.094928622 0.004193590 -0.001981106 0.999989271 71.396087646
0.999943674 0.009784759 -0.004117505 0.174953476 -0.009776501 0.999950171 0.002021035 -1.094624758 0.004137075 -0.001980666 0.999989510 71.396156311
0.999942899 0.009845664 -0.004152763 0.175351024 -0.009837240 0.999949515 0.002044047 -1.094465017 0.004172678 -0.002003078 0.999989271 71.396156311
0.999943376 0.009762791 -0.004237025 0.176747367 -0.009754702 0.999950588 0.001925649 -1.093669176 0.004255615 -0.001884209 0.999989152 71.395736694
0.999943018 0.009816878 -0.004195325 0.177088797 -0.009808344 0.999949813 0.002050047 -1.094070435 0.004215239 -0.002008781 0.999989092 71.396438599
0.999943614 0.009757699 -0.004192269 0.176606208 -0.009749299 0.999950409 0.002019669 -1.094278455 0.004211769 -0.001978683 0.999989152 71.397445679
0.999943256 0.009800315 -0.004178509 0.176612094 -0.009792143 0.999950111 0.001971588 -1.094099045 0.004197623 -0.001930559 0.999989331 71.397232056
0.999942958 0.009842128 -0.004150426 0.176111266 -0.009833989 0.999949694 0.001976654 -1.093822002 0.004169671 -0.001935726 0.999989450 71.395629883
0.999942422 0.009896849 -0.004151562 0.175662354 -0.009888650 0.999949098 0.001990936 -1.094177008 0.004171055 -0.001949769 0.999989390 71.396453857
0.999943018 0.009852846 -0.004111744 0.175156206 -0.009844688 0.999949515 0.001999671 -1.094160199 0.004131238 -0.001959078 0.999989569 71.396675110
0.999943137 0.009847277 -0.004100027 0.174639001 -0.009838964 0.999949515 0.002042836 -1.094091058 0.004119936 -0.002002379 0.999989510 71.396545410
0.999943674 0.009767370 -0.004152332 0.175568640 -0.009759170 0.999950409 0.001990753 -1.094111443 0.004171570 -0.001950118 0.999989390 71.396377563
0.999944687 0.009690715 -0.004091097 0.175266758 -0.009682495 0.999951065 0.002024133 -1.093764186 0.004110512 -0.001984409 0.999989569 71.396141052
0.999943078 0.009847919 -0.004110220 0.175290480 -0.009840138 0.999949753 0.001908935 -1.093310356 0.004128812 -0.001868381 0.999989748 71.397552490
0.999943137 0.009835752 -0.004120057 0.175916910 -0.009827635 0.999949753 0.001985613 -1.093412638 0.004139380 -0.001945010 0.999989569 71.396850586
0.999942720 0.009891068 -0.004086076 0.175556362 -0.009883288 0.999949336 0.001919712 -1.092845082 0.004104856 -0.001879219 0.999989808 71.397605896
0.999943078 0.009861899 -0.004070783 0.174727872 -0.009854043 0.999949574 0.001945348 -1.093418956 0.004089762 -0.001905123 0.999989808 71.397949219
0.999942720 0.009893860 -0.004084887 0.175453663 -0.009885739 0.999949157 0.002003664 -1.093698263 0.004104504 -0.001963167 0.999989629 71.397727966
0.999943256 0.009844674 -0.004074178 0.175296083 -0.009837129 0.999949872 0.001867775 -1.093358397 0.004092362 -0.001827590 0.999989927 71.397354126
0.999942541 0.009904219 -0.004106690 0.175333992 -0.009896193 0.999949098 0.001970116 -1.093686342 0.004125993 -0.001929362 0.999989629 71.397705078
0.999943912 0.009775431 -0.004071926 0.176016763 -0.009767497 0.999950349 0.001963878 -1.093933225 0.004090922 -0.001923995 0.999989808 71.397193909
0.999942958 0.009857038 -0.004118172 0.176407456 -0.009849505 0.999949813 0.001845653 -1.093018055 0.004136158 -0.001804986 0.999989808 71.397636414
0.999942660 0.009866657 -0.004164300 0.177024826 -0.009858724 0.999949574 0.001921238 -1.093523502 0.004183046 -0.001880073 0.999989510 71.396659851
0.999943137 0.009818968 -0.004164954 0.176490784 -0.009811048 0.999950051 0.001917838 -1.093602777 0.004183576 -0.001876866 0.999989510 71.395866394
0.999943256 0.009853212 -0.004051689 0.175526634 -0.009845591 0.999949753 0.001896481 -1.093312979 0.004070172 -0.001856483 0.999989986 71.396766663
0.999943674 0.009815428 -0.004034282 0.175275370 -0.009807945 0.999950171 0.001870645 -1.093256831 0.004052442 -0.001830972 0.999990106 71.397415161
0.999944150 0.009714172 -0.004161815 0.176238909 -0.009706314 0.999951065 0.001904243 -1.093856692 0.004180110 -0.001863740 0.999989510 71.397171021
0.999943793 0.009798133 -0.004045206 0.175258458 -0.009790456 0.999950230 0.001913281 -1.092792034 0.004063751 -0.001873569 0.999989986 71.396987915
0.999943733 0.009798508 -0.004066100 0.175072595 -0.009791033 0.999950349 0.001854137 -1.093340039 0.004084066 -0.001814221 0.999989986 71.397468567
0.999943852 0.009816294 -0.003989039 0.174608976 -0.009808549 0.999949992 0.001956455 -1.094041586 0.004008045 -0.001917218 0.999990106 71.396102905
0.999943554 0.009832887 -0.004022131 0.174675003 -0.009824738 0.999949634 0.002040784 -1.094440699 0.004041995 -0.002001152 0.999989808 71.395996094
0.999943256 0.009801686 -0.004178341 0.176161259 -0.009793798 0.999950230 0.001903947 -1.093945384 0.004196795 -0.001862917 0.999989450 71.394958496
0.999943733 0.009810207 -0.004028752 0.174711734 -0.009802335 0.999949992 0.001969352 -1.094263911 0.004047870 -0.001929750 0.999989927 71.396896362
0.999942780 0.009858674 -0.004145697 0.174964651 -0.009850618 0.999949574 0.001959156 -1.094072223 0.004164802 -0.001918206 0.999989510 71.395957947
0.999941409 0.009999557 -0.004149628 0.175871328 -0.009991476 0.999948144 0.001963523 -1.094196916 0.004169047 -0.001921947 0.999989450 71.397026062
0.999942958 0.009847685 -0.004140026 0.176144421 -0.009839380 0.999949574 0.002021660 -1.094437480 0.004159726 -0.001980809 0.999989390 71.397285461
0.999942720 0.009840604 -0.004209960 0.176027954 -0.009832671 0.999949872 0.001900780 -1.094301224 0.004228454 -0.001859276 0.999989331 71.395484924
0.999943197 0.009841646 -0.004087612 0.175316259 -0.009833433 0.999949574 0.002024696 -1.094611883 0.004107332 -0.001984386 0.999989569 71.396530151
0.999943078 0.009847690 -0.004100465 0.175846696 -0.009839840 0.999949753 0.001930367 -1.093577862 0.004119269 -0.001889910 0.999989748 71.397483826
0.999943078 0.009835624 -0.004135969 0.175741643 -0.009827059 0.999949515 0.002086098 -1.094762683 0.004156278 -0.002045335 0.999989271 71.396499634
0.999941707 0.009970162 -0.004144089 0.175707996 -0.009962230 0.999948502 0.001930403 -1.093120337 0.004163123 -0.001889006 0.999989569 71.397979736
0.999941111 0.010062517 -0.004061458 0.175505236 -0.010054260 0.999947369 0.002048420 -1.095507503 0.004081856 -0.002007464 0.999989629 71.396247864
0.999941945 0.009983161 -0.004053995 0.174854949 -0.009974974 0.999948204 0.002034468 -1.094659090 0.004074096 -0.001993912 0.999989688 71.396423340
0.999942183 0.009949902 -0.004082004 0.175384179 -0.009941785 0.999948561 0.002004138 -1.094595313 0.004101735 -0.001963439 0.999989688 71.396697998
0.999942124 0.009970783 -0.004038207 0.174476236 -0.009963039 0.999948502 0.001933168 -1.094148993 0.004057274 -0.001892823 0.999989986 71.396347046
0.999942720 0.009891692 -0.004081478 0.175188527 -0.009883868 0.999949276 0.001932606 -1.093736410 0.004100388 -0.001892154 0.999989808 71.396362305
0.999944031 0.009732207 -0.004144563 0.176416785 -0.009724570 0.999951005 0.001858759 -1.094095349 0.004162450 -0.001818351 0.999989688 71.395828247
0.999942183 0.009925359 -0.004130197 0.175661296 -0.009916928 0.999948740 0.002056933 -1.095002532 0.004150401 -0.002015855 0.999989331 71.395606995
0.999942720 0.009899700 -0.004067190 0.175683260 -0.009891878 0.999949217 0.001938855 -1.093727231 0.004086178 -0.001898512 0.999989867 71.396423340
0.999942720 0.009886073 -0.004099724 0.175532803 -0.009878419 0.999949455 0.001882819 -1.093725920 0.004118131 -0.001842212 0.999989808 71.396202087
0.999942183 0.009919534 -0.004157441 0.176404566 -0.009911342 0.999948919 0.001986587 -1.093578815 0.004176935 -0.001945266 0.999989390 71.396987915
0.999942064 0.009915462 -0.004194918 0.176486835 -0.009907627 0.999949157 0.001884249 -1.093745708 0.004213388 -0.001842578 0.999989450 71.395706177
0.999942780 0.009863988 -0.004140164 0.175482675 -0.009855848 0.999949455 0.001981769 -1.094459534 0.004159503 -0.001940851 0.999989450 71.397071838
0.999942601 0.009890339 -0.004116281 0.175007403 -0.009882046 0.999949098 0.002030140 -1.094741344 0.004136151 -0.001989346 0.999989450 71.396720886
0.999943078 0.009774546 -0.004282488 0.177083969 -0.009766448 0.999950469 0.001907784 -1.093599439 0.004300924 -0.001865850 0.999989033 71.397148132
0.999942839 0.009822874 -0.004225852 0.176264942 -0.009814349 0.999949753 0.002033461 -1.094238877 0.004245614 -0.001991870 0.999989033 71.396690369
0.999942958 0.009822941 -0.004192780 0.176858038 -0.009814758 0.999949872 0.001967904 -1.093951583 0.004211901 -0.001926640 0.999989271 71.397880554
0.999942660 0.009870554 -0.004150047 0.176380917 -0.009862447 0.999949455 0.001969293 -1.093792677 0.004169276 -0.001928251 0.999989450 71.396156311
0.999942422 0.009901463 -0.004135375 0.176157728 -0.009893078 0.999948978 0.002043153 -1.094539881 0.004155395 -0.002002124 0.999989390 71.397613525
0.999942899 0.009858400 -0.004124498 0.175839975 -0.009850166 0.999949455 0.002011977 -1.094857693 0.004144125 -0.001971235 0.999989450 71.396972656
0.999943316 0.009833282 -0.004078651 0.175766572 -0.009825079 0.999949694 0.002026258 -1.094338417 0.004098370 -0.001986070 0.999989629 71.396324158
0.999942422 0.009897728 -0.004141640 0.176115632 -0.009889740 0.999949217 0.001944831 -1.093633652 0.004160679 -0.001903759 0.999989510 71.396301270
0.999943852 0.009804199 -0.004023167 0.174903840 -0.009796241 0.999950051 0.001992794 -1.094241142 0.004042504 -0.001953271 0.999989927 71.396148682
0.999943435 0.009817300 -0.004092459 0.175000057 -0.009809240 0.999949932 0.001985033 -1.094139576 0.004111741 -0.001944777 0.999989629 71.396034241
0.999942839 0.009932212 -0.003951550 0.174011320 -0.009924402 0.999948740 0.001991165 -1.094626665 0.003971124 -0.001951835 0.999990225 71.395744324
0.999942183 0.009918794 -0.004155598 0.176125914 -0.009910525 0.999948859 0.002005887 -1.093980551 0.004175281 -0.001964587 0.999989331 71.395950317
0.999942124 0.009934104 -0.004126817 0.175350443 -0.009925568 0.999948561 0.002083752 -1.094896317 0.004147305 -0.002042671 0.999989331 71.396812439
0.999942958 0.009871891 -0.004079922 0.175309539 -0.009863805 0.999949336 0.001997332 -1.094307303 0.004099433 -0.001956975 0.999989688 71.397186279
0.999943554 0.009780642 -0.004157394 0.175562546 -0.009772426 0.999950290 0.001991949 -1.094079494 0.004176670 -0.001951208 0.999989390 71.396697998
0.999942124 0.009892530 -0.004225921 0.177206099 -0.009884293 0.999949217 0.001965549 -1.094158053 0.004245151 -0.001923665 0.999989152 71.396255493
0.999943614 0.009766852 -0.004171604 0.176278114 -0.009758294 0.999950230 0.002067001 -1.094553590 0.004191584 -0.002026177 0.999989152 71.395660400
0.999942899 0.009797035 -0.004270606 0.177484632 -0.009788518 0.999950051 0.002010726 -1.094392657 0.004290092 -0.001968808 0.999988854 71.396362305
0.999942541 0.009823657 -0.004293435 0.176820740 -0.009815043 0.999949813 0.002022605 -1.095047712 0.004313089 -0.001980349 0.999988735 71.395568848
0.999942183 0.009888272 -0.004231511 0.176301405 -0.009879848 0.999949157 0.002006977 -1.094374061 0.004251141 -0.001965054 0.999989033 71.395408630
0.999943733 0.009771242 -0.004131451 0.175509244 -0.009762917 0.999950290 0.002030268 -1.094935536 0.004151084 -0.001989819 0.999989390 71.396766663
0.999942839 0.009838467 -0.004192831 0.177051932 -0.009829985 0.999949634 0.002038565 -1.094263077 0.004212676 -0.001997234 0.999989152 71.397644043
0.999942720 0.009864428 -0.004154531 0.175990909 -0.009856001 0.999949336 0.002044000 -1.094758511 0.004174484 -0.002002936 0.999989271 71.395980835
0.999942422 0.009875521 -0.004193507 0.176348642 -0.009867188 0.999949336 0.002003219 -1.094857574 0.004213077 -0.001961726 0.999989212 71.396247864
0.999943197 0.009831020 -0.004121203 0.176395044 -0.009822764 0.999949694 0.002018756 -1.094411850 0.004140842 -0.001978160 0.999989450 71.396583557
0.999942243 0.009901617 -0.004186312 0.176518813 -0.009893552 0.999949157 0.001942585 -1.094224334 0.004205334 -0.001901055 0.999989331 71.396179199
0.999943197 0.009789135 -0.004216249 0.176966533 -0.009780679 0.999950111 0.002021736 -1.094317317 0.004235830 -0.001980384 0.999989092 71.396148682
0.999943078 0.009801026 -0.004211704 0.177029416 -0.009792859 0.999950111 0.001955299 -1.093726397 0.004230658 -0.001913943 0.999989212 71.395545959
0.999942660 0.009804630 -0.004303375 0.177388519 -0.009796338 0.999950111 0.001943753 -1.094403625 0.004322218 -0.001901484 0.999988854 71.393707275
0.999943435 0.009793143 -0.004147576 0.176089913 -0.009784562 0.999949932 0.002084358 -1.095160723 0.004167781 -0.002043657 0.999989212 71.395790100
0.999943376 0.009797501 -0.004159767 0.176023796 -0.009789217 0.999950051 0.002007223 -1.095051527 0.004179225 -0.001966388 0.999989331 71.395896912
0.999943554 0.009756225 -0.004212542 0.177077323 -0.009747983 0.999950528 0.001972791 -1.093896270 0.004231581 -0.001931616 0.999989152 71.396759033
0.999942780 0.009853921 -0.004165344 0.175614297 -0.009845653 0.999949515 0.002000894 -1.094911337 0.004184850 -0.001959769 0.999989331 71.396949768
0.999943495 0.009757887 -0.004220529 0.176380485 -0.009749298 0.999950349 0.002050710 -1.095694184 0.004240330 -0.002009447 0.999988973 71.396339417
0.999943554 0.009785080 -0.004147228 0.177002415 -0.009776445 0.999949992 0.002097332 -1.094434977 0.004167544 -0.002056669 0.999989212 71.396286011
0.999943256 0.009816707 -0.004133468 0.176032275 -0.009808472 0.999949872 0.002007637 -1.094581723 0.004152969 -0.001966980 0.999989450 71.397529602
0.999943793 0.009768687 -0.004123187 0.175850511 -0.009760153 0.999950171 0.002084882 -1.095285535 0.004143348 -0.002044522 0.999989331 71.396347046
0.999942541 0.009888729 -0.004143376 0.177145690 -0.009880155 0.999949038 0.002084502 -1.094713807 0.004163778 -0.002043445 0.999989271 71.398231506
0.999943435 0.009751623 -0.004247179 0.177041501 -0.009743426 0.999950647 0.001946628 -1.094382644 0.004265952 -0.001905136 0.999989092 71.397064209
0.999943376 0.009810433 -0.004121457 0.176263809 -0.009801968 0.999949813 0.002069194 -1.094357014 0.004141550 -0.002028679 0.999989390 71.396827698
0.999943435 0.009808555 -0.004108279 0.175796166 -0.009800674 0.999950111 0.001934026 -1.093923807 0.004127044 -0.001893653 0.999989688 71.396560669
0.999943316 0.009839856 -0.004062918 0.175105885 -0.009831547 0.999949574 0.002060025 -1.094522119 0.004082983 -0.002019963 0.999989629 71.395774841
0.999943912 0.009747052 -0.004140353 0.177002475 -0.009738617 0.999950469 0.002052434 -1.094463587 0.004160153 -0.002011997 0.999989331 71.397621155
0.999943674 0.009772107 -0.004146385 0.175990939 -0.009764043 0.999950409 0.001960697 -1.094416380 0.004165340 -0.001920101 0.999989510 71.396667480
0.999942720 0.009902061 -0.004069536 0.175707415 -0.009894241 0.999949157 0.001937161 -1.094435334 0.004088511 -0.001896785 0.999989867 71.396049500
0.999943376 0.009805598 -0.004135451 0.176107720 -0.009797254 0.999949932 0.002033317 -1.095020056 0.004155182 -0.001992685 0.999989390 71.395957947
0.999942720 0.009834445 -0.004218248 0.176634595 -0.009825959 0.999949694 0.002027723 -1.094822288 0.004237977 -0.001986159 0.999989033 71.396568298
0.999943495 0.009798747 -0.004122457 0.175738409 -0.009790161 0.999949872 0.002097884 -1.095012426 0.004142807 -0.002057406 0.999989331 71.397216797
0.999945343 0.009618742 -0.004095021 0.175693795 -0.009610994 0.999952018 0.001907612 -1.093905449 0.004113173 -0.001868150 0.999989808 71.395980835
0.999944150 0.009749748 -0.004083230 0.175673485 -0.009741300 0.999950409 0.002083729 -1.094601512 0.004103343 -0.002043836 0.999989510 71.396194458
0.999943316 0.009791923 -0.004177501 0.176932558 -0.009783409 0.999950051 0.002053572 -1.094989061 0.004197401 -0.002012585 0.999989152 71.395782471
0.999944389 0.009707770 -0.004124725 0.176651508 -0.009699509 0.999950945 0.002018414 -1.094200969 0.004144117 -0.001978294 0.999989450 71.397628784
0.999943912 0.009740254 -0.004162788 0.176345065 -0.009731599 0.999950469 0.002094391 -1.094836116 0.004182982 -0.002053763 0.999989152 71.395492554
0.999943376 0.009825871 -0.004081065 0.175706923 -0.009817799 0.999949813 0.001993594 -1.094886422 0.004100449 -0.001953415 0.999989688 71.394897461
0.999942362 0.009896690 -0.004169083 0.176401213 -0.009887775 0.999948800 0.002153324 -1.095089436 0.004190180 -0.002111977 0.999988973 71.395896912
0.999943852 0.009771427 -0.004099066 0.175868511 -0.009763159 0.999950290 0.002032243 -1.094706535 0.004118720 -0.001992109 0.999989510 71.396911621
0.999942064 0.009934106 -0.004142415 0.176276803 -0.009925317 0.999948442 0.002136809 -1.095601678 0.004163429 -0.002095570 0.999989152 71.395484924
0.999943674 0.009774854 -0.004140332 0.175672889 -0.009766378 0.999950171 0.002062479 -1.094614148 0.004160286 -0.002021927 0.999989331 71.396553040
0.999942541 0.009917777 -0.004073011 0.174754620 -0.009909656 0.999948859 0.002009203 -1.094938397 0.004092730 -0.001968725 0.999989688 71.395957947
0.999943316 0.009791097 -0.004190310 0.176303387 -0.009782340 0.999949932 0.002105033 -1.095166087 0.004210711 -0.002063923 0.999989033 71.396240234
0.999942362 0.009917373 -0.004119237 0.175903544 -0.009908892 0.999948740 0.002074142 -1.095005989 0.004139596 -0.002033205 0.999989390 71.396171570
0.999944091 0.009707904 -0.004192711 0.177532643 -0.009699271 0.999950826 0.002074451 -1.095505953 0.004212643 -0.002033669 0.999989033 71.396232605
0.999943614 0.009720817 -0.004280181 0.178682908 -0.009712000 0.999950707 0.002075943 -1.094460607 0.004300150 -0.002034257 0.999988675 71.396987915
0.999944389 0.009686969 -0.004170503 0.176745772 -0.009678503 0.999951065 0.002045427 -1.094975233 0.004190112 -0.002004949 0.999989212 71.395904541
0.999943912 0.009719153 -0.004212869 0.177985907 -0.009710461 0.999950707 0.002078667 -1.094011545 0.004232864 -0.002037642 0.999988973 71.396759033
0.999943674 0.009766689 -0.004161349 0.177023485 -0.009757979 0.999950171 0.002108256 -1.095396280 0.004181732 -0.002067531 0.999989092 71.395767212
0.999944806 0.009647741 -0.004161467 0.176983640 -0.009639239 0.999951422 0.002058262 -1.095138192 0.004181122 -0.002018035 0.999989212 71.395759583
