1.000000000 0.000000000 0.000000000 0.000000000 0.000000000 1.000000000 0.000000000 0.000000000 0.000000000 0.000000000 1.000000000 0.000000000
0.999931753 -0.002779706 0.011347017 0.014035365 0.002767332 0.999995530 0.001106104 -0.005562155 -0.011350041 -0.001074627 0.999935031 0.302165002
0.999836087 -0.004778387 0.017464014 0.036979493 0.004755472 0.999987781 0.001353398 -0.011855700 -0.017470267 -0.001270127 0.999846578 0.600685418
0.999789119 -0.007465417 0.019130580 0.048712626 0.007468839 0.999972105 -0.000107431 -0.012418455 -0.019129245 0.000250292 0.999817014 0.905416965
0.999818265 -0.008856134 0.016881572 0.054904196 0.008883719 0.999959350 -0.001559770 -0.016548842 -0.016867071 0.001709457 0.999856293 1.231509686
0.999890685 -0.011691663 0.009052283 0.070759393 0.011722699 0.999925554 -0.003383052 -0.014586139 -0.009012056 0.003488800 0.999953330 1.539303184
0.999904394 -0.013369665 -0.003522786 0.067180432 0.013351759 0.999898076 -0.005058385 -0.020169178 0.003590056 0.005010866 0.999980986 1.866731405
0.999729156 -0.012745329 -0.019472947 0.039589636 0.012645080 0.999906182 -0.005262645 -0.036048975 0.019538194 0.005014983 0.999796510 2.204205275
0.999195337 -0.008257186 -0.039249349 0.012457641 0.008058492 0.999953926 -0.005217872 -0.040827833 0.039290626 0.004897383 0.999215841 2.546613932
0.998214364 -0.004577248 -0.059557866 -0.024043178 0.004175347 0.999967694 -0.006870773 -0.039907373 0.059587393 0.006609829 0.998201191 2.907457590
0.996804953 -0.004602392 -0.079741552 -0.067164809 0.004051608 0.999966800 -0.007067537 -0.049303200 0.079771437 0.006721875 0.996790528 3.279142857
0.994865179 -0.006039731 -0.101028591 -0.117451958 0.005404404 0.999963880 -0.006561108 -0.053203713 0.101064563 0.005981419 0.994861901 3.656561375
0.992677629 -0.007563409 -0.120556593 -0.177656218 0.006911870 0.999959171 -0.005821676 -0.059932146 0.120595701 0.004945775 0.992689371 4.034543991
0.990371227 -0.006351589 -0.138291344 -0.254176378 0.005652840 0.999969184 -0.005444899 -0.061841115 0.138321668 0.004610733 0.990376651 4.433136463
0.988061309 -0.005168462 -0.153974339 -0.335209548 0.004460807 0.999977827 -0.004941057 -0.067815281 0.153996468 0.004195218 0.988062501 4.844300270
0.985869646 -0.004594622 -0.167451337 -0.410618693 0.003876539 0.999981821 -0.004614931 -0.079610012 0.167469501 0.003900588 0.985869527 5.257609367
0.983676434 -0.006016599 -0.179845840 -0.496746033 0.005125096 0.999972165 -0.005421289 -0.085152969 0.179873452 0.004411067 0.983679891 5.696244717
0.981750309 -0.009642683 -0.189929724 -0.582487166 0.008302530 0.999934733 -0.007850488 -0.092154011 0.189993024 0.006130321 0.981766284 6.142544270
0.980237782 -0.008968852 -0.197619349 -0.684278667 0.007170074 0.999926090 -0.009815898 -0.096913777 0.197692782 0.008204969 0.980229676 6.609107971
0.978830695 -0.008572031 -0.204492033 -0.792532325 0.006430887 0.999917328 -0.011132818 -0.108957745 0.204570562 0.009582079 0.978804946 7.067408562
0.976975620 -0.009584940 -0.213135540 -0.897196412 0.006746260 0.999878645 -0.014041983 -0.117053047 0.213244274 0.012280808 0.976921737 7.554787636
0.975257337 -0.013049314 -0.220687315 -1.013794303 0.009853711 0.999830127 -0.015574951 -0.128543839 0.220853075 0.013014995 0.975220263 8.055528641
0.973383904 -0.019587317 -0.228342056 -1.125781178 0.016110903 0.999724329 -0.017078869 -0.139097184 0.228613645 0.012945499 0.973431170 8.558415413
0.971269965 -0.020557651 -0.237090707 -1.257136941 0.016352491 0.999672413 -0.019689646 -0.152699009 0.237417802 0.015246938 0.971287966 9.082149506
0.969288111 -0.016530817 -0.245371655 -1.410198927 0.011013668 0.999655128 -0.023840159 -0.166909069 0.245681122 0.020405542 0.969135880 9.605067253
0.967013299 -0.013718824 -0.254356146 -1.565462351 0.007207314 0.999622464 -0.026514305 -0.185254455 0.254623860 0.023806462 0.966747105 10.159708977
0.964711189 -0.016131537 -0.262815624 -1.720667601 0.008866508 0.999545693 -0.028805701 -0.199073315 0.263160914 0.025458926 0.964415967 10.720322609
0.962216318 -0.019684909 -0.271573633 -1.874524236 0.011711702 0.999452353 -0.030949021 -0.219868869 0.272034138 0.026599064 0.961919904 11.293660164
0.960030556 -0.018515263 -0.279282242 -2.054476976 0.009679815 0.999409080 -0.032982420 -0.249846265 0.279727876 0.028960729 0.959642410 11.864870071
0.957540333 -0.018358260 -0.287714273 -2.236334801 0.008155284 0.999295950 -0.036620792 -0.272392750 0.288184017 0.032719493 0.957015872 12.455344200
0.955353200 -0.019074401 -0.294849932 -2.433176756 0.007048455 0.999101281 -0.041795820 -0.302582711 0.295382202 0.037851535 0.954629064 13.050686836
0.953531027 -0.020406520 -0.300603032 -2.627034426 0.005825975 0.998766005 -0.049321163 -0.334908128 0.301238537 0.045277953 0.952473223 13.669986725
0.952189267 -0.021357032 -0.304761410 -2.832609892 0.004027966 0.998344481 -0.057376981 -0.372912675 0.305482268 0.053406175 0.950698912 14.287674904
0.950918794 -0.021527536 -0.308690757 -3.047101974 0.001144615 0.997815013 -0.066059843 -0.414598256 0.309438378 0.062464219 0.948865712 14.924060822
0.949697673 -0.020725019 -0.312481642 -3.274460554 -0.002909256 0.997180879 -0.074978828 -0.461444199 0.313154668 0.072116308 0.946960092 15.555525780
0.948230743 -0.020372581 -0.316928089 -3.498116255 -0.006010035 0.996610463 -0.082045205 -0.511558652 0.317525327 0.079702534 0.944894254 16.213644028
0.946742713 -0.018444661 -0.321462274 -3.735340595 -0.010602821 0.996030748 -0.088376135 -0.578288972 0.321816355 0.087077871 0.942789316 16.863426208
0.945089400 -0.017394384 -0.326348662 -3.976782799 -0.014255776 0.995437860 -0.094340853 -0.643004596 0.326500833 0.093812890 0.940529823 17.536245346
0.943467498 -0.015188048 -0.331116974 -4.233685493 -0.018952301 0.994843602 -0.099634312 -0.714756072 0.330922872 0.100277156 0.938314736 18.220344543
0.941675901 -0.013082930 -0.336266696 -4.493320465 -0.022921026 0.994429946 -0.102877378 -0.784850597 0.335739613 0.104584731 0.936130822 18.924221039
0.939781487 -0.011937520 -0.341567367 -4.754318237 -0.025186909 0.994253397 -0.104047157 -0.864533782 0.340846598 0.106384620 0.934080243 19.629791260
0.937692463 -0.011735508 -0.347268105 -5.036942005 -0.025689742 0.994352639 -0.102970324 -0.949270844 0.346515387 0.105475724 0.932095468 20.339155197
0.935358047 -0.012151833 -0.353493452 -5.315524578 -0.025406703 0.994519711 -0.101415172 -1.039055943 0.352788597 0.103840604 0.929923296 21.062349319
0.932670593 -0.012450702 -0.360514224 -5.604317188 -0.025214698 0.994709492 -0.099585094 -1.118644953 0.359846860 0.101970352 0.927422404 21.792364120
0.929481745 -0.011393293 -0.368692219 -5.899394035 -0.026158206 0.994970560 -0.096691951 -1.201030850 0.367939532 0.099517733 0.924508929 22.526178360
0.926292896 -0.009279350 -0.376690000 -6.220771790 -0.027061878 0.995476842 -0.091068529 -1.277438045 0.375831246 0.094550073 0.921852052 23.262231827
0.922670066 -0.005632611 -0.385549307 -6.544018745 -0.029746061 0.995873809 -0.085735269 -1.357229114 0.384441376 0.090573937 0.918695390 24.017164230
0.919136047 -0.002085340 -0.393934697 -6.878775120 -0.032753635 0.996119082 -0.081694484 -1.433605194 0.392576247 0.087991141 0.915500641 24.762872696
0.915367484 -0.001156939 -0.402617693 -7.224222660 -0.033979684 0.996206164 -0.080116831 -1.503572702 0.401182920 0.087017164 0.911855400 25.516427994
0.911183298 -0.001702528 -0.411997706 -7.572166920 -0.034085188 0.996251941 -0.079500459 -1.572149992 0.410588861 0.086482510 0.907710075 26.277700424
0.907232881 -0.001860699 -0.420624524 -7.937829971 -0.034239415 0.996345043 -0.078257509 -1.644509196 0.419232786 0.085399725 0.903853297 27.052465439
0.903216898 -0.000900383 -0.429183424 -8.313171387 -0.035549589 0.996404529 -0.076904498 -1.710148096 0.427709550 0.084718734 0.899937391 27.828004837
0.899577022 -0.001503614 -0.436759561 -8.706466675 -0.034311626 0.996660233 -0.074101515 -1.786932707 0.435412318 0.081645951 0.896521091 28.604354858
0.895742238 -0.001016742 -0.444572598 -9.110498428 -0.033600468 0.996982396 -0.069979660 -1.855801940 0.443302184 0.077621587 0.893005073 29.400913239
0.891907156 0.000516743 -0.452218294 -9.525270462 -0.033197071 0.997376084 -0.064334683 -1.919270992 0.450998455 0.072392888 0.889584005 30.208307266
0.888077140 0.001032083 -0.459693313 -9.947765350 -0.032321360 0.997662842 -0.060201414 -1.988946557 0.458556801 0.068321414 0.886034906 31.005887985
0.884359300 0.000365000 -0.466806710 -10.387537956 -0.031247677 0.997803032 -0.058418136 -2.052508593 0.465759844 0.066249251 0.882427812 31.826141357
0.880984783 -0.000772342 -0.473143995 -10.820817947 -0.029906923 0.997908115 -0.057315048 -2.108641624 0.472198486 0.064643964 0.879118741 32.640686035
0.877662301 -0.000313072 -0.479279429 -11.278343201 -0.029888360 0.998017669 -0.055383857 -2.166257381 0.478346705 0.062933199 0.875913143 33.473052979
0.874716818 -0.001898311 -0.484630674 -11.744616508 -0.027846104 0.998143375 -0.054169580 -2.225706577 0.483833730 0.060878120 0.873039961 34.310493469
0.872077048 -0.002800297 -0.489360601 -12.234532356 -0.027246803 0.998154640 -0.054267637 -2.285830498 0.488609493 0.060659073 0.870391428 35.164459229
0.869951963 -0.003808266 -0.493121803 -12.715808868 -0.026583234 0.998154044 -0.054605927 -2.345699549 0.492419481 0.060613304 0.868244827 36.007919312
0.868336260 -0.003815041 -0.495961308 -13.214167595 -0.027299542 0.998086870 -0.055473935 -2.400486946 0.495224118 0.061709542 0.866570830 36.877113342
0.867940307 -0.003719809 -0.496654540 -13.721072197 -0.026797706 0.998164654 -0.054306947 -2.457874298 0.495945007 0.060444392 0.866247654 37.755420685
0.867584884 -0.003398700 -0.497277528 -14.234164238 -0.026081229 0.998289406 -0.052326046 -2.520852089 0.496604741 0.058366895 0.866012156 38.648609161
0.867443681 -0.004350622 -0.497516364 -14.763024330 -0.024959877 0.998322129 -0.052248761 -2.578595877 0.496908933 0.057740804 0.865879655 39.553272247
0.866779804 -0.006717817 -0.498645872 -15.289399147 -0.022668744 0.998344898 -0.052854158 -2.641492128 0.498175621 0.057116587 0.865192890 40.458503723
0.865598738 -0.008893343 -0.500659287 -15.826125145 -0.020644760 0.998358309 -0.053427193 -2.701063871 0.500312507 0.056582503 0.863994122 41.383415222
0.863828778 -0.009485314 -0.503696263 -16.367065430 -0.019201852 0.998476326 -0.051733516 -2.759777546 0.503419459 0.054360799 0.862330437 42.310184479
0.861760557 -0.008514559 -0.507243812 -16.918304443 -0.018331677 0.998683512 -0.047907662 -2.824322701 0.506983936 0.050583564 0.860469997 43.242752075
0.858733356 -0.009140222 -0.512341201 -17.465084076 -0.015603890 0.998910785 -0.043974310 -2.883527756 0.512185037 0.045756724 0.857655406 44.163829803
0.854759097 -0.009161123 -0.518944025 -18.024467468 -0.014697007 0.999016047 -0.041843645 -2.948146582 0.518816769 0.043393161 0.853783488 45.069839478
0.849486649 -0.012248470 -0.527467906 -18.586877823 -0.012997844 0.998941243 -0.044129696 -3.006014347 0.527449965 0.044343535 0.848428071 45.967678070
0.843426824 -0.016075423 -0.537003517 -19.169506073 -0.011091158 0.998818219 -0.047319997 -3.071368217 0.537129581 0.045866944 0.842251778 46.881240845
0.837189198 -0.016140677 -0.546675205 -19.755729675 -0.011267705 0.998843253 -0.046746608 -3.127940655 0.546797335 0.045295533 0.836038888 47.772506714
0.831089795 -0.013565619 -0.555972815 -20.353044510 -0.011487816 0.999070406 -0.041549545 -3.188230276 0.556019604 0.040918317 0.830161393 48.680500031
0.826113939 -0.008607757 -0.563437343 -20.970226288 -0.014928370 0.999198079 -0.037153006 -3.250581980 0.563305318 0.039103821 0.825322986 49.557571411
0.822010636 -0.009096450 -0.569399536 -21.583820343 -0.015865458 0.999118507 -0.038865518 -3.301437855 0.569251120 0.040981654 0.821141720 50.434528351
0.818748355 -0.010656520 -0.574053645 -22.206914902 -0.016972629 0.998941541 -0.042751331 -3.363936901 0.573901594 0.044745781 0.817700922 51.300266266
0.815987706 -0.012170092 -0.577941120 -22.839092255 -0.020615840 0.998529732 -0.050133955 -3.414337397 0.577701509 0.052823436 0.814537048 52.168823242
0.812667310 -0.013237772 -0.582577586 -23.469139099 -0.020667465 0.998458207 -0.051517840 -3.476835966 0.582361341 0.053907268 0.811140776 53.032032013
0.809345305 -0.011453823 -0.587221444 -24.106956482 -0.020341737 0.998663366 -0.047515303 -3.540915728 0.586980760 0.050401390 0.808030486 53.905738831
0.806448817 -0.008797204 -0.591238439 -24.756256104 -0.020335443 0.998885214 -0.042600233 -3.597655296 0.590954125 0.046378002 0.805370927 54.767047882
0.803412139 -0.006505311 -0.595387816 -25.403579712 -0.021450803 0.998974979 -0.039860539 -3.649230480 0.595036864 0.044795986 0.802449048 55.628948212
0.800066829 -0.006428845 -0.599876463 -26.055740356 -0.022020765 0.998953998 -0.040075261 -3.712292910 0.599506617 0.045272626 0.799088359 56.499099731
0.796507597 -0.007878939 -0.604577243 -26.714395523 -0.022102475 0.998867333 -0.042136565 -3.763209820 0.604224443 0.046924744 0.795431256 57.356964111
0.792408109 -0.010742248 -0.609896779 -27.378911972 -0.020677136 0.998797297 -0.044456802 -3.825224161 0.609640777 0.047838848 0.791232944 58.217041016
0.788285971 -0.011840248 -0.615195155 -28.050882339 -0.020138245 0.998782754 -0.045027226 -3.877454758 0.614979446 0.047883283 0.787087977 59.058406830
0.783551693 -0.012194877 -0.621206939 -28.731510162 -0.019565495 0.998827279 -0.044286620 -3.935260057 0.621018469 0.046855077 0.782394230 59.913509369
0.778882205 -0.011524796 -0.627064347 -29.430801392 -0.020164963 0.998854041 -0.043404993 -3.995340586 0.626845956 0.046452105 0.777757227 60.760108948
0.773349524 -0.012843229 -0.633849800 -30.121295929 -0.019870330 0.998812556 -0.044481657 -4.054564953 0.633668423 0.046994671 0.772176027 61.602882385
0.768066168 -0.014351551 -0.640209734 -30.836994171 -0.019370528 0.998770654 -0.045628421 -4.113554955 0.640077531 0.047446847 0.766843915 62.446804047
0.762362123 -0.016226206 -0.646947205 -31.567106247 -0.017888516 0.998775244 -0.046130288 -4.180988312 0.646903336 0.046740912 0.761138201 63.303718567
0.756604135 -0.017762266 -0.653631926 -32.292804718 -0.017290175 0.998737931 -0.047154475 -4.243978500 0.653644621 0.046978679 0.755342185 64.136703491
0.750606239 -0.019354757 -0.660466313 -33.028091431 -0.016895607 0.998681843 -0.048467569 -4.304727077 0.660533786 0.047539037 0.749289811 64.969505310
0.744230509 -0.020531621 -0.667607307 -33.776168823 -0.015975099 0.998694301 -0.048522502 -4.364928246 0.667731881 0.046777017 0.742930770 65.807075500
0.738089085 -0.020274015 -0.674398601 -34.542503357 -0.015294152 0.998788834 -0.046764493 -4.435506821 0.674529910 0.044830717 0.736885071 66.625946045
0.731518865 -0.020953665 -0.681499183 -35.311351776 -0.014259247 0.998838902 -0.046016559 -4.499748707 0.681672096 0.043379650 0.730370760 67.448654175
0.725151122 -0.022854496 -0.688210428 -36.094299316 -0.012927731 0.998821020 -0.046791084 -4.563123226 0.688468397 0.042827606 0.724000692 68.265357971
0.718503952 -0.024783289 -0.695081234 -36.882831573 -0.012764538 0.998726785 -0.048804529 -4.623012543 0.695405781 0.043938637 0.717272818 69.076446533
0.712383032 -0.024137773 -0.701375604 -37.678768158 -0.014015504 0.998719692 -0.048606303 -4.695227623 0.701650858 0.044456441 0.711132646 69.882492065
0.706791520 -0.024151044 -0.707009554 -38.488170624 -0.013801256 0.998756111 -0.047913942 -4.758888721 0.707287252 0.043622788 0.705579042 70.687255859
0.701989770 -0.023214769 -0.711808562 -39.318553925 -0.015355294 0.998742878 -0.047716267 -4.824303627 0.712021470 0.044426363 0.700750828 71.489845276
0.696599245 -0.024496768 -0.717042148 -40.145988464 -0.015022990 0.998699784 -0.048713904 -4.888772011 0.717303157 0.044706184 0.695325494 72.302566528
0.691795349 -0.026249820 -0.721616328 -40.995105743 -0.015489342 0.998569667 -0.051173635 -4.962866306 0.721927464 0.046579044 0.690399289 73.094703674
0.686630130 -0.029169645 -0.726421535 -41.835544586 -0.014381893 0.998454213 -0.053687282 -5.027553082 0.726864696 0.047310624 0.685149193 73.889076233
0.681738555 -0.029440926 -0.731003284 -42.683410645 -0.015330580 0.998395681 -0.054507475 -5.101461411 0.731435299 0.048366550 0.680193484 74.661117554
0.676684976 -0.028116345 -0.735735655 -43.538887024 -0.016069394 0.998468578 -0.052936412 -5.174571514 0.736097336 0.047644101 0.675196886 75.439353943
0.671738505 -0.028172566 -0.740252495 -44.403045654 -0.015219691 0.998540819 -0.051813550 -5.248343945 0.740631998 0.046071570 0.670329511 76.215103149
0.666326761 -0.029509114 -0.745075703 -45.277294159 -0.014430286 0.998519182 -0.052451991 -5.319506168 0.745520175 0.045701824 0.664914250 76.998413086
0.661349177 -0.031026049 -0.749436259 -46.164489746 -0.012829145 0.998530090 -0.052659564 -5.390992641 0.749968469 0.044440985 0.659978986 77.780731201
0.657078266 -0.031187098 -0.753176987 -47.067104340 -0.012634810 0.998547792 -0.052369989 -5.468177795 0.753716528 0.043927431 0.655730009 78.553077698
0.653265238 -0.032176800 -0.756445110 -47.969348907 -0.011166004 0.998578429 -0.052119344 -5.541705132 0.757046819 0.042494226 0.651977301 79.323188782
0.649251878 -0.034982089 -0.759768546 -48.876434326 -0.009023134 0.998517156 -0.053685430 -5.611526966 0.760519981 0.041710861 0.647973418 80.093933105
0.644905686 -0.039722830 -0.763229191 -49.803192139 -0.005734683 0.998368740 -0.056806479 -5.685825348 0.764240682 0.041011702 0.643625855 80.873931885
0.640175462 -0.043467816 -0.766997993 -50.728797913 -0.002380842 0.998280883 -0.058562405 -5.761434078 0.768225014 0.039316319 0.638971508 81.646347046
0.633188486 -0.047605824 -0.772532284 -51.656066895 0.003169846 0.998257816 -0.058917642 -5.839385033 0.773991227 0.034857161 0.632236242 82.418350220
0.624692082 -0.051260456 -0.779186904 -52.594116211 0.007791427 0.998202503 -0.059422303 -5.921677589 0.780832350 0.031049671 0.623968601 83.177963257
0.615526438 -0.052284047 -0.786380112 -53.550521851 0.010802109 0.998263001 -0.057916332 -6.007606506 0.788042247 0.027154475 0.615022063 83.922790527
0.606397629 -0.050546579 -0.793553352 -54.525531769 0.011184933 0.998421013 -0.055048909 -6.091251373 0.795082867 0.024505688 0.606005549 84.666625977
0.598037779 -0.050462633 -0.799877703 -55.516025543 0.010625697 0.998427391 -0.055044297 -6.172598839 0.801397502 0.024419311 0.597633481 85.385879517
0.588527560 -0.052193303 -0.806790709 -56.519237518 0.010041355 0.998308897 -0.057258252 -6.249565125 0.808414817 0.025596786 0.588056326 86.116790771
0.578296542 -0.054291077 -0.814018250 -57.533672333 0.009876909 0.998176038 -0.059556749 -6.326778412 0.815766931 0.026401483 0.577777982 86.848663330
0.568784833 -0.055485863 -0.820612729 -58.540904999 0.010177592 0.998120308 -0.060433764 -6.413872242 0.822423458 0.026021952 0.568280399 87.515953064
0.558745086 -0.056258112 -0.827429175 -59.572364807 0.012945980 0.998166680 -0.059124663 -6.498234749 0.829238474 0.022323739 0.558449030 88.209869385
0.548750401 -0.056556407 -0.834070981 -60.623153687 0.014168960 0.998194873 -0.058363255 -6.580239296 0.835866153 0.020208947 0.548561215 88.891868591
0.538015723 -0.057198990 -0.840991914 -61.675827026 0.014839505 0.998183131 -0.058396738 -6.672870159 0.842804193 0.018938463 0.537887096 89.572982788
0.527362943 -0.057947971 -0.847661793 -62.745689392 0.014406241 0.998137891 -0.059272170 -6.763159752 0.849518061 0.019046329 0.527215719 90.242187500
0.517513514 -0.058798254 -0.853652537 -63.829368591 0.012624948 0.998052359 -0.061090618 -6.838966370 0.855581999 0.020837909 0.517247915 90.892395020
0.506990910 -0.060003441 -0.859860361 -64.918754578 0.012512280 0.997981250 -0.062264409 -6.933490753 0.861860633 0.020808680 0.506718218 91.543678284
0.496784747 -0.060366660 -0.865771770 -66.018005371 0.011966353 0.997959614 -0.062717207 -7.018236160 0.867791295 0.020796826 0.496493459 92.181373596
0.488431215 -0.058221646 -0.870657980 -67.136421204 0.011336270 0.998110771 -0.060384985 -7.114359856 0.872528791 0.019623900 0.488168478 92.788726807
0.481137156 -0.055996284 -0.874855161 -68.232101440 0.011386749 0.998272896 -0.057633523 -7.208288193 0.876571417 0.017767875 0.480943799 93.370391846
0.473655164 -0.056651291 -0.878886580 -69.357147217 0.011467973 0.998241127 -0.058164269 -7.291586876 0.880635798 0.017470764 0.473471761 93.966018677
0.465712965 -0.059365522 -0.882942319 -70.488197327 0.013316531 0.998104453 -0.060084682 -7.385460854 0.884835660 0.016224487 0.465620697 94.567001343
0.458962739 -0.062829278 -0.886231184 -71.623054504 0.015788835 0.997915685 -0.062570393 -7.474061012 0.888315260 0.014724921 0.458998084 95.147064209
0.452445686 -0.065631233 -0.889373660 -72.747718811 0.017411968 0.997748256 -0.064770840 -7.573038101 0.891622007 0.013819550 0.452569664 95.721801758
0.446728230 -0.068908699 -0.892012060 -73.888107300 0.018806016 0.997532427 -0.067641996 -7.670330048 0.894472003 0.013442393 0.446921766 96.296043396
0.441231370 -0.070152372 -0.894647241 -75.029762268 0.022987571 0.997496188 -0.066879869 -7.782002449 0.897098958 0.008943740 0.441739261 96.878997803
0.436874986 -0.067657880 -0.896974206 -76.176223755 0.024903608 0.997694790 -0.063125737 -7.879055500 0.899177492 0.005240160 0.437552810 97.442481995
0.432849467 -0.065778725 -0.899063110 -77.320251465 0.027777640 0.997833908 -0.059631743 -7.975817680 0.901038110 0.000837718 0.433739066 98.000602722
0.430032849 -0.065051824 -0.900466621 -78.468986511 0.029302757 0.997880876 -0.058095243 -8.074718475 0.902337670 -0.001403289 0.431027770 98.529541016
0.427268744 -0.064728737 -0.901804686 -79.601470947 0.031005008 0.997896254 -0.056935940 -8.168294907 0.903592944 -0.003633514 0.428376794 99.067504883
0.424573362 -0.064228922 -0.903112531 -80.732620239 0.032745786 0.997917295 -0.055576872 -8.251511574 0.904801250 -0.005976668 0.425792277 99.600624084
0.421934962 -0.063643530 -0.904389560 -81.870941162 0.034684900 0.997935951 -0.054044623 -8.333855629 0.905962408 -0.008565340 0.423271537 100.140144348
0.419736147 -0.064732186 -0.905334949 -83.013916016 0.036762085 0.997847557 -0.054303087 -8.415885925 0.906901419 -0.010489032 0.421212375 100.659606934
0.417417109 -0.065023758 -0.906385660 -84.124221802 0.038919393 0.997800589 -0.053658318 -8.501557350 0.907881200 -0.012878080 0.419029713 101.174217224
0.414550483 -0.064118259 -0.907764673 -85.225280762 0.042421494 0.997791946 -0.051104464 -8.585927963 0.909036994 -0.017323354 0.416355133 101.690002441
0.413213849 -0.063313574 -0.908430338 -86.319091797 0.043726187 0.997808874 -0.049653318 -8.667369843 0.909583569 -0.019204756 0.415076911 102.179893494
0.410894275 -0.064567730 -0.909393728 -87.427047729 0.046262924 0.997680545 -0.049933042 -8.747405052 0.910508454 -0.021554006 0.412928343 102.680320740
0.409612417 -0.065626830 -0.909896135 -88.514358521 0.047193374 0.997597933 -0.050707098 -8.826101303 0.911038220 -0.022170799 0.411725640 103.169967651
0.409911513 -0.066737637 -0.909680605 -89.585845947 0.047151867 0.997536659 -0.051935967 -8.910490990 0.910905838 -0.021603974 0.412048578 103.644744873
0.409317613 -0.068184920 -0.909840703 -90.623283386 0.047744825 0.997438073 -0.053270247 -8.986046791 0.911141932 -0.021635728 0.411524415 104.124526978
0.411702991 -0.068039335 -0.908774734 -91.666183472 0.045560326 0.997498751 -0.054041810 -9.064840317 0.910178661 -0.019154891 0.413773060 104.593940735
0.415858686 -0.067857884 -0.906894207 -92.699127197 0.043175191 0.997561038 -0.054843891 -9.148256302 0.908403933 -0.016348008 0.417774200 105.062042236
0.421066940 -0.068591751 -0.904432416 -93.730148315 0.041579206 0.997547984 -0.056296010 -9.223296165 0.906076133 -0.013901184 0.422886431 105.531768799
0.426851153 -0.068452060 -0.901727557 -94.750404358 0.041435149 0.997564256 -0.056113061 -9.309574127 0.903372228 -0.013411281 0.428647816 106.009880066
0.433679640 -0.067689270 -0.898521066 -95.759292603 0.041041762 0.997623384 -0.055345856 -9.385836601 0.900131941 -0.012874515 0.435427070 106.495323181
0.442082942 -0.065760046 -0.894560456 -96.763198853 0.038594846 0.997779906 -0.054274626 -9.469165802 0.896143496 -0.010531530 0.443639457 106.977783203
0.451018751 -0.065605909 -0.890099883 -97.751419067 0.038511060 0.997796416 -0.054030035 -9.542992592 0.891683161 -0.009910140 0.452551425 107.475036621
0.460716486 -0.065572456 -0.885121822 -98.748817444 0.038529046 0.997804582 -0.053865507 -9.616367340 0.886710703 -0.009286173 0.462231457 107.974716187
0.470197320 -0.066198230 -0.880075157 -99.720703125 0.037500821 0.997780979 -0.055016376 -9.692144394 0.881764293 -0.007134981 0.471636474 108.493423462
0.480600715 -0.068198644 -0.874283731 -100.674331665 0.036137000 0.997664750 -0.057958208 -9.765505791 0.876194775 -0.003739231 0.481942892 109.009147644
0.492419899 -0.068652771 -0.867645919 -101.629875183 0.034589201 0.997640312 -0.059308015 -9.843582153 0.869670212 -0.000806735 0.493632555 109.541717529
0.504159629 -0.066926725 -0.861013293 -102.580406189 0.032120716 0.997755945 -0.058747720 -9.929577827 0.863012969 0.001961864 0.505177975 110.100288391
0.517239928 -0.064205393 -0.853428721 -103.521072388 0.030898212 0.997932851 -0.056350205 -10.008045197 0.855282545 0.002777161 0.518154621 110.661720276
0.529496968 -0.062390894 -0.846014380 -104.430313110 0.029599713 0.998043299 -0.055076901 -10.075677872 0.847795308 0.004121268 0.530307651 111.220558167
0.540936172 -0.062017072 -0.838774085 -105.323089600 0.030437946 0.998067975 -0.054165084 -10.157533646 0.840512693 0.003769293 0.541778743 111.803260803
0.552393317 -0.062039111 -0.831271827 -106.214813232 0.030402420 0.998062611 -0.054284081 -10.232723236 0.833029032 0.004713486 0.553209186 112.399353027
0.563743711 -0.063330717 -0.823518276 -107.104240417 0.030691946 0.997973680 -0.055736471 -10.306873322 0.825379372 0.006145712 0.564545095 112.999038696
0.574743271 -0.064572543 -0.815782189 -107.968048096 0.032207731 0.997894466 -0.056296166 -10.382141113 0.817699730 0.006081353 0.575612903 113.608184814
0.586503088 -0.064122118 -0.807404816 -108.817070007 0.032533560 0.997921824 -0.055619970 -10.458215714 0.809293330 0.006353533 0.587370396 114.199272156
0.597419262 -0.061300844 -0.799582660 -109.654624939 0.031210378 0.998095989 -0.053200811 -10.533396721 0.801321507 0.006827916 0.598195016 114.813705444
0.607385755 -0.058478676 -0.792251706 -110.469589233 0.031523786 0.998275638 -0.049518023 -10.605524063 0.793781340 0.005101772 0.608181894 115.432891846
0.617667615 -0.055576522 -0.784473062 -111.278839111 0.028972598 0.998430789 -0.047922458 -10.683734894 0.785905421 0.006871927 0.618308544 116.087600708
0.627326667 -0.054837514 -0.776823163 -112.059982300 0.027042888 0.998450041 -0.048644010 -10.753875732 0.778286636 0.009508147 0.627837300 116.724441528
0.637272954 -0.054669276 -0.768696606 -112.842155457 0.025564563 0.998431265 -0.049814075 -10.821481705 0.770214081 0.012093770 0.637670875 117.352012634
0.646709144 -0.053780582 -0.760838330 -113.609436035 0.025402827 0.998476386 -0.048985969 -10.889334679 0.762313604 0.012352235 0.647089958 117.990417480
0.656031072 -0.051410623 -0.752980888 -114.337661743 0.024936130 0.998609066 -0.046455681 -10.961284637 0.754321873 0.011699941 0.656400561 118.618469238
0.664741576 -0.049227636 -0.745449722 -115.057830811 0.024311675 0.998723567 -0.044273704 -11.024998665 0.746677697 0.011307446 0.665089905 119.251174927
0.672891617 -0.048214737 -0.738168180 -115.770050049 0.024507787 0.998778880 -0.042896427 -11.090354919 0.739335001 0.010773779 0.673251569 119.904464722
0.680567265 -0.048978318 -0.731046855 -116.487060547 0.024228493 0.998721957 -0.044356398 -11.123325348 0.732285023 0.012475351 0.680884063 120.567962646
0.687953889 -0.047982130 -0.724166572 -117.174606323 0.023631845 0.998763978 -0.043726414 -11.178908348 0.725369573 0.012968370 0.688237488 121.223022461
0.695481658 -0.044983882 -0.717134297 -117.868812561 0.022666374 0.998915195 -0.040677227 -11.237166405 0.718186200 0.012035434 0.695746899 121.880416870
0.703326762 -0.042867187 -0.709573030 -118.575729370 0.022526531 0.999022841 -0.038025390 -11.284678459 0.710509717 0.010760058 0.703605175 122.520263672
0.710581124 -0.041687313 -0.702379286 -119.219223022 0.021654325 0.999066114 -0.037388958 -11.329298019 0.703282058 0.011358339 0.710820198 123.171142578
0.718499303 -0.040598098 -0.694341898 -119.859504700 0.020907316 0.999104559 -0.036782824 -11.382740021 0.695213437 0.011911609 0.718704700 123.820182800
0.726124763 -0.036493797 -0.686593831 -120.440040588 0.017171701 0.999241471 -0.034951262 -11.444135666 0.687348545 0.013588993 0.726200581 124.467453003
0.735188067 -0.034225833 -0.676998615 -121.045188904 0.016980097 0.999341011 -0.032082357 -11.485747337 0.677650511 0.012091067 0.735284686 125.121429443
0.745016456 -0.030589851 -0.666344285 -121.693939209 0.015254139 0.999468029 -0.028827427 -11.529596329 0.666871607 0.011312400 0.745086789 125.800308228
0.755376160 -0.028258065 -0.654681921 -122.268898010 0.013301777 0.999525130 -0.027794879 -11.568007469 0.655156493 0.012287158 0.755393326 126.449432373
0.765116632 -0.027300598 -0.643312752 -122.822792053 0.011748363 0.999526322 -0.028444642 -11.620640755 0.643784583 0.014205599 0.765074968 127.103164673
0.775054455 -0.028366834 -0.631257415 -123.371505737 0.011907861 0.999470115 -0.030292813 -11.662630081 0.631782234 0.015961654 0.774981558 127.774810791
0.785115898 -0.027429333 -0.618741214 -123.889129639 0.011302474 0.999486983 -0.029966503 -11.690041542 0.619245768 0.016533872 0.785023153 128.440383911
0.795230508 -0.026185557 -0.605741560 -124.404823303 0.011374539 0.999535441 -0.028276108 -11.729342461 0.606200576 0.015595996 0.795158923 129.115295410
0.805426002 -0.023429789 -0.592233002 -124.916244507 0.010692661 0.999630153 -0.025005320 -11.775472641 0.592599869 0.013807389 0.805378675 129.807876587
0.815064251 -0.022258347 -0.578942895 -125.407554626 0.011150068 0.999679327 -0.022736590 -11.805288315 0.579263330 0.012076530 0.815051019 130.506546021
0.824131370 -0.020530270 -0.566026509 -125.883956909 0.011378720 0.999741316 -0.019694127 -11.837734222 0.566284418 0.009789889 0.824151754 131.204025269
0.832317531 -0.019849576 -0.553943634 -126.357269287 0.012145937 0.999771774 -0.017575378 -11.865526199 0.554166079 0.007900131 0.832368672 131.916809082
0.839317262 -0.020393848 -0.543259323 -126.810157776 0.013871838 0.999774158 -0.016099807 -11.892175674 0.543464959 0.005976842 0.839410603 132.635986328
0.846196771 -0.019810738 -0.532502234 -127.260604858 0.013655784 0.999786675 -0.015494832 -11.920690536 0.532695591 0.005839942 0.846286774 133.342803955
0.852845907 -0.019130301 -0.521812081 -127.702285767 0.013021398 0.999797046 -0.015371764 -11.945453644 0.522000253 0.006315024 0.852921963 134.070846558
0.859610438 -0.016935205 -0.510669291 -128.142456055 0.011093513 0.999833584 -0.014483517 -11.968422890 0.510829628 0.006785066 0.859655261 134.805175781
0.865802765 -0.016054649 -0.500127792 -128.571807861 0.010525592 0.999848366 -0.013874709 -11.996886253 0.500274718 0.006748619 0.865840435 135.549667358
0.871747136 -0.016729420 -0.489670306 -128.994140625 0.011299422 0.999837518 -0.014043046 -12.016664505 0.489825696 0.006708995 0.871794581 136.305038452
0.876761675 -0.018230660 -0.480579406 -129.399291992 0.012545762 0.999808192 -0.015039179 -12.040471077 0.480761409 0.007156542 0.876822233 137.053405762
0.881204307 -0.018661557 -0.472367197 -129.809509277 0.012922875 0.999798059 -0.015390772 -12.063638687 0.472559035 0.007458073 0.881267488 137.819976807
0.884669185 -0.017666927 -0.465884387 -130.213317871 0.012220578 0.999817133 -0.014708643 -12.086266518 0.466059059 0.007318906 0.884723306 138.597534180
0.887828112 -0.015775351 -0.459904730 -130.621643066 0.011987664 0.999865949 -0.011155030 -12.109992981 0.460019052 0.004390567 0.887898207 139.383422852
0.891113281 -0.011781635 -0.453627914 -131.034088135 0.009755238 0.999929249 -0.006806855 -12.126643181 0.453676015 0.001640431 0.891165197 140.185470581
0.894536495 -0.008981030 -0.446904659 -131.451370239 0.007941721 0.999959648 -0.004198903 -12.145264626 0.446924329 0.000206880 0.894571722 140.993453979
0.897877038 -0.006209489 -0.440202564 -131.864471436 0.005939774 0.999980390 -0.001990405 -12.156695366 0.440206259 -0.000827565 0.897896290 141.820510864
0.901080847 -0.004544529 -0.433627278 -132.269058228 0.005196847 0.999986470 0.000318965 -12.166877747 0.433619946 -0.002540907 0.901092291 142.664245605
0.904356718 -0.003246566 -0.426764995 -132.678680420 0.005022662 0.999982774 0.003036258 -12.171493530 0.426747769 -0.004889357 0.904357493 143.527618408
0.907831132 -0.003258749 -0.419323355 -133.083160400 0.005910681 0.999969900 0.005025356 -12.178066254 0.419294357 -0.007040661 0.907823026 144.395523071
0.911447346 -0.003346226 -0.411403120 -133.484359741 0.006443957 0.999960363 0.006142965 -12.183311462 0.411366284 -0.008250053 0.911432803 145.282714844
0.915164351 -0.004087606 -0.403060168 -133.876159668 0.007267322 0.999953389 0.006359793 -12.190451622 0.403015375 -0.008749424 0.915151358 146.178924561
0.918968976 -0.006334953 -0.394278944 -134.271697998 0.009432059 0.999938011 0.005917661 -12.199255943 0.394217014 -0.009157008 0.918971777 147.103973389
0.923155367 -0.007964239 -0.384344578 -134.656234741 0.010482546 0.999935150 0.004457711 -12.196566582 0.384284139 -0.008144069 0.923178911 148.015014648
0.927659988 -0.009344121 -0.373309076 -135.036254883 0.011118673 0.999934793 0.002600624 -12.203293800 0.373260438 -0.006563196 0.927703381 148.962188721
0.932806671 -0.007288992 -0.360303491 -135.413864136 0.008534995 0.999961853 0.001867275 -12.210265160 0.360276133 -0.004816995 0.932833254 149.935119629
0.939002872 -0.003424794 -0.343892276 -135.776733398 0.004749862 0.999984205 0.003010810 -12.216957092 0.343876511 -0.004460601 0.939004302 150.900573730
0.945671260 0.000600145 -0.325123817 -136.125381470 0.001479686 0.999979973 0.006149748 -12.223601341 0.325120986 -0.006296721 0.945651472 151.897064209
0.952199161 0.003050810 -0.305462688 -136.462875366 -0.000785531 0.999971271 0.007538531 -12.224615097 0.305476934 -0.006938232 0.952174187 152.929229736
0.958644092 0.004540376 -0.284571409 -136.773391724 -0.002240734 0.999962151 0.008406108 -12.226864815 0.284598827 -0.007420817 0.958617985 153.966125488
0.964722455 0.006202711 -0.263195962 -137.068084717 -0.003715225 0.999943614 0.009947724 -12.226021767 0.263242841 -0.008618960 0.964691103 155.024459839
0.970349789 0.007073096 -0.241601378 -137.332077026 -0.004120804 0.999910593 0.012722787 -12.225002289 0.241669759 -0.011349962 0.970292151 156.086044312
0.975547254 0.009659274 -0.219577461 -137.577590942 -0.006197305 0.999845505 0.016449858 -12.226416588 0.219702423 -0.014686825 0.975456357 157.168182373
0.980241418 0.011479788 -0.197471350 -137.801925659 -0.007523903 0.999755919 0.020771347 -12.217974663 0.197661594 -0.018875180 0.980088592 158.279647827
0.984517753 0.013446814 -0.174768403 -138.005676270 -0.009403674 0.999669135 0.023941867 -12.209533691 0.175032511 -0.021927727 0.984318435 159.391921997
0.988163888 0.015239874 -0.152642801 -138.192703247 -0.011748797 0.999648988 0.023746856 -12.191103935 0.152951121 -0.021672416 0.987996101 160.535690308
0.991292179 0.014444767 -0.130886018 -138.353393555 -0.011663411 0.999690115 0.021991979 -12.180547714 0.131163120 -0.020273900 0.991153479 161.706161499
0.993815064 0.014318083 -0.110120863 -138.483078003 -0.012089516 0.999708951 0.020878622 -12.162305832 0.110387750 -0.019418182 0.993698895 162.866210938
0.995873511 0.013261173 -0.089778170 -138.597335815 -0.011266501 0.999679089 0.022688234 -12.145261765 0.090050235 -0.021583125 0.995703340 164.067077637
0.997438610 0.014179883 -0.070108384 -138.686813354 -0.012489417 0.999621987 0.024492035 -12.132116318 0.070429184 -0.023553688 0.997238636 165.274902344
0.998691320 0.014586533 -0.049018808 -138.755355835 -0.013350192 0.999586821 0.025455236 -12.111339569 0.049369860 -0.024767514 0.998473406 166.477554321
0.999453425 0.015898176 -0.028983820 -138.796417236 -0.015145587 0.999547124 0.026003001 -12.089715004 0.029384095 -0.025549812 0.999241590 167.715484619
0.999831855 0.016432496 -0.008139975 -138.826416016 -0.016214319 0.999525726 0.026180835 -12.065372467 0.008566332 -0.026044449 0.999624074 168.978393555
0.999739707 0.019008996 0.012614253 -138.825973511 -0.019332010 0.999475002 0.025999246 -12.046022415 -0.012113412 -0.026236339 0.999582350 170.227951050
0.999273837 0.019886268 0.032501385 -138.785308838 -0.020700617 0.999475241 0.024914354 -12.029541016 -0.031988874 -0.025569061 0.999161124 171.489898682
0.998417318 0.020723335 0.052282490 -138.732666016 -0.021927224 0.999505043 0.022559019 -12.011301041 -0.051789112 -0.023669725 0.998377502 172.772506714
0.997203112 0.022513835 0.071267605 -138.656250000 -0.024001621 0.999510050 0.020088904 -11.997035027 -0.070780411 -0.021743255 0.997254908 174.056060791
0.995666921 0.022455949 0.090239316 -138.549148560 -0.024199624 0.999540091 0.018275207 -11.982645035 -0.089787424 -0.020379776 0.995752394 175.363265991
0.993754327 0.022783924 0.109239407 -138.410583496 -0.024580233 0.999583423 0.015125317 -11.975128174 -0.108849287 -0.017715979 0.993900359 176.657608032
0.991518378 0.023988280 0.127733499 -138.255462646 -0.025473254 0.999625444 0.010004455 -11.975538254 -0.127445668 -0.013173389 0.991758049 177.964385986
0.989001036 0.025947504 0.145614758 -138.073486328 -0.026709329 0.999637842 0.003278836 -11.977523804 -0.145476952 -0.007132045 0.989335954 179.284835815
0.986217082 0.027747229 0.163113177 -137.868957520 -0.027821489 0.999611259 -0.001829482 -11.984052658 -0.163100526 -0.002733785 0.986605644 180.609054565
0.983015358 0.029998641 0.181054935 -137.642791748 -0.029382883 0.999549747 -0.006082731 -11.998641968 -0.181155875 0.000659503 0.983454168 181.951339722
0.979470670 0.032567862 0.198938444 -137.388229370 -0.031353947 0.999465525 -0.009250032 -12.015015602 -0.199133381 0.002822630 0.979968309 183.309341431
0.975825489 0.031644844 0.216248140 -137.098434448 -0.030430764 0.999496877 -0.008942544 -12.045093536 -0.216422319 0.002145766 0.976297498 184.653244019
0.971872449 0.031246802 0.233425796 -136.786621094 -0.029801959 0.999508619 -0.009715058 -12.071962357 -0.233614668 0.002485250 0.972326100 186.001571655
0.967647612 0.030955641 0.250399470 -136.449478149 -0.028182767 0.999495387 -0.014652723 -12.104704857 -0.250726700 0.007121722 0.968031704 187.346252441
0.963032484 0.032047298 0.267472327 -136.099411011 -0.027895425 0.999424338 -0.019309107 -12.138055801 -0.267937154 0.011134042 0.963372052 188.695922852
0.958256960 0.034097724 0.283867836 -135.711624146 -0.029787125 0.999366224 -0.019489339 -12.172256470 -0.284352481 0.010220189 0.958665311 190.061340332
0.952773035 0.036813639 0.301443696 -135.290863037 -0.032271963 0.999278307 -0.020034308 -12.218444824 -0.301963687 0.009359969 0.953273475 191.432739258
0.946920574 0.040310282 0.318930328 -134.852523804 -0.034704290 0.999127328 -0.023243004 -12.256270409 -0.319588929 0.010941028 0.947493136 192.793762207
0.940960705 0.040996663 0.336024195 -134.383956909 -0.033755988 0.999055445 -0.027363757 -12.303877831 -0.336828619 0.014405391 0.941455781 194.138793945
0.934786797 0.041774061 0.352744281 -133.879089355 -0.033409674 0.998998284 -0.029770272 -12.357128143 -0.353634536 0.016043788 0.935246050 195.497863770
0.927909911 0.042588290 0.370363921 -133.344146729 -0.031899955 0.998880208 -0.034939457 -12.422134399 -0.371437192 0.020606076 0.928229392 196.894699097
0.920187235 0.045718271 0.388799787 -132.788772583 -0.032172199 0.998629332 -0.041283872 -12.486478806 -0.390154302 0.025480349 0.920396864 198.237915039
0.910923004 0.048923772 0.409665465 -132.188751221 -0.033439029 0.998432457 -0.044882242 -12.560213089 -0.411219120 0.027185453 0.911131084 199.591705322
0.899836063 0.051737513 0.433149248 -131.567825317 -0.035156123 0.998312950 -0.046209205 -12.641469955 -0.434809268 0.026352860 0.900136888 200.931823730
