1.000000000 0.000000000 0.000000000 0.000000000 0.000000000 1.000000000 0.000000000 0.000000000 0.000000000 0.000000000 1.000000000 0.000000000
0.999997675 -0.001551228 -0.001515225 -0.001556618 0.001549846 0.999998391 -0.000913087 -0.009294407 0.001516639 0.000910737 0.999998450 0.574205220
0.999994636 -0.002050952 -0.002550540 -0.008291363 0.002044935 0.999995112 -0.002359712 -0.018520968 0.002555368 0.002354483 0.999993980 1.140202761
0.999986112 -0.002591158 -0.004588396 -0.009309241 0.002574646 0.999990225 -0.003600712 -0.032428946 0.004597681 0.003588849 0.999983013 1.716534853
0.999969721 -0.004494700 -0.006356510 -0.018617041 0.004460225 0.999975324 -0.005427405 -0.046300117 0.006380748 0.005398889 0.999965072 2.275701284
0.999948263 -0.006605817 -0.007736122 -0.025940666 0.006548114 0.999950707 -0.007460608 -0.056484152 0.007785024 0.007409565 0.999942243 2.836683989
0.999929011 -0.007795974 -0.009011085 -0.034181941 0.007721451 0.999935925 -0.008275655 -0.065706506 0.009075025 0.008205489 0.999925137 3.412975550
0.999912858 -0.007839488 -0.010624203 -0.038748696 0.007759768 0.999941587 -0.007524209 -0.082280159 0.010682568 0.007441111 0.999915242 4.001575470
0.999897361 -0.008456492 -0.011565099 -0.053258967 0.008364451 0.999933124 -0.007983911 -0.095439896 0.011631842 0.007886356 0.999901235 4.593674660
0.999884963 -0.007773413 -0.013023978 -0.057524633 0.007634569 0.999913871 -0.010676602 -0.112777479 0.013105850 0.010575941 0.999858201 5.194368839
0.999880493 -0.005988396 -0.014250687 -0.070847891 0.005784086 0.999880493 -0.014335122 -0.132773399 0.014334829 0.014250983 0.999795675 5.799551010
0.999873340 -0.004673008 -0.015215302 -0.091656946 0.004400648 0.999830365 -0.017884957 -0.145815060 0.015296297 0.017815733 0.999724269 6.413988590
0.999853969 -0.002889864 -0.016844513 -0.096831910 0.002584298 0.999832213 -0.018133977 -0.156297639 0.016894091 0.018087797 0.999693692 7.050070763
0.999839008 -0.000255198 -0.017942695 -0.118054427 0.000052080 0.999935925 -0.011319895 -0.170124918 0.017944435 0.011317139 0.999774933 7.710103035
0.999824703 0.000266761 -0.018722504 -0.136506677 -0.000277041 0.999999821 -0.000546455 -0.186367765 0.018722355 0.000551546 0.999824584 8.378854752
0.999814928 0.001565354 -0.019175004 -0.157397375 -0.001445643 0.999979377 0.006255325 -0.201595798 0.019184399 -0.006226447 0.999796569 9.054352760
0.999778807 0.003628863 -0.020716831 -0.170643523 -0.003522093 0.999980330 0.005187968 -0.212987408 0.020735249 -0.005113854 0.999771953 9.744279861
0.999760270 0.005699991 -0.021140330 -0.202854082 -0.005737445 0.999982059 -0.001711464 -0.223535329 0.021130195 0.001832345 0.999775052 10.441782951
0.999735773 0.005322613 -0.022362748 -0.218845785 -0.005506738 0.999951363 -0.008180048 -0.221983045 0.022318121 0.008301033 0.999716461 11.150522232
0.999715745 0.003195810 -0.023627389 -0.233387858 -0.003352683 0.999972582 -0.006602833 -0.225440308 0.023605639 0.006680171 0.999699056 11.895711899
0.999718666 0.002372030 -0.023599334 -0.259164870 -0.002304929 0.999993205 0.002870128 -0.239155725 0.023605982 -0.002814926 0.999717355 12.662642479
0.999711335 0.001910036 -0.023949793 -0.280811787 -0.001668101 0.999947429 0.010117662 -0.242904708 0.023967858 -0.010074791 0.999661982 13.444583893
0.999691129 0.000858494 -0.024837185 -0.299586177 -0.000539736 0.999917448 0.012837738 -0.249369085 0.024846155 -0.012820368 0.999609053 14.233534813
0.999694347 -0.001135439 -0.024696851 -0.321616769 0.001425910 0.999929965 0.011747058 -0.246659532 0.024681784 -0.011778682 0.999625981 15.043875694
0.999709070 -0.001459088 -0.024074985 -0.347259015 0.001689782 0.999952853 0.009564730 -0.248998418 0.024059894 -0.009602630 0.999664426 15.868498802
0.999716282 0.001381178 -0.023777941 -0.373848855 -0.001237725 0.999980927 0.006046670 -0.249167860 0.023785841 -0.006015524 0.999698997 16.720443726
0.999728322 -0.001634570 -0.023250889 -0.370916098 0.001643038 0.999998569 0.000345132 -0.254558414 0.023250293 -0.000383241 0.999729574 17.529678345
0.999727547 -0.004570713 -0.022890430 -0.380142123 0.004430616 0.999971151 -0.006167336 -0.261859864 0.022917960 0.006064237 0.999718964 18.407747269
0.999761164 -0.003332142 -0.021599684 -0.404943943 0.003083985 0.999928951 -0.011512038 -0.274096042 0.021636508 0.011442675 0.999700427 19.301418304
0.999757588 -0.001941512 -0.021932928 -0.422787338 0.001677272 0.999925852 -0.012059595 -0.292349726 0.021954715 0.012019884 0.999686718 20.218133926
0.999744594 -0.001694243 -0.022534896 -0.430189312 0.001432524 0.999931395 -0.011625026 -0.313709944 0.022553045 0.011589776 0.999678493 21.106002808
0.999748707 -0.000045532 -0.022418251 -0.458630145 -0.000249487 0.999913394 -0.013156789 -0.333971143 0.022416910 0.013159076 0.999662101 22.040779114
0.999746978 0.002505972 -0.022354849 -0.481012315 -0.002847738 0.999879360 -0.015269516 -0.355162382 0.022313887 0.015329313 0.999633491 22.994930267
0.999733329 0.006172880 -0.022251487 -0.519163430 -0.006527294 0.999852419 -0.015890412 -0.381802171 0.022150114 0.016031418 0.999626100 23.972620010
0.999722660 0.007830604 -0.022210963 -0.550735950 -0.008180516 0.999843180 -0.015707154 -0.409540325 0.022084484 0.015884494 0.999629915 24.943994522
0.999717951 0.007987749 -0.022365661 -0.578368723 -0.008343763 0.999839246 -0.015870096 -0.435470581 0.022235300 0.016052233 0.999623895 25.928199768
0.999707580 0.008360947 -0.022689961 -0.600184381 -0.008714424 0.999841511 -0.015524705 -0.465447068 0.022556564 0.015717896 0.999621987 26.918415070
0.999694169 0.009208867 -0.022950804 -0.630063832 -0.009544070 0.999848783 -0.014538755 -0.494275868 0.022813447 0.014753353 0.999630868 27.932338715
0.999677241 0.010512000 -0.023128210 -0.665701807 -0.010803179 0.999863505 -0.012501019 -0.525699556 0.022993641 0.012746842 0.999654353 28.942871094
0.999668062 0.011060911 -0.023267880 -0.696412742 -0.011321464 0.999874353 -0.011096193 -0.554201841 0.023142222 0.011355937 0.999667704 29.958478928
0.999656677 0.010799218 -0.023871450 -0.717440963 -0.011094468 0.999863148 -0.012270688 -0.578625441 0.023735669 0.012531317 0.999639750 30.987173080
0.999639690 0.012375145 -0.023820272 -0.754451811 -0.012692503 0.999832094 -0.013218223 -0.605396807 0.023652693 0.013515799 0.999628842 32.027622223
0.999643326 0.011312828 -0.024190901 -0.784032524 -0.011615452 0.999855578 -0.012406096 -0.633075416 0.024047058 0.012682660 0.999630392 33.053607941
0.999635816 0.010561810 -0.024833532 -0.810311854 -0.010812404 0.999891758 -0.009978396 -0.655502498 0.024725454 0.010243272 0.999641776 34.100090027
0.999617636 0.010913286 -0.025406951 -0.845401406 -0.011068923 0.999920785 -0.005993238 -0.682413995 0.025339533 0.006272173 0.999659240 35.154895782
0.999606490 0.010827427 -0.025878163 -0.878452659 -0.010925936 0.999933600 -0.003668271 -0.707705975 0.025836727 0.003949570 0.999658346 36.226696014
0.999593854 0.010736941 -0.026398778 -0.910137773 -0.010817242 0.999937296 -0.002900884 -0.729016840 0.026365977 0.003185268 0.999647260 37.297744751
0.999589443 0.010138012 -0.026798416 -0.942796707 -0.010259809 0.999937654 -0.004411318 -0.748252809 0.026752023 0.004684454 0.999631107 38.372814178
0.999568880 0.011011092 -0.027216922 -0.985823154 -0.011153393 0.999924898 -0.005082148 -0.767679155 0.027158918 0.005383518 0.999616623 39.462097168
0.999547362 0.010663575 -0.028131232 -1.018421769 -0.010776475 0.999934435 -0.003864783 -0.786590099 0.028088175 0.004166189 0.999596775 40.548080444
0.999530733 0.010670650 -0.028712329 -1.057325840 -0.010727748 0.999940753 -0.001835357 -0.806130111 0.028691044 0.002142514 0.999586046 41.626224518
0.999516845 0.010402878 -0.029288353 -1.097330809 -0.010390244 0.999945879 0.000583515 -0.829913318 0.029292839 -0.000278920 0.999570847 42.726078033
0.999485254 0.011500409 -0.029949415 -1.129474282 -0.011489927 0.999933839 0.000522070 -0.851957560 0.029953437 -0.000177685 0.999551296 43.813686371
0.999458611 0.012987632 -0.030229723 -1.178113937 -0.013099096 0.999908090 -0.003492108 -0.870908976 0.030181590 0.003886199 0.999536872 44.879550934
0.999452770 0.014408328 -0.029775741 -1.226693153 -0.014631336 0.999866426 -0.007285329 -0.893129408 0.029666793 0.007717001 0.999530077 45.962326050
0.999440968 0.014548677 -0.030101961 -1.249848247 -0.014781876 0.999862313 -0.007538966 -0.921516180 0.029988134 0.007979714 0.999518394 47.074596405
0.999428213 0.015483110 -0.030058416 -1.285613775 -0.015639329 0.999865353 -0.004969035 -0.943451703 0.029977433 0.005436287 0.999535799 48.163368225
0.999444783 0.015566976 -0.029458174 -1.332113743 -0.015654325 0.999873698 -0.002736931 -0.967386842 0.029411849 0.003196559 0.999562263 49.245567322
0.999459803 0.013729861 -0.029858740 -1.357120633 -0.013775891 0.999904215 -0.001336413 -0.994888783 0.029837530 0.001747022 0.999553263 50.355377197
0.999477148 0.013817192 -0.029232869 -1.393363237 -0.013895812 0.999900341 -0.002488008 -1.016263962 0.029195579 0.002892921 0.999569535 51.439521790
0.999494791 0.012704163 -0.029133946 -1.424603105 -0.012830116 0.999909103 -0.004140379 -1.034955621 0.029078698 0.004512080 0.999566913 52.527168274
0.999511600 0.012805873 -0.028504822 -1.462872148 -0.012977932 0.999898612 -0.005859329 -1.061090708 0.028426899 0.006226401 0.999576509 53.602001190
0.999515951 0.012078234 -0.028670739 -1.513854861 -0.012335104 0.999885201 -0.008799424 -1.092487335 0.028561167 0.009148821 0.999550164 54.751071930
0.999526262 0.010363733 -0.028979873 -1.541889429 -0.010720804 0.999868214 -0.012193223 -1.119389176 0.028849686 0.012498135 0.999505639 55.839084625
0.999554276 0.009080848 -0.028438797 -1.579800844 -0.009476663 0.999859691 -0.013814409 -1.154212117 0.028309360 0.014077757 0.999500096 56.922885895
0.999578595 0.006927475 -0.028188905 -1.611839890 -0.007248456 0.999909878 -0.011300544 -1.186299920 0.028108081 0.011500109 0.999538720 58.022403717
0.999594212 0.005186733 -0.028010100 -1.644174457 -0.005339659 0.999971211 -0.005387636 -1.209898472 0.027981350 0.005535014 0.999593139 59.116260529
0.999605715 0.004406283 -0.027730661 -1.678103209 -0.004401679 0.999990284 0.000227069 -1.232535005 0.027731391 -0.000104918 0.999615431 60.221248627
0.999621093 0.002514394 -0.027409723 -1.708039165 -0.002487443 0.999996364 0.001017343 -1.253279448 0.027412182 -0.000948777 0.999623775 61.313846588
0.999624372 -0.000686638 -0.027397126 -1.735797763 0.000631354 0.999997735 -0.002026474 -1.271263599 0.027398456 0.002008416 0.999622583 62.405830383
0.999609292 -0.002216973 -0.027863493 -1.762561679 0.002068718 0.999983549 -0.005348465 -1.288736463 0.027874893 0.005288734 0.999597430 63.499866486
0.999624491 0.000193586 -0.027400972 -1.804043651 -0.000446733 0.999957263 -0.009232784 -1.319227219 0.027398014 0.009241558 0.999581873 64.592384338
0.999622285 0.000396563 -0.027480267 -1.830585837 -0.000771721 0.999906659 -0.013642671 -1.342643380 0.027472291 0.013658724 0.999529243 65.682144165
0.999639869 0.003275970 -0.026634695 -1.873402596 -0.003650881 0.999894798 -0.014039605 -1.375958920 0.026585899 0.014131789 0.999546647 66.784278870
0.999639332 0.006855226 -0.025964493 -1.909426928 -0.007134302 0.999917626 -0.010671039 -1.401777983 0.025889201 0.010852429 0.999605894 67.890815735
0.999632657 0.008168014 -0.025842566 -1.944570780 -0.008389859 0.999928772 -0.008487744 -1.428050518 0.025771398 0.008701442 0.999629974 68.983512878
0.999635637 0.008140864 -0.025735108 -1.980406404 -0.008336200 0.999937177 -0.007492132 -1.465485454 0.025672499 0.007703935 0.999640703 70.089759827
0.999649286 0.006601450 -0.025646228 -2.008176327 -0.006781030 0.999953032 -0.006921520 -1.487938046 0.025599333 0.007093000 0.999647141 71.193916321
0.999643207 0.005917291 -0.026045891 -2.036841393 -0.006059294 0.999967217 -0.005376490 -1.515604496 0.026013222 0.005532391 0.999646306 72.290046692
0.999644041 0.003699227 -0.026421553 -2.070855141 -0.003792745 0.999986708 -0.003490211 -1.539582014 0.026408290 0.003589178 0.999644816 73.394081116
0.999626756 0.002237313 -0.027228246 -2.097862244 -0.002291678 0.999995470 -0.001965586 -1.558546543 0.027223725 0.002027251 0.999627292 74.493560791
0.999611795 0.001770588 -0.027804669 -2.130463839 -0.001861193 0.999993026 -0.003233065 -1.584958792 0.027798750 0.003283560 0.999608159 75.581306458
0.999603212 0.002393495 -0.028065873 -2.175638437 -0.002584085 0.999973834 -0.006756494 -1.620297909 0.028048968 0.006826338 0.999583244 76.678901672
0.999577224 0.003084044 -0.028911775 -2.209408998 -0.003342609 0.999954820 -0.008899193 -1.645724535 0.028883023 0.008992071 0.999542356 77.755546570
0.999550343 0.005048710 -0.029557640 -2.243724585 -0.005254788 0.999962389 -0.006898530 -1.676581502 0.029521700 0.007050748 0.999539256 78.842025757
0.999527633 0.005657903 -0.030206658 -2.282476664 -0.005755800 0.999978483 -0.003154926 -1.696061254 0.030188156 0.003327300 0.999538720 79.923027039
0.999508023 0.007273749 -0.030509325 -2.323893070 -0.007243237 0.999973178 0.001110475 -1.718153119 0.030516583 -0.000888943 0.999533892 81.006057739
0.999477267 0.008354412 -0.031232124 -2.362401962 -0.008307600 0.999964178 0.001628307 -1.737471938 0.031244610 -0.001367992 0.999510825 82.081588745
0.999468565 0.007725149 -0.031669632 -2.402790070 -0.007732425 0.999970078 -0.000107288 -1.760823727 0.031667855 0.000352114 0.999498367 83.155021667
0.999451697 0.008033209 -0.032120686 -2.438830137 -0.008071011 0.999966860 -0.001047397 -1.779038310 0.032111209 0.001306069 0.999483466 84.221252441
0.999453187 0.006786183 -0.032361537 -2.484150648 -0.006820980 0.999976277 -0.000965001 -1.800029039 0.032354221 0.001185211 0.999475777 85.273139954
0.999417543 0.006002052 -0.033593614 -2.518921375 -0.006034142 0.999981403 -0.000853957 -1.827063918 0.033587866 0.001056168 0.999435186 86.314521790
0.999418855 0.004701179 -0.033761036 -2.562258482 -0.004680901 0.999988794 0.000679649 -1.848445773 0.033763852 -0.000521222 0.999429703 87.334739685
0.999379814 0.004762463 -0.034889095 -2.596337557 -0.004642897 0.999983072 0.003507238 -1.871162891 0.034905206 -0.003343077 0.999385059 88.346183777
0.999354362 0.003965893 -0.035709266 -2.628937960 -0.003810753 0.999983013 0.004411547 -1.895294785 0.035726152 -0.004272619 0.999352455 89.335975647
0.999273479 0.003124404 -0.037983045 -2.662462711 -0.002943745 0.999984086 0.004811307 -1.913823724 0.037997477 -0.004695999 0.999266803 90.303863525
0.999154389 0.002346905 -0.041049264 -2.711094856 -0.002203468 0.999991298 0.003539155 -1.928106785 0.041057214 -0.003445712 0.999150872 91.248283386
0.999008238 0.002448050 -0.044457719 -2.757678509 -0.002322444 0.999993145 0.002876718 -1.949136734 0.044464458 -0.002770615 0.999007106 92.165374756
0.998874128 0.001768755 -0.047405906 -2.811335802 -0.001616852 0.999993443 0.003242470 -1.970486403 0.047411330 -0.003162171 0.998870432 93.066337585
0.998707354 0.002820320 -0.050750569 -2.855953455 -0.002602409 0.999987125 0.004359337 -1.986827135 0.050762210 -0.004221628 0.998701870 93.943252563
0.998573720 0.003819455 -0.053253755 -2.915671587 -0.003532938 0.999978781 0.005473321 -2.006202221 0.053273533 -0.005277373 0.998566031 94.787773132
0.998392403 0.004956392 -0.056462903 -2.960700035 -0.004580877 0.999966562 0.006778135 -2.017283440 0.056494609 -0.006508589 0.998381674 95.608947754
0.998232484 0.006489314 -0.059074979 -3.020271540 -0.006035394 0.999950886 0.007858989 -2.034965277 0.059123080 -0.007488557 0.998222589 96.405212402
0.998042583 0.008474232 -0.061961286 -3.065531254 -0.007972712 0.999933481 0.008336861 -2.050388098 0.062027812 -0.007826542 0.998043716 97.165779114
0.997865260 0.010314151 -0.064486459 -3.125658751 -0.009873977 0.999925733 0.007140824 -2.064567566 0.064555317 -0.006488842 0.997893035 97.907592773
0.997669220 0.011831327 -0.067201905 -3.177716970 -0.011629382 0.999926627 0.003395479 -2.078905582 0.067237146 -0.002606048 0.997733593 98.609199524
0.997472763 0.014190905 -0.069618516 -3.235268593 -0.014235566 0.999898672 -0.000145404 -2.094277143 0.069609396 0.001136096 0.997573674 99.280235291
0.997298002 0.015874481 -0.071726307 -3.283469915 -0.016124235 0.999865770 -0.002904334 -2.105464220 0.071670569 0.004053019 0.997420132 99.919021606
0.997214675 0.018060772 -0.072365038 -3.339479208 -0.018406969 0.999822080 -0.004119939 -2.117205143 0.072277755 0.005440484 0.997369707 100.534790039
0.997229040 0.020188369 -0.071601048 -3.390116215 -0.020483259 0.999784470 -0.003386581 -2.140816927 0.071517244 0.004843819 0.997427583 101.129829407
0.997339606 0.024099501 -0.068796173 -3.433689117 -0.024291430 0.999702990 -0.001954505 -2.154073715 0.068728641 0.003620463 0.997628808 101.704536438
0.997677267 0.026570946 -0.062721699 -3.478780508 -0.026653960 0.999644578 -0.000487058 -2.167789698 0.062686466 0.002157709 0.998030961 102.242408752
0.998075366 0.027547251 -0.055558510 -3.504204512 -0.027512547 0.999620497 0.001389557 -2.180473328 0.055575702 0.000141674 0.998454452 102.770256042
0.998571217 0.027375940 -0.045891773 -3.524062395 -0.027210491 0.999620795 0.004226159 -2.197485924 0.045990065 -0.002971383 0.998937488 103.268409729
0.999045253 0.027001536 -0.034342993 -3.528701544 -0.026842007 0.999626696 0.005097821 -2.204081535 0.034467824 -0.004171120 0.999397099 103.749420166
0.999438882 0.026219433 -0.020844501 -3.530715227 -0.026112776 0.999644578 0.005372674 -2.218139410 0.020977959 -0.004825352 0.999768317 104.208251953
0.999644101 0.026055699 -0.005720274 -3.525317669 -0.026030460 0.999651253 0.004443090 -2.226732731 0.005834047 -0.004292608 0.999973774 104.647750854
0.999619424 0.024661886 0.012361389 -3.505487680 -0.024681782 0.999694288 0.001459495 -2.239699125 -0.012321616 -0.001764040 0.999922514 105.081420898
0.999144912 0.023948189 0.033703111 -3.480110645 -0.023859408 0.999710739 -0.003033994 -2.253823280 -0.033766020 0.002227263 0.999427259 105.491729736
0.998089314 0.021991517 0.057741933 -3.430700064 -0.021568123 0.999735832 -0.007945600 -2.262610912 -0.057901412 0.006685033 0.998299897 105.899398804
0.996176243 0.019824136 0.085087337 -3.376839638 -0.018968271 0.999761164 -0.010855448 -2.271916628 -0.085282214 0.009199980 0.996314347 106.307228088
0.993229985 0.017264199 0.114874721 -3.300098181 -0.015997903 0.999800801 -0.011936162 -2.286848068 -0.115057908 0.010017599 0.993308246 106.707038879
0.988952756 0.015006015 0.147469386 -3.217326403 -0.013061778 0.999814630 -0.014143635 -2.294307709 -0.147654295 0.012061175 0.988965511 107.090431213
0.982958198 0.012644889 0.183393657 -3.125658989 -0.009971151 0.999830246 -0.015494084 -2.310585260 -0.183558449 0.013401391 0.982917428 107.459465027
0.975132048 0.009363062 0.221426889 -3.013729095 -0.006010486 0.999856949 -0.015809756 -2.325338125 -0.221543252 0.014085717 0.975048840 107.805953979
0.965076506 0.006937409 0.261876285 -2.911597729 -0.002717220 0.999860585 -0.016473876 -2.343253374 -0.261954069 0.015186976 0.964960814 108.106468201
0.952832282 0.007857668 0.303395569 -2.770441532 -0.002704493 0.999844909 -0.017401448 -2.359201431 -0.303485274 0.015760129 0.952705801 108.453536987
0.937536061 0.009951477 0.347745806 -2.626021147 -0.004056554 0.999835551 -0.017675769 -2.375042677 -0.347864509 0.015161022 0.937422216 108.773025513
0.919669569 0.010702085 0.392547250 -2.461511374 -0.004487281 0.999849677 -0.016746165 -2.381856680 -0.392667472 0.013639470 0.919579387 109.092872620
0.899513721 0.009519299 0.436788768 -2.270520687 -0.002955649 0.999872327 -0.015704241 -2.392265558 -0.436882496 0.012835186 0.899426997 109.408836365
0.876344144 0.008515645 0.481610298 -2.074063778 -0.000686601 0.999864757 -0.016429871 -2.404793739 -0.481685072 0.014067547 0.876231492 109.701614380
0.851328433 0.008427127 0.524565399 -1.858093262 0.001429829 0.999830008 -0.018382739 -2.421931982 -0.524631143 0.016399788 0.851171672 109.979545593
0.823316455 0.010903849 0.567477882 -1.642847061 0.002022376 0.999752760 -0.022143966 -2.432062149 -0.567579031 0.019379146 0.823090851 110.249420166
0.791616440 0.015968781 0.610809684 -1.407041550 0.000628797 0.999636590 -0.026949057 -2.447643042 -0.611018062 0.021717392 0.791318715 110.552902222
0.757287502 0.022391163 0.652697682 -1.152996063 -0.003186601 0.999526858 -0.030592106 -2.463136673 -0.653073907 0.021087132 0.757000566 110.815292358
0.720011115 0.026945258 0.693439245 -0.877042770 -0.004587630 0.999408901 -0.034071025 -2.465573788 -0.693947375 0.021350276 0.719709158 111.061370850
0.680500031 0.027345283 0.732237637 -0.583110809 -0.002796160 0.999393046 -0.034723561 -2.484157562 -0.732742727 0.021581931 0.680163443 111.286117554
0.640582740 0.024710242 0.767491519 -0.262655258 0.001813555 0.999430656 -0.033691455 -2.491693497 -0.767887056 0.022974053 0.640173197 111.476379395
0.594740868 0.023323014 0.803579092 0.055229187 0.002186179 0.999528468 -0.030628256 -2.511146784 -0.803914547 0.019972643 0.594409406 111.702262878
0.548082054 0.021974456 0.836135864 0.398544312 0.003586848 0.999583900 -0.028621186 -2.516724586 -0.836416841 0.018685851 0.547775149 111.888809204
0.499958396 0.019056797 0.865839779 0.759609222 0.005931098 0.999659061 -0.025426881 -2.527979851 -0.866029203 0.017847765 0.499674916 112.058036804
0.448618174 0.015882516 0.893582344 1.116695404 0.007350833 0.999742687 -0.021459855 -2.544023991 -0.893693268 0.016195856 0.448386014 112.204643250
0.396735251 0.015895091 0.917795420 1.496700287 0.004957952 0.999798357 -0.019458452 -2.559725761 -0.917919636 0.012270238 0.396576464 112.336204529
0.345192552 0.020943586 0.938298225 1.884788513 0.001011481 0.999742091 -0.022687182 -2.574196339 -0.938531399 0.008780518 0.345082343 112.454734802
0.294926047 0.026260916 0.955159187 2.295669556 0.001186565 0.999611437 -0.027849453 -2.579837799 -0.955519378 0.009346888 0.294780314 112.552436829
0.247974396 0.028383275 0.968350768 2.698905945 0.002942377 0.999544024 -0.030051064 -2.594103336 -0.968762159 0.010301149 0.247777820 112.627525330
0.206950247 0.027936384 0.977952600 3.120529175 0.010477364 0.999471605 -0.030768281 -2.609258890 -0.978295445 0.016613871 0.206548214 112.674987793
0.171906650 0.027871713 0.984718859 3.560531616 0.018229857 0.999338508 -0.031467974 -2.625676870 -0.984944582 0.023360839 0.171284854 112.710472107
0.141442001 0.029133333 0.989517868 4.010215759 0.022800235 0.999205828 -0.032677647 -2.638745546 -0.989684045 0.027183231 0.140665412 112.749328613
0.113464117 0.027711704 0.993155718 4.485359192 0.021139905 0.999317288 -0.030298788 -2.650801659 -0.993317366 0.024433043 0.112800837 112.786575317
0.088050306 0.024030000 0.995826244 4.978256226 0.014786466 0.999567330 -0.025427688 -2.668972492 -0.996006370 0.016963666 0.087656856 112.824615479
0.063484669 0.020508826 0.997772217 5.523384094 0.010113975 0.999724269 -0.021192471 -2.680032730 -0.997931719 0.011436841 0.063259721 112.886085510
0.040799379 0.017912969 0.999006927 6.042282104 0.014322676 0.999726057 -0.018510805 -2.701693535 -0.999064803 0.015063681 0.040531635 112.890914917
0.021174133 0.018496312 0.999604821 6.580726624 0.022858016 0.999558568 -0.018979652 -2.720220089 -0.999514580 0.023250859 0.020741999 112.869934082
0.003450274 0.021049775 0.999772608 7.132041931 0.026962470 0.999413013 -0.021135259 -2.737167835 -0.999630630 0.027029259 0.002880692 112.853904724
-0.010988116 0.026788337 0.999580860 7.736785889 0.027649162 0.999266982 -0.026475996 -2.747289181 -0.999557436 0.027346654 -0.011720657 112.864158630
-0.022023082 0.031609524 0.999257743 8.333442688 0.025365362 0.999195993 -0.031048538 -2.757081747 -0.999435782 0.024662752 -0.022807121 112.854057312
-0.028517842 0.031214455 0.999105871 8.959205627 0.027028790 0.999170959 -0.030445002 -2.779031992 -0.999227881 0.026136400 -0.029337883 112.833641052
-0.030679345 0.027997961 0.999137104 9.612808228 0.033204596 0.999084413 -0.026976913 -2.805500031 -0.998977602 0.032348312 -0.031580925 112.801322937
-0.030391097 0.026229847 0.999193847 10.271469116 0.034112830 0.999100506 -0.025189834 -2.831382513 -0.998955786 0.033319786 -0.031258464 112.781837463
-0.028264880 0.025836319 0.999266624 10.944259644 0.033920169 0.999114990 -0.024872949 -2.852068186 -0.999024868 0.033192262 -0.029116273 112.763870239
-0.027019262 0.025937874 0.999298513 11.639991760 0.030066274 0.999232113 -0.025123220 -2.884099483 -0.999182820 0.029366370 -0.027778387 112.762123108
-0.025984049 0.027421307 0.999286234 12.355659485 0.029090427 0.999221087 -0.026663093 -2.901010990 -0.999239028 0.028376848 -0.026761532 112.751037598
-0.024718523 0.027948905 0.999303699 13.074600220 0.028781775 0.999214649 -0.027234474 -2.931623220 -0.999280035 0.028088536 -0.025503635 112.732299805
-0.024239779 0.027607646 0.999324918 13.839515686 0.028113633 0.999242067 -0.026923433 -2.956664562 -0.999310851 0.027442040 -0.024997473 112.725227356
-0.023620725 0.026561962 0.999368131 14.604362488 0.026923576 0.999301314 -0.025923831 -2.977261066 -0.999358416 0.026294224 -0.024319410 112.712631226
-0.023164392 0.025333147 0.999410748 15.378128052 0.027580198 0.999314606 -0.024691461 -3.007990599 -0.999351263 0.026991984 -0.023847222 112.695877075
-0.023563385 0.022902060 0.999460042 16.162445068 0.028573234 0.999344587 -0.022225771 -3.037209988 -0.999313951 0.028034089 -0.024202347 112.675483704
-0.024640799 0.021164611 0.999472320 16.949546814 0.026755169 0.999431729 -0.020504138 -3.064800978 -0.999338269 0.026235813 -0.025193095 112.660820007
-0.025688887 0.019853773 0.999472797 17.743629456 0.025282415 0.999495864 -0.019204410 -3.094268084 -0.999350250 0.024775745 -0.026178002 112.639564514
-0.026809216 0.017621035 0.999485373 18.545806885 0.027890531 0.999468565 -0.016872631 -3.111151457 -0.999251485 0.027423833 -0.027286530 112.618118286
-0.028003693 0.016190346 0.999476850 19.366973877 0.029409472 0.999449313 -0.015365901 -3.138842821 -0.999175251 0.028963784 -0.028464437 112.592552185
-0.029748082 0.015066711 0.999443948 20.184890747 0.026589667 0.999544501 -0.014276799 -3.168158054 -0.999203801 0.026150174 -0.030135155 112.570693970
-0.030654669 0.019647911 0.999336958 21.010169983 0.023850255 0.999536514 -0.018920230 -3.192151546 -0.999245465 0.023254445 -0.031109095 112.554031372
-0.031641364 0.024477754 0.999199569 21.848510742 0.024563659 0.999417186 -0.023705237 -3.218475819 -0.999197423 0.023793930 -0.032224178 112.537361145
-0.032557249 0.026031908 0.999130845 22.692237854 0.024935618 0.999370754 -0.025225621 -3.247693062 -0.999158800 0.024092672 -0.033185840 112.510910034
-0.034299731 0.023973338 0.999124050 23.534736633 0.021480206 0.999499023 -0.023244927 -3.276549816 -0.999180734 0.020664096 -0.034797430 112.491500854
-0.035412192 0.019367572 0.999185264 24.393775940 0.018184744 0.999659121 -0.018732278 -3.315167427 -0.999207497 0.017506577 -0.035752296 112.471221924
-0.035735011 0.014143602 0.999261200 25.251121521 0.016961604 0.999764383 -0.013544153 -3.343644619 -0.999217391 0.016465073 -0.035966516 112.448509216
-0.036086917 0.008580442 0.999311805 26.102218628 0.013323427 0.999878407 -0.008104173 -3.365222454 -0.999259830 0.013021803 -0.036196828 112.425987244
-0.036072969 0.007175679 0.999323487 26.940597534 0.010948994 0.999917030 -0.006784712 -3.391653538 -0.999289274 0.010696842 -0.036148548 112.404220581
-0.035027742 0.013841199 0.999290466 27.763435364 0.013503594 0.999819338 -0.013375187 -3.424168110 -0.999295056 0.013025509 -0.035208344 112.370529175
-0.033881426 0.025307335 0.999105453 28.611747742 0.015857801 0.999567091 -0.024781266 -3.449518681 -0.999300063 0.015003989 -0.034268022 112.340827942
-0.033088684 0.030195136 0.998996139 29.439750671 0.017667286 0.999405026 -0.029622318 -3.477483749 -0.999296188 0.016669387 -0.033602357 112.312126160
-0.031752944 0.025084805 0.999180973 30.281242371 0.019637924 0.999507666 -0.024468936 -3.507903099 -0.999302864 0.018844878 -0.032230020 112.285873413
-0.030799031 0.017136587 0.999378800 31.113983154 0.022695502 0.999607205 -0.016441075 -3.544485807 -0.999267995 0.022175035 -0.031175852 112.258926392
-0.030339003 0.014049503 0.999441028 31.949691772 0.023634205 0.999631763 -0.013334749 -3.574506760 -0.999260366 0.023216430 -0.030659795 112.233589172
-0.030720472 0.014871323 0.999417484 32.770523071 0.022629535 0.999643385 -0.014179092 -3.600892067 -0.999271929 0.022180764 -0.031046033 112.214706421
-0.031680226 0.015636597 0.999375880 33.593437195 0.019373678 0.999699354 -0.015027516 -3.629379988 -0.999310434 0.018885510 -0.031973720 112.198715210
-0.033698440 0.015717601 0.999308407 34.420455933 0.017089384 0.999739230 -0.015148092 -3.656914711 -0.999285877 0.016567100 -0.033958316 112.183166504
-0.035651684 0.015731843 0.999240398 35.228805542 0.016727252 0.999745429 -0.015142984 -3.683042049 -0.999224246 0.016174672 -0.035905719 112.156829834
-0.038064599 0.016139917 0.999145091 36.047248840 0.015756145 0.999754965 -0.015549511 -3.708124638 -0.999151230 0.015150789 -0.038309574 112.135131836
-0.040495157 0.016300581 0.999046743 36.866279602 0.013592880 0.999783397 -0.015761629 -3.739549160 -0.999087274 0.012941654 -0.040707946 112.111595154
-0.042527318 0.015358272 0.998977244 37.676307678 0.012063847 0.999816835 -0.014857612 -3.766683578 -0.999022484 0.011419655 -0.042704821 112.088333130
-0.045044899 0.014023519 0.998886526 38.467948914 0.011415175 0.999843419 -0.013522184 -3.797328472 -0.998919785 0.010793361 -0.045197964 112.059890747
-0.046280146 0.014528948 0.998822868 39.259963989 0.011739322 0.999833107 -0.013999706 -3.819626093 -0.998859584 0.011077596 -0.046442986 112.014572144
-0.048399568 0.015312072 0.998710752 40.046401978 0.011161542 0.999828339 -0.014788297 -3.846668243 -0.998765767 0.010431403 -0.048562169 111.984916687
-0.049348116 0.015597963 0.998659909 40.823921204 0.011761845 0.999817789 -0.015034845 -3.873113155 -0.998712480 0.011004141 -0.049522638 111.950317383
-0.050887108 0.014228367 0.998603046 41.594573975 0.013435206 0.999817789 -0.013561040 -3.900280476 -0.998614073 0.012726357 -0.051069021 111.916160583
-0.051845908 0.013600634 0.998562455 42.385101318 0.014185051 0.999816418 -0.012881218 -3.930210829 -0.998554349 0.013496821 -0.052029252 111.872879028
-0.053444386 0.013017146 0.998486042 43.154525757 0.012603337 0.999844193 -0.012360253 -3.957248688 -0.998491347 0.011923669 -0.053600192 111.841575623
-0.054614782 0.011837443 0.998437405 43.908775330 0.010671007 0.999879539 -0.011270837 -3.981944084 -0.998450577 0.010038777 -0.054734468 111.809906006
-0.055452704 0.010676212 0.998404264 44.645996094 0.010052794 0.999898136 -0.010133842 -4.003910542 -0.998410702 0.009474804 -0.055554390 111.776344299
-0.055684566 0.010564455 0.998392582 45.357719421 0.010866071 0.999891222 -0.009974266 -4.026917934 -0.998389363 0.010293192 -0.055793285 111.734451294
-0.056184173 0.013311910 0.998331666 46.063789368 0.010753988 0.999861181 -0.012727092 -4.048880577 -0.998362482 0.010020987 -0.056319475 111.699417114
-0.056126356 0.015907504 0.998296976 46.766891479 0.010522706 0.999826968 -0.015340275 -4.074121952 -0.998368263 0.009643792 -0.056284070 111.664787292
-0.056554675 0.017691977 0.998242795 47.470550537 0.008450885 0.999815643 -0.017241076 -4.096374989 -0.998363793 0.007460973 -0.056693792 111.635391235
-0.056426287 0.018592987 0.998233795 48.176414490 0.008790968 0.999797106 -0.018125189 -4.121290684 -0.998368204 0.007752705 -0.056578279 111.592727661
-0.056835771 0.018437251 0.998213351 48.877037048 0.010166625 0.999788344 -0.017887481 -4.145149231 -0.998331845 0.009131813 -0.057011247 111.560813904
-0.056879401 0.017720493 0.998223782 49.552406311 0.010240315 0.999800205 -0.017164977 -4.174354553 -0.998328507 0.009245791 -0.057049513 111.516433716
-0.057056546 0.017671859 0.998214722 50.231498718 0.006450195 0.999828994 -0.017331757 -4.198794842 -0.998350263 0.005449791 -0.057160735 111.483367920
-0.057273149 0.017287867 0.998208940 50.916069031 0.003069361 0.999848366 -0.017140156 -4.230505466 -0.998353899 0.002082195 -0.057317495 111.458358765
-0.056830406 0.017069772 0.998237848 51.593688965 0.006437217 0.999839306 -0.016730681 -4.242940426 -0.998363018 0.005475062 -0.056931257 111.413726807
-0.057609081 0.016483914 0.998203158 52.268638611 0.007338291 0.999843657 -0.016087493 -4.263271332 -0.998312294 0.006398320 -0.057721019 111.374389648
-0.061095595 0.015992105 0.998003900 52.942047119 0.003999521 0.999867558 -0.015777128 -4.287978172 -0.998124003 0.003027625 -0.061151505 111.341323853
-0.066973805 0.014997778 0.997642040 53.625740051 -0.000980648 0.999885559 -0.015097340 -4.317577362 -0.997754276 -0.001989462 -0.066951394 111.311737061
-0.072473407 0.018799245 0.997193158 54.289909363 0.002735559 0.999822319 -0.018649997 -4.340807915 -0.997366607 0.001376253 -0.072511911 111.258361816
-0.079256773 0.022053156 0.996610343 54.960243225 0.005294908 0.999750495 -0.021701559 -4.359084129 -0.996840239 0.003556968 -0.079353690 111.204559326
-0.086120248 0.023613900 0.996004999 55.631668091 0.004373176 0.999718428 -0.023323813 -4.381543159 -0.996275306 0.002347057 -0.086199284 111.144500732
-0.093135238 0.023500100 0.995376110 56.326118469 0.000994620 0.999723136 -0.023509664 -4.398243904 -0.995652974 -0.001199558 -0.093132854 111.093658447
-0.098339319 0.021480776 0.994921088 57.006370544 0.000019271 0.999767065 -0.021583499 -4.434567451 -0.995152950 -0.002103333 -0.098316908 111.023468018
-0.102949977 0.022218244 0.994438350 57.700942993 -0.002532300 0.999741435 -0.022598887 -4.456767559 -0.994683266 -0.004844774 -0.102867126 110.958435059
-0.106926322 0.021665232 0.994031012 58.394165039 -0.004036413 0.999744892 -0.022223962 -4.479679108 -0.994258881 -0.006388643 -0.106811643 110.887786865
-0.109445930 0.018083440 0.993828297 59.096664429 -0.003774693 0.999819756 -0.018608149 -4.507141113 -0.993985653 -0.005787981 -0.109357953 110.813232422
-0.111567259 0.014919115 0.993644893 59.803710938 -0.001899400 0.999882281 -0.015226033 -4.530737877 -0.993755102 -0.003586055 -0.111525774 110.735214233
-0.113306046 0.012033906 0.993487418 60.546844482 -0.002654065 0.999919415 -0.012414509 -4.555278778 -0.993556738 -0.004043417 -0.113265038 110.664146423
-0.114251614 0.011556861 0.993384659 61.269561768 -0.003550096 0.999921203 -0.012041212 -4.575085640 -0.993445516 -0.004902340 -0.114201665 110.584442139
-0.115000367 0.015579645 0.993243337 62.008811951 -0.001582627 0.999872863 -0.015866876 -4.593285561 -0.993364215 -0.003396631 -0.114961147 110.507461548
-0.114772558 0.019437876 0.993201733 62.737930298 0.004155821 0.999809206 -0.019086951 -4.619884968 -0.993383229 0.001936911 -0.114831448 110.411422729
-0.115847111 0.024031313 0.992976487 63.486404419 0.011140687 0.999675810 -0.022893706 -4.651765823 -0.993204772 0.008410273 -0.116077304 110.322082520
-0.116387367 0.025381330 0.992879748 64.232765198 0.011797552 0.999638200 -0.024171174 -4.675187111 -0.993134081 0.008900334 -0.116644740 110.235305786
-0.117165327 0.022855714 0.992849469 64.985229492 0.009331316 0.999716341 -0.021912614 -4.703563690 -0.993068695 0.006697195 -0.117345333 110.159339905
-0.116741776 0.018448418 0.992991030 65.742477417 0.010177971 0.999797165 -0.017378289 -4.727456093 -0.993110240 0.008077862 -0.116905928 110.071090698
-0.116139889 0.016081547 0.993102849 66.485656738 0.011971407 0.999818921 -0.014790294 -4.756540298 -0.993160903 0.010171095 -0.116311431 109.979202271
-0.117610812 0.015884623 0.992932856 67.228927612 0.011757269 0.999824226 -0.014602248 -4.781308174 -0.992990315 0.009956796 -0.117776990 109.899887085
-0.119815826 0.016797403 0.992654026 67.987007141 0.010826096 0.999819517 -0.015611918 -4.803466797 -0.992737114 0.008876012 -0.119976044 109.821060181
-0.122108936 0.017056596 0.992370129 68.726303101 0.009764182 0.999824584 -0.015983259 -4.830792427 -0.992468655 0.007737983 -0.122254014 109.736198425
-0.124305248 0.017680995 0.992086530 69.463592529 0.011486299 0.999799848 -0.016379267 -4.854254723 -0.992177546 0.009359374 -0.124483466 109.645790100
-0.125635147 0.017812576 0.991916597 70.202026367 0.011772853 0.999795139 -0.016462920 -4.879342556 -0.992006660 0.009609368 -0.125819087 109.548179626
-0.128028274 0.017414082 0.991617620 70.957801819 0.010990624 0.999809325 -0.016138934 -4.901416302 -0.991709650 0.008832257 -0.128195286 109.457237244
-0.129829288 0.017836345 0.991376102 71.710174561 0.008958026 0.999818504 -0.016815109 -4.923251629 -0.991496027 0.006697680 -0.129965544 109.366691589
-0.130835056 0.019427989 0.991213799 72.462097168 0.009146557 0.999789059 -0.018388769 -4.948241234 -0.991361976 0.006660299 -0.130985141 109.270538330
-0.131883144 0.019836828 0.991066933 73.229339600 0.007442442 0.999791384 -0.019021077 -4.970885277 -0.991237462 0.004867400 -0.132003307 109.178825378
-0.133120894 0.020118954 0.990895748 73.993911743 0.007347333 0.999786496 -0.019312404 -4.992949486 -0.991072774 0.004709560 -0.133240223 109.080635071
-0.134657979 0.018527359 0.990718901 74.786468506 0.007548112 0.999815345 -0.017671535 -5.016446114 -0.990863383 0.005098444 -0.134773016 108.990577698
-0.135801435 0.016154828 0.990604341 75.554718018 0.005017756 0.999865413 -0.015617976 -5.039021969 -0.990723372 0.002849667 -0.135864258 108.890571594
-0.137533903 0.014273706 0.990394235 76.344230652 0.002138232 0.999898136 -0.014113746 -5.057498932 -0.990494788 0.000176575 -0.137550473 108.791175842
-0.139762521 0.013242160 0.990096450 77.132492065 0.003066220 0.999911547 -0.012940604 -5.084593296 -0.990180254 0.001227241 -0.139790773 108.685600281
-0.141353965 0.013897403 0.989861727 77.929153442 0.004442575 0.999900281 -0.013403937 -5.112018108 -0.989949286 0.002502836 -0.141401649 108.568634033
-0.143475413 0.015480407 0.989532888 78.729354858 0.003947355 0.999878645 -0.015069919 -5.130457878 -0.989646077 0.001743876 -0.143519044 108.457382202
-0.145665407 0.018809475 0.989155233 79.536323547 0.005111195 0.999820232 -0.018259592 -5.158686638 -0.989320815 0.002395976 -0.145735264 108.353981018
-0.145666361 0.022533011 0.989077330 80.340484619 0.006934603 0.999739289 -0.021754622 -5.185822487 -0.989309669 0.003689945 -0.145784736 108.229240417
-0.146573901 0.026675830 0.988839984 81.159042358 0.008198196 0.999634743 -0.025751835 -5.216633320 -0.989165723 0.004332156 -0.146739125 108.109664917
-0.146020293 0.027760666 0.988892078 81.982803345 0.010243863 0.999595046 -0.026548514 -5.245524406 -0.989228606 0.006253454 -0.146245480 107.985671997
-0.146042585 0.027408425 0.988898575 82.820007324 0.014214329 0.999571085 -0.025605025 -5.275809765 -0.989176154 0.010317106 -0.146369457 107.870933533
-0.145752430 0.025059966 0.989003658 83.647918701 0.014686720 0.999623775 -0.023164639 -5.313768387 -0.989212096 0.011148919 -0.146065712 107.748703003
-0.144935727 0.023745904 0.989156246 84.516357422 0.014789195 0.999652267 -0.021830898 -5.344287872 -0.989330649 0.011464749 -0.145236492 107.633262634
-0.143336415 0.021427372 0.989442110 85.368255615 0.013330670 0.999716699 -0.019718722 -5.372853279 -0.989584327 0.010363517 -0.143581390 107.519783020
-0.141701102 0.018149467 0.989743233 86.220657349 0.013960212 0.999769092 -0.016334642 -5.400121212 -0.989811182 0.011502387 -0.141921759 107.406005859
-0.140473366 0.014690089 0.989975452 87.070037842 0.014079788 0.999818444 -0.012838285 -5.428666592 -0.989984334 0.012135208 -0.140654683 107.292716980
-0.138859272 0.014483088 0.990206242 87.927505493 0.012655673 0.999837339 -0.012849217 -5.454444885 -0.990231276 0.010747493 -0.139019966 107.180732727
-0.137392879 0.018867636 0.990337074 88.783676147 0.013250259 0.999764085 -0.017208990 -5.483773232 -0.990428150 0.010757832 -0.137610435 107.069252014
-0.135567069 0.024906317 0.990455210 89.636741638 0.013618049 0.999636412 -0.023273246 -5.512096405 -0.990674734 0.010332985 -0.135856986 106.959434509
-0.134232759 0.028503835 0.990539789 90.496307373 0.011871908 0.999560773 -0.027154604 -5.543011189 -0.990878701 0.008114559 -0.134512186 106.852157593
-0.132852554 0.025748912 0.990801394 91.357788086 0.009730510 0.999648213 -0.024674101 -5.574493885 -0.991088152 0.006362987 -0.133056283 106.745750427
