1.000000000 0.000000000 0.000000000 0.000000000 0.000000000 1.000000000 0.000000000 0.000000000 0.000000000 0.000000000 1.000000000 0.000000000
0.999872804 0.001725442 0.015855560 0.011587000 -0.001710423 0.999998093 -0.000960806 -0.000053379 -0.015857186 0.000933564 0.999873817 0.135481343
0.999293566 0.004728970 0.037283093 0.029335447 -0.004713699 0.999988794 -0.000497476 -0.002374128 -0.037285026 0.000321384 0.999304593 0.283212960
0.997911692 0.006043811 0.064310022 0.061143346 -0.006104980 0.999981105 0.000754688 0.000534640 -0.064304247 -0.001145723 0.997929692 0.450518847
0.995123625 0.005726644 0.098469190 0.106973775 -0.006055443 0.999977052 0.003040563 -0.001383784 -0.098449513 -0.003622011 0.995135427 0.636920273
0.990643442 0.002860239 0.136445597 0.169473320 -0.003585536 0.999980748 0.005070178 -0.000641254 -0.136428460 -0.005511969 0.990634620 0.819343567
0.984438419 -0.000210623 0.175729901 0.249193430 -0.000740399 0.999985456 0.005346255 0.001783208 -0.175728470 -0.005393169 0.984423876 1.017458081
0.975613177 -0.000079275 0.219496936 0.334014773 -0.001375896 0.999978065 0.006476700 0.003907599 -0.219492644 -0.006620759 0.975591719 1.231489301
0.963585079 0.000486241 0.267401516 0.429378390 -0.003113475 0.999950945 0.009401147 0.004754451 -0.267383814 -0.009891353 0.963539362 1.445097089
0.949131370 -0.003616737 0.314859509 0.549936235 -0.001643839 0.999863505 0.016440548 0.003696233 -0.314875990 -0.016121818 0.948995888 1.666215897
0.932133615 -0.012694424 0.361892015 0.691172183 0.004184607 0.999696195 0.024288893 -0.000183472 -0.362090409 -0.021126118 0.931903541 1.891486645
0.910736561 -0.017649340 0.412610561 0.842451990 0.006438806 0.999571800 0.028544415 0.001940317 -0.412937641 -0.023339722 0.910460174 2.114363670
0.885265231 -0.018668696 0.464711696 1.013765335 0.004121509 0.999469697 0.032299958 0.009443620 -0.465068251 -0.026678715 0.884872735 2.349704266
0.856902659 -0.020651508 0.515064418 1.202314854 0.002100131 0.999328732 0.036574140 0.016765445 -0.515474021 -0.030258775 0.856370807 2.576309443
0.824509740 -0.025268534 0.565283358 1.403283119 0.002663639 0.999164701 0.040778190 0.021592081 -0.565841556 -0.032116305 0.823888302 2.791970730
0.788232744 -0.030509150 0.614620507 1.630172849 0.004465031 0.999027491 0.043864459 0.026114639 -0.615361035 -0.031831104 0.787602425 3.012185574
0.750132322 -0.034354623 0.660394788 1.878381491 0.004942333 0.998912990 0.046350874 0.032960057 -0.661269307 -0.031505395 0.749486685 3.224873066
0.709987879 -0.037287179 0.703226030 2.163238287 0.005800061 0.998872995 0.047107447 0.048113424 -0.704190016 -0.029366964 0.709403992 3.447964430
0.667683125 -0.038670667 0.743440628 2.460549593 0.004606925 0.998845398 0.047818284 0.066528216 -0.744431436 -0.028502489 0.667090356 3.665864468
0.625125110 -0.038867980 0.779556155 2.785610914 -0.000401451 0.998743176 0.050118376 0.076189339 -0.780524433 -0.031643208 0.624323845 3.881173611
0.583508492 -0.039559614 0.811142981 3.140128374 -0.003080261 0.998697877 0.050922543 0.094350614 -0.812101245 -0.032212269 0.582626820 4.089917183
0.543122292 -0.040429227 0.838679671 3.508595467 -0.005280967 0.998655915 0.051560920 0.113265410 -0.839636981 -0.032432925 0.542178750 4.298738003
0.504277349 -0.042589847 0.862490833 3.919194698 -0.006820234 0.998555422 0.053296350 0.130807400 -0.863514841 -0.032758530 0.503258407 4.506106853
0.467193663 -0.042019725 0.883155942 4.358437061 -0.009792422 0.998562872 0.052690916 0.154881537 -0.884100795 -0.033265099 0.466110766 4.711030960
0.430749118 -0.041327957 0.901525021 4.825508118 -0.010471469 0.998654783 0.050783888 0.177521408 -0.902411044 -0.031315405 0.429736853 4.902075768
0.397816896 -0.039972886 0.916593671 5.314677238 -0.009298984 0.998823464 0.047594864 0.197033778 -0.917417765 -0.027457431 0.396977127 5.076446533
0.368115664 -0.037957247 0.929004967 5.859305382 -0.007321139 0.999017060 0.043718781 0.223211765 -0.929751217 -0.022894945 0.367475927 5.266627312
0.342795372 -0.036095131 0.938716471 6.417302132 -0.006260213 0.999151587 0.040705033 0.246851891 -0.939389288 -0.019830065 0.342278600 5.451381683
0.323032618 -0.035306029 0.945729136 7.003019810 -0.004897171 0.999228120 0.038975988 0.273815900 -0.946375251 -0.017221916 0.322610378 5.630551338
0.308579803 -0.036151145 0.950511336 7.605841160 -0.003669880 0.999224842 0.039195303 0.290430844 -0.951191485 -0.015583143 0.308207929 5.814012051
0.297222853 -0.037317362 0.954078674 8.235790253 -0.002708053 0.999198973 0.039925814 0.316155732 -0.954804361 -0.014450561 0.296883762 5.995224953
0.287048995 -0.039334144 0.957108080 8.903624535 -0.003743539 0.999102890 0.042182740 0.341184914 -0.957908630 -0.015691485 0.286644220 6.171626568
0.276169300 -0.041170519 0.960226774 9.584482193 -0.004975218 0.999007463 0.044264186 0.359919399 -0.961096108 -0.017001746 0.275690317 6.380093575
0.266311049 -0.043220393 0.962917745 10.299336433 -0.005938021 0.998901665 0.046477791 0.384100914 -0.963868976 -0.018095380 0.265761912 6.571092606
0.256552041 -0.044803753 0.965491414 11.024186134 -0.007012251 0.998812437 0.048213329 0.417632043 -0.966504991 -0.019139498 0.255933225 6.752376556
0.245346129 -0.046148352 0.968336582 11.773237228 -0.007371788 0.998748600 0.049465492 0.447395325 -0.969407558 -0.019274542 0.244698882 6.960852623
0.235285819 -0.047649350 0.970757604 12.545934677 -0.007568608 0.998677433 0.050854221 0.475836009 -0.971896827 -0.019312566 0.234614015 7.146003723
0.225316226 -0.050141722 0.972994566 13.329412460 -0.008931779 0.998526514 0.053525802 0.512260973 -0.974244773 -0.020750809 0.224536419 7.313320160
0.212983310 -0.053848129 0.975570917 14.139737129 -0.010686662 0.998292029 0.057435334 0.546282887 -0.976997435 -0.022658367 0.212044120 7.511949539
0.201194286 -0.057835158 0.977842569 14.941112518 -0.011726366 0.998041749 0.061442599 0.579301715 -0.979481280 -0.023828447 0.200122118 7.671058655
0.188466728 -0.059913091 0.980250418 15.752647400 -0.012052582 0.997921109 0.063310407 0.619118869 -0.982005656 -0.023746455 0.187352836 7.819365501
0.173598051 -0.060377032 0.982964098 16.563171387 -0.012878082 0.997894406 0.063568465 0.655373335 -0.984732449 -0.023694055 0.172454953 7.974846840
0.159433782 -0.059121978 0.985436857 17.382228851 -0.013730469 0.997975767 0.062095724 0.696961403 -0.987113297 -0.023430672 0.158299267 8.102773666
0.142160475 -0.058044974 0.988140285 18.213327408 -0.014315722 0.998054206 0.060686890 0.738082826 -0.989740074 -0.022773221 0.141052902 8.230747223
0.122143030 -0.056612525 0.990896642 19.021442413 -0.017064901 0.998104572 0.059127841 0.765663385 -0.992365837 -0.024131607 0.120945454 8.320987701
0.096637964 -0.054744970 0.993812978 19.861019135 -0.021674195 0.998133719 0.057090577 0.808185101 -0.995083630 -0.027057216 0.095271051 8.401536942
0.066177845 -0.054440372 0.996321619 20.707027435 -0.025563410 0.998090267 0.056234993 0.840147018 -0.997480333 -0.029190890 0.064659774 8.458938599
0.033012986 -0.053663552 0.998013198 21.542301178 -0.028439082 0.998102725 0.054609094 0.878294587 -0.999050260 -0.030185392 0.031424224 8.478580475
-0.001772523 -0.053832982 0.998548388 22.396276474 -0.030099738 0.998100400 0.053755399 0.896398902 -0.999545336 -0.029960763 -0.003389597 8.478134155
-0.034855604 -0.052166574 0.998030066 23.252731323 -0.030978084 0.998213291 0.051094271 0.931065321 -0.998912275 -0.029136140 -0.036409378 8.426345825
-0.068310976 -0.050097529 0.996405482 24.103549957 -0.033227701 0.998298585 0.047914710 0.959343910 -0.997110605 -0.029835166 -0.069859385 8.373731613
-0.100514054 -0.047541033 0.993799150 24.965171814 -0.035002429 0.998408377 0.044221338 0.981242895 -0.994319737 -0.030340517 -0.102018118 8.279403687
-0.133222103 -0.043489281 0.990131617 25.773719788 -0.033370558 0.998667181 0.039374180 0.989760637 -0.990524292 -0.027795730 -0.134495854 8.168527603
-0.165148497 -0.037471168 0.985556722 26.612161636 -0.028030152 0.999052703 0.033287313 1.007251978 -0.985870361 -0.022127954 -0.166042447 8.015228271
-0.195073128 -0.031327415 0.980288327 27.448036194 -0.021661554 0.999383569 0.027627097 1.018620968 -0.980549574 -0.015845269 -0.195631385 7.827962875
-0.223882675 -0.025475971 0.974283099 28.254035950 -0.015437078 0.999625623 0.022591317 1.024019003 -0.974493861 -0.009982279 -0.224192142 7.626840591
-0.251372099 -0.019582881 0.967692435 29.074104309 -0.007066334 0.999805808 0.018397167 1.023449779 -0.967864752 -0.002213503 -0.251461625 7.388164520
-0.277492523 -0.009152420 0.960684240 29.871824265 -0.000789422 0.999956429 0.009298542 1.012154222 -0.960727513 0.001821890 -0.277487636 7.149101257
-0.302725554 0.006561415 0.953055322 30.672031403 0.004246235 0.999975681 -0.005535683 0.997338474 -0.953068435 0.002371105 -0.302746058 6.875801086
-0.327904105 0.023705080 0.944413602 31.462631226 0.005002706 0.999714673 -0.023356196 0.975206137 -0.944697797 -0.002933967 -0.327929139 6.605258942
-0.352833033 0.038800724 0.934881508 32.241683960 0.005485649 0.999208450 -0.039400175 0.944118381 -0.935670257 -0.008773251 -0.352766514 6.299903870
-0.377017140 0.049114212 0.924903333 33.011199951 0.009130280 0.998741627 -0.049313415 0.898322821 -0.926161468 -0.010147368 -0.376991153 5.969158173
-0.400398731 0.053093497 0.914801776 33.771270752 0.012429568 0.998542845 -0.052513406 0.842783689 -0.916256905 -0.009655702 -0.400475264 5.629425049
-0.423061252 0.052614301 0.904572368 34.529239655 0.016033441 0.998591065 -0.050584182 0.787642956 -0.905959368 -0.006896795 -0.423308849 5.266109467
-0.443069220 0.048433267 0.895178139 35.266799927 0.019582838 0.998824179 -0.044348452 0.732477784 -0.896273494 -0.002119304 -0.443496704 4.888587952
-0.460763693 0.047364548 0.886258125 35.996555328 0.027591035 0.998856723 -0.039037667 0.679821849 -0.887093902 0.006465637 -0.461543798 4.489181519
-0.474819541 0.047549479 0.878797770 36.711612701 0.029539831 0.998837829 -0.038083997 0.628144145 -0.879587352 0.007876514 -0.475672245 4.106819153
-0.485763073 0.051792081 0.872554779 37.418586731 0.033489134 0.998612881 -0.040630635 0.581262112 -0.873448789 0.009484241 -0.486823797 3.699722290
-0.495418191 0.054235086 0.866959870 38.117858887 0.034379609 0.998491228 -0.042817410 0.532477260 -0.867974043 0.008593219 -0.496535301 3.290348053
-0.505885601 0.053651735 0.860930622 38.810680389 0.028340923 0.998558819 -0.045575280 0.484325409 -0.862135053 0.001343693 -0.506677032 2.882091522
-0.517477274 0.052017730 0.854114473 39.506240845 0.027709980 0.998645782 -0.044031572 0.431942344 -0.855248213 0.000882158 -0.518217802 2.478591919
-0.526204705 0.053552873 0.848669946 40.190315247 0.029465145 0.998563945 -0.044742096 0.392187238 -0.849847317 0.001462683 -0.527027011 2.049983978
-0.533190846 0.056660030 0.844095647 40.879867554 0.032706846 0.998389363 -0.046357058 0.341608644 -0.845362723 0.002890555 -0.534185171 1.603996277
-0.536684632 0.059159983 0.841706514 41.577747345 0.033589158 0.998246253 -0.048745561 0.292529106 -0.843114197 0.002111225 -0.537730575 1.161052704
-0.536463857 0.061503161 0.841679513 42.284313202 0.033628393 0.998106658 -0.051499784 0.242583036 -0.843253374 0.000676568 -0.537516356 0.711257935
-0.532983541 0.061905712 0.843858123 42.996475220 0.035090663 0.998079121 -0.051056050 0.195482492 -0.845397830 0.002399510 -0.534132004 0.263214111
-0.526854873 0.060384486 0.847807586 43.745994568 0.033017512 0.998174310 -0.050576106 0.139486909 -0.849313796 0.001346235 -0.527886748 -0.203205109
-0.520204902 0.058988959 0.852002144 44.510353088 0.030462518 0.998258591 -0.050515715 0.087211967 -0.853498340 -0.000324382 -0.521095872 -0.656841278
-0.512774229 0.058872592 0.856502533 45.284126282 0.029913034 0.998265445 -0.050708361 0.027990222 -0.858002186 -0.000381353 -0.513645887 -1.122653961
-0.506067634 0.057623643 0.860566795 46.086257935 0.027231490 0.998335719 -0.050834835 -0.025914788 -0.862063885 -0.002291348 -0.506794572 -1.591659546
-0.502265334 0.054724045 0.862980485 46.901725769 0.022156576 0.998482227 -0.050421208 -0.081924915 -0.864429891 -0.006204124 -0.502715468 -2.045387268
-0.500868559 0.052389693 0.863936365 47.739078522 0.018606778 0.998587489 -0.049767721 -0.143037438 -0.865323365 -0.008852014 -0.501135945 -2.526237488
-0.501276970 0.049917668 0.863846123 48.588130951 0.015194386 0.998688459 -0.048892520 -0.197035551 -0.865153730 -0.011383074 -0.501378059 -3.007476807
-0.502388120 0.048678111 0.863270819 49.442665100 0.014303720 0.998745263 -0.047993060 -0.258805871 -0.864523828 -0.011763162 -0.502454042 -3.495388031
-0.502821922 0.047714014 0.863072217 50.302230835 0.014076888 0.998794913 -0.047016174 -0.317380548 -0.864275455 -0.011491389 -0.502887607 -3.991477966
-0.502888680 0.047493588 0.863045394 51.185127258 0.014488039 0.998812139 -0.046522815 -0.374975562 -0.864229739 -0.010891959 -0.502979398 -4.504264832
-0.502946138 0.046729621 0.863053560 52.076103210 0.014646234 0.998854816 -0.045547392 -0.432831645 -0.864193618 -0.010267406 -0.503054619 -5.022567749
-0.502902865 0.046382781 0.863097727 52.965560913 0.014066758 0.998866081 -0.045482662 -0.493133664 -0.864228666 -0.010732370 -0.502985120 -5.538169861
-0.503130198 0.044606663 0.863058686 53.874252319 0.012212524 0.998934269 -0.044509880 -0.557140231 -0.864124358 -0.011854138 -0.503138781 -6.063827515
-0.502692699 0.044049110 0.863342404 54.768749237 0.012056233 0.998961031 -0.043948691 -0.618954897 -0.864381313 -0.011684022 -0.502701521 -6.584724426
-0.502528906 0.043322604 0.863474429 55.661247253 0.011209408 0.998986304 -0.043597858 -0.684204102 -0.864487886 -0.012230141 -0.502505064 -7.093025208
-0.501195788 0.041908164 0.864318669 56.553787231 0.011157610 0.999056518 -0.041971188 -0.747094274 -0.865262151 -0.011392048 -0.501190543 -7.607048035
-0.499291062 0.039751608 0.865522027 57.445400238 0.010817191 0.999155104 -0.039649021 -0.803365350 -0.866366863 -0.010433886 -0.499299288 -8.111968994
-0.496582389 0.038491901 0.867135823 58.336326599 0.011356092 0.999218822 -0.037851743 -0.861414492 -0.867915452 -0.008949229 -0.496631622 -8.623748779
-0.494420052 0.038190678 0.868383706 59.230575562 0.011433764 0.999233663 -0.037435442 -0.920060694 -0.869147897 -0.008579939 -0.494477868 -9.126258850
-0.491888881 0.038230188 0.869818449 60.125568390 0.011291021 0.999231577 -0.037532993 -0.975799322 -0.870584965 -0.008640918 -0.491942525 -9.637489319
-0.491465211 0.038870454 0.870029390 61.016460419 0.011539228 0.999206424 -0.038123403 -1.036214948 -0.870820820 -0.008696858 -0.491523743 -10.126922607
-0.491987109 0.040185146 0.869674623 61.903015137 0.011102951 0.999142528 -0.039886389 -1.094467878 -0.870531797 -0.009967629 -0.492011309 -10.627403259
-0.495052695 0.042149227 0.867840230 62.791229248 0.010013478 0.999033093 -0.042808894 -1.154315352 -0.868805468 -0.012502551 -0.494996071 -11.123657227
-0.499922752 0.042632498 0.865020275 63.668357849 0.008568359 0.998982310 -0.044282891 -1.211757898 -0.866027832 -0.014726214 -0.499779344 -11.618293762
-0.505344987 0.041449577 0.861921370 64.538673401 0.010578406 0.999068201 -0.041842807 -1.275521994 -0.862852633 -0.012027297 -0.505312562 -12.130905151
-0.510693312 0.038874295 0.858883739 65.410148621 0.011498090 0.999196768 -0.038388286 -1.339613914 -0.859686196 -0.009729114 -0.510730028 -12.644966125
-0.515964031 0.036500055 0.855832458 66.272598267 0.008308895 0.999258041 -0.037607700 -1.394253850 -0.856570184 -0.012293191 -0.515884399 -13.157920837
-0.521257043 0.039517920 0.852484345 67.134643555 0.010200784 0.999144435 -0.040079191 -1.452568889 -0.853338838 -0.012195551 -0.521214247 -13.674316406
-0.525771141 0.041420724 0.849616945 67.965866089 0.011480696 0.999068320 -0.041602176 -1.511003852 -0.850548565 -0.012119032 -0.525756836 -14.201774597
-0.530620098 0.042128149 0.846562266 68.805877686 0.010664597 0.999016821 -0.043030366 -1.573296309 -0.847542763 -0.013804529 -0.530547738 -14.718963623
-0.534371376 0.042410601 0.844185293 69.625350952 0.009014878 0.998969615 -0.044480294 -1.629553318 -0.845201850 -0.016158763 -0.534203053 -15.233207703
-0.537723780 0.041872952 0.842080832 70.454231262 0.010240207 0.999016643 -0.043137640 -1.687874317 -0.843059063 -0.014573045 -0.537623763 -15.761413574
-0.540185571 0.035222489 0.840808511 71.284339905 0.011034628 0.999334276 -0.034774020 -1.737274289 -0.841473579 -0.009506417 -0.540214658 -16.287651062
-0.542172074 0.026231239 0.839858174 72.108108521 0.010258575 0.999644756 -0.024599407 -1.789042234 -0.840205073 -0.004721359 -0.542248607 -16.816291809
-0.543903589 0.024867665 0.838779449 72.920547485 0.011559248 0.999687970 -0.022142645 -1.833573222 -0.839068353 -0.002347799 -0.544021368 -17.335960388
-0.545193076 0.029751709 0.837782383 73.732986450 0.011582567 0.999541998 -0.027958747 -1.873371005 -0.838230491 -0.005539243 -0.545287967 -17.859245300
-0.546735883 0.035973191 0.836532235 74.537696838 0.013383961 0.999324501 -0.034226302 -1.919216394 -0.837198377 -0.007516626 -0.546848059 -18.378326416
-0.546304822 0.040220849 0.836620271 75.334022522 0.019558158 0.999186575 -0.035265006 -1.965842962 -0.837358117 -0.002902690 -0.546647072 -18.919860840
-0.546314001 0.041497834 0.836551726 76.128265381 0.022669107 0.999138594 -0.034758922 -2.013708115 -0.837273538 -0.000025404 -0.546784163 -19.432899475
-0.545922637 0.037939273 0.836976349 76.941757202 0.020948848 0.999280035 -0.031632330 -2.058487654 -0.837573826 0.000264890 -0.546324372 -19.966140747
-0.545271993 0.033260327 0.837599158 77.748977661 0.019740375 0.999444902 -0.026836220 -2.099169016 -0.838026822 0.001901484 -0.545625925 -20.488449097
-0.544671655 0.026786854 0.838221669 78.548934937 0.016170489 0.999639392 -0.021437757 -2.134604931 -0.838493645 0.001877916 -0.544908404 -20.997398376
-0.543996572 0.020973647 0.838825285 79.355506897 0.007892041 0.999771237 -0.019879714 -2.176107645 -0.839050353 -0.004194452 -0.544037700 -21.504081726
-0.542636633 0.015732648 0.839820266 80.160171509 0.000696183 0.999832630 -0.018280389 -2.211322308 -0.839967370 -0.009334939 -0.542556763 -22.007141113
-0.540883899 0.016975323 0.840925992 80.953475952 0.004883522 0.999842823 -0.017042210 -2.247858524 -0.841083169 -0.005111175 -0.540881753 -22.506538391
-0.537617922 0.020597644 0.842937231 81.757965088 0.008901575 0.999784529 -0.018752955 -2.280731916 -0.843141854 -0.002578453 -0.537685394 -23.030647278
-0.532175779 0.023468282 0.846308589 82.548095703 0.010496442 0.999721825 -0.021122085 -2.313154459 -0.846568823 -0.002357433 -0.532274008 -23.524635315
-0.523717523 0.026364593 0.851484001 83.350204468 0.015666330 0.999650002 -0.021316472 -2.342742443 -0.851747990 0.002175821 -0.523947358 -24.037010193
-0.515761137 0.029536711 0.856223345 84.148620605 0.023182435 0.999520719 -0.020515634 -2.383826733 -0.856418908 0.009268177 -0.516198635 -24.521659851
-0.506034374 0.028171236 0.862053216 84.961822510 0.020229312 0.999579191 -0.020790661 -2.419735193 -0.862276137 0.006917955 -0.506391287 -24.991004944
-0.495084047 0.026574837 0.868438780 85.773857117 0.018062035 0.999630928 -0.020292515 -2.442405701 -0.868657529 0.005639271 -0.495381355 -25.447998047
-0.483568192 0.023140252 0.875001013 86.588714600 0.018127412 0.999700844 -0.016419975 -2.477978706 -0.875119209 0.007921327 -0.483842969 -25.893951416
-0.472166181 0.022699941 0.881217539 87.408218384 0.017937008 0.999708831 -0.016141403 -2.508455753 -0.881327331 0.008184982 -0.472435832 -26.327835083
-0.460927367 0.021398446 0.887179852 88.234962463 0.017905319 0.999729991 -0.014810544 -2.540394306 -0.887257218 0.009058652 -0.461186171 -26.747291565
-0.448500514 0.022492610 0.893499553 89.058410645 0.019342516 0.999693453 -0.015456738 -2.571310997 -0.893573284 0.010350175 -0.448798060 -27.164230347
-0.436116576 0.025972299 0.899515510 89.882057190 0.018900238 0.999627292 -0.019699404 -2.612280130 -0.899691880 0.008409823 -0.436444879 -27.560722351
-0.424799204 0.035436343 0.904593825 90.713798523 0.021408316 0.999347389 -0.029094808 -2.645480871 -0.905034482 0.007006378 -0.425280571 -27.951675415
-0.412450194 0.040538859 0.910077810 91.545989990 0.020962400 0.999167204 -0.035007067 -2.679407835 -0.910739064 0.004638745 -0.412956595 -28.323570251
-0.400624871 0.037197284 0.915486872 92.405929565 0.018499509 0.999300301 -0.032507181 -2.722111464 -0.916055441 0.003912871 -0.401032686 -28.701736450
-0.388477683 0.032918368 0.920869946 93.237892151 0.017778030 0.999443412 -0.028227309 -2.771652460 -0.921286643 0.005405576 -0.388846636 -29.051879883
-0.379059792 0.033865273 0.924752295 94.076377869 0.015003303 0.999423683 -0.030449893 -2.816297054 -0.925250590 0.002332011 -0.379349470 -29.382942200
-0.372411489 0.037733387 0.927300274 94.919242859 0.010322688 0.999279737 -0.036516674 -2.866640568 -0.928010285 -0.004026997 -0.372532845 -29.706039429
-0.366939306 0.042886455 0.929256022 95.758285522 0.004067359 0.999001145 -0.044499204 -2.912642241 -0.930236220 -0.012548879 -0.366747260 -30.029693604
-0.364030480 0.044433743 0.930326700 96.593605042 0.000149967 0.998864174 -0.047648516 -2.964545488 -0.931387186 -0.017205987 -0.363623738 -30.337448120
-0.360303283 0.044279132 0.931783855 97.415534973 -0.001159148 0.998850763 -0.047914430 -3.020731688 -0.932834685 -0.018343797 -0.359837890 -30.644798279
-0.355215192 0.043990564 0.933748960 98.256072998 -0.002796986 0.998837590 -0.048121035 -3.074190617 -0.934780419 -0.019705005 -0.354679346 -30.957931519
-0.350097895 0.039872658 0.935864151 99.100288391 -0.006441589 0.998967528 -0.044970926 -3.124826908 -0.936690986 -0.021772679 -0.349479556 -31.262443542
-0.344782829 0.036348060 0.937978745 99.928863525 -0.006089074 0.999142349 -0.040956475 -3.177517414 -0.938663006 -0.019832499 -0.344265819 -31.556198120
-0.338924170 0.033261120 0.940225720 100.785835266 -0.007746326 0.999242306 -0.038141206 -3.233092546 -0.940781951 -0.020210264 -0.338409662 -31.859146118
-0.333490968 0.031697899 0.942220330 101.632835388 -0.016101545 0.999097288 -0.039310344 -3.280953884 -0.942615807 -0.028280845 -0.332679510 -32.138900757
-0.327460408 0.031610273 0.944336116 102.485252380 -0.023154985 0.998871624 -0.041465051 -3.332029819 -0.944581270 -0.035444245 -0.326358914 -32.412857056
-0.320123434 0.035861518 0.946696877 103.326362610 -0.021001387 0.998769104 -0.044935625 -3.386236668 -0.947143018 -0.034266893 -0.318976283 -32.698234558
-0.312846899 0.039070126 0.948999822 104.178604126 -0.018958159 0.998697698 -0.047365915 -3.439939022 -0.949614525 -0.032809559 -0.311698794 -32.979148865
-0.306618690 0.037436455 0.951096058 105.029685974 -0.020703156 0.998727560 -0.045985676 -3.489573479 -0.951607347 -0.033790752 -0.305453539 -33.244476318
-0.299563885 0.032444756 0.953524590 105.882858276 -0.020790935 0.998962283 -0.040522605 -3.545311689 -0.953849852 -0.031963766 -0.298578382 -33.504852295
-0.292934656 0.029596657 0.955674469 106.746612549 -0.021660861 0.999058843 -0.037579760 -3.597701550 -0.955887258 -0.031709135 -0.292017817 -33.760643005
-0.286278009 0.033038460 0.957576990 107.602348328 -0.024190467 0.998837531 -0.041694041 -3.645193815 -0.957841337 -0.035100315 -0.285145998 -34.008430481
-0.279845595 0.035866622 0.959374905 108.458938599 -0.023225155 0.998756528 -0.044113602 -3.695840359 -0.959764123 -0.034626622 -0.278664589 -34.253303528
-0.273013830 0.036615469 0.961313188 109.312461853 -0.025415722 0.998652041 -0.045255765 -3.747216463 -0.961674452 -0.036787912 -0.271715283 -34.488166809
-0.265926003 0.036073562 0.963318408 110.169097900 -0.025444146 0.998688757 -0.044421989 -3.800097227 -0.963657796 -0.036323767 -0.264659405 -34.716567993
-0.257777214 0.036017545 0.965532839 111.034255981 -0.021189297 0.998853862 -0.042917635 -3.856338739 -0.965972006 -0.031522151 -0.256718636 -34.949485779
-0.249966860 0.037083421 0.967544019 111.901504517 -0.018480297 0.998901546 -0.043059696 -3.909044981 -0.968078017 -0.028643999 -0.249006987 -35.175636292
-0.243384838 0.037433978 0.969207227 112.763824463 -0.017654745 0.998918414 -0.043014940 -3.963374615 -0.969769180 -0.027580287 -0.242460608 -35.387580872
-0.237105370 0.036174361 0.970810294 113.636901855 -0.023901470 0.998786807 -0.043054387 -4.014798641 -0.971189976 -0.033412218 -0.235953093 -35.577949524
-0.231239319 0.034652002 0.972279549 114.481597900 -0.027745888 0.998724103 -0.042193346 -4.063515186 -0.972501159 -0.036733523 -0.229982853 -35.772132874
-0.226722121 0.034536663 0.973347127 115.346702576 -0.025408851 0.998821199 -0.041359037 -4.114706993 -0.973628163 -0.034108631 -0.225577354 -35.964416504
-0.222037792 0.035482086 0.974392414 116.220840454 -0.022810431 0.998875141 -0.041571498 -4.161959648 -0.974771380 -0.031456746 -0.220978737 -36.157341003
-0.217371821 0.036411416 0.975409508 117.090942383 -0.022768192 0.998842955 -0.042360105 -4.214853287 -0.975823283 -0.031416208 -0.216291308 -36.349479675
-0.211485505 0.035621427 0.976731956 117.964447021 -0.016737835 0.999057114 -0.040059764 -4.262271404 -0.977237940 -0.024820430 -0.210689902 -36.542068481
-0.205276728 0.034404296 0.978099048 118.837150574 -0.010473463 0.999247491 -0.037346281 -4.305525303 -0.978647947 -0.017910408 -0.204761982 -36.739402771
-0.200688601 0.032917239 0.979101896 119.714714050 -0.008184195 0.999344110 -0.035275310 -4.364617348 -0.979620934 -0.015092515 -0.200287580 -36.911788940
-0.196593881 0.035052773 0.979858279 120.568702698 -0.010047577 0.999236226 -0.037761886 -4.410367012 -0.980433583 -0.017268958 -0.196091533 -37.080543518
-0.192747951 0.037131399 0.980545521 121.440940857 -0.011426783 0.999131083 -0.040081386 -4.453397751 -0.981181800 -0.018930083 -0.192156076 -37.251243591
-0.191897631 0.036307111 0.980743289 122.315101624 -0.014574054 0.999099851 -0.039838314 -4.502595425 -0.981306911 -0.021938277 -0.191195846 -37.401008606
-0.190813303 0.034960385 0.981003642 123.199005127 -0.015101292 0.999142766 -0.038544144 -4.554023743 -0.981510222 -0.022169158 -0.190121770 -37.569869995
-0.189442396 0.030585788 0.981415451 124.073585510 -0.013795304 0.999333143 -0.033807099 -4.598014355 -0.981795073 -0.019943416 -0.188894033 -37.740043640
-0.189003587 0.025633894 0.981641829 124.955078125 -0.015480884 0.999457181 -0.029079774 -4.638125420 -0.981854439 -0.020692861 -0.188504219 -37.901824951
-0.187981129 0.023019904 0.981902778 125.822013855 -0.015481465 0.999531627 -0.026397061 -4.687602997 -0.982050598 -0.020163447 -0.187536716 -38.067520142
-0.187160611 0.027519723 0.981943846 126.687011719 -0.015517462 0.999399960 -0.030966608 -4.728968143 -0.982206821 -0.021033002 -0.186621308 -38.224807739
-0.187116742 0.031451698 0.981833994 127.549797058 -0.015695596 0.999264002 -0.035001293 -4.770337105 -0.982212186 -0.021959800 -0.186485410 -38.389953613
-0.186681509 0.030730465 0.981939614 128.404266357 -0.017821049 0.999240279 -0.034659952 -4.815700531 -0.982258677 -0.023969574 -0.185992122 -38.543045044
-0.186461806 0.029715048 0.982012749 129.252059937 -0.022142485 0.999161482 -0.034438312 -4.848427296 -0.982212663 -0.028165631 -0.185647488 -38.692390442
-0.185830951 0.030880740 0.982096553 130.106918335 -0.017272934 0.999248922 -0.034688435 -4.891713142 -0.982430100 -0.023409864 -0.185158014 -38.855773926
-0.185154915 0.032918710 0.982158005 130.945312500 -0.019137420 0.999128461 -0.037095260 -4.939919472 -0.982523143 -0.025664331 -0.184363484 -39.010368347
-0.185082316 0.034009952 0.982134402 131.789825439 -0.026145304 0.998876810 -0.039516773 -4.989394188 -0.982375264 -0.032992054 -0.183985233 -39.150451660
-0.184588552 0.035582967 0.982171535 132.627624512 -0.031920489 0.998600125 -0.042177271 -5.037005901 -0.982297421 -0.039136838 -0.183194399 -39.294891357
-0.184443235 0.039255701 0.982058942 133.462753296 -0.028815012 0.998556554 -0.045326985 -5.088343143 -0.982420683 -0.036658294 -0.183045864 -39.443191528
-0.183809042 0.040042937 0.982145965 134.281494141 -0.026984870 0.998587787 -0.045763511 -5.145082951 -0.982591450 -0.034914833 -0.182468891 -39.595367432
-0.182365179 0.041015036 0.982375145 135.103973389 -0.028171292 0.998501420 -0.046917956 -5.197259903 -0.982827306 -0.036230970 -0.180936456 -39.739318848
-0.180244803 0.040646091 0.982781649 135.921997070 -0.020368889 0.998777330 -0.045043357 -5.241629601 -0.983410895 -0.028137000 -0.179196477 -39.899024963
-0.176532984 0.037500989 0.983580053 136.729415894 -0.014412507 0.999068320 -0.040678266 -5.295994759 -0.984189212 -0.021356914 -0.175828099 -40.050582886
-0.174500465 0.032743894 0.984112442 137.541107178 -0.010531983 0.999327660 -0.035117649 -5.344700336 -0.984600723 -0.016492706 -0.174038291 -40.197906494
-0.170721650 0.032355871 0.984787941 138.351333618 -0.008193307 0.999379516 -0.034255669 -5.391533375 -0.985285282 -0.013916851 -0.170350552 -40.335388184
-0.165683508 0.037186068 0.985477686 139.149566650 -0.007605121 0.999210954 -0.038982891 -5.439787865 -0.986149669 -0.013953496 -0.165269971 -40.469207764
-0.159106135 0.040426299 0.986433446 139.941009521 -0.006212519 0.999100506 -0.041947469 -5.483754635 -0.987241983 -0.012802337 -0.158711910 -40.595191956
-0.150912285 0.041256927 0.987685859 140.741851807 -0.006496376 0.999065757 -0.042724885 -5.524425507 -0.988525808 -0.012864088 -0.150503278 -40.713424683
-0.141634464 0.036858320 0.989232719 141.536636353 -0.005074173 0.999266446 -0.037958674 -5.570664883 -0.989906132 -0.010395790 -0.141343594 -40.820037842
-0.129070640 0.035009440 0.991017342 142.337127686 -0.001350374 0.999369442 -0.035480373 -5.619887352 -0.991634607 -0.005917714 -0.128942013 -40.929695129
-0.115424156 0.037750218 0.992598832 143.123870850 0.002251800 0.999284983 -0.037742659 -5.660063267 -0.993313849 -0.002121274 -0.115426540 -41.019569397
-0.101108313 0.038868807 0.994115889 143.921813965 0.001007389 0.999239981 -0.038966697 -5.701395988 -0.994874954 -0.002938392 -0.101070642 -41.100196838
-0.087159157 0.038948711 0.995432854 144.705154419 0.001981840 0.999240220 -0.038924161 -5.743072033 -0.996192575 -0.001419799 -0.087170124 -41.164825439
-0.073989630 0.040479992 0.996437192 145.478027344 0.002779767 0.999180317 -0.040385023 -5.789517403 -0.997255206 -0.000218211 -0.074041605 -41.213851929
-0.060476303 0.046647605 0.997079134 146.247604370 0.000363298 0.998908401 -0.046711154 -5.842306137 -0.998169661 -0.002462679 -0.060427308 -41.249946594
-0.047690392 0.056103732 0.997285306 147.021301270 -0.007672322 0.998371303 -0.056531720 -5.889653683 -0.998832703 -0.010347514 -0.047182322 -41.273475647
-0.034444213 0.063955106 0.997358322 147.777587891 -0.012036130 0.997851431 -0.064402401 -5.940834045 -0.999334276 -0.014222614 -0.033600450 -41.281982422
-0.021117687 0.064570941 0.997689843 148.542755127 -0.013223262 0.997806847 -0.064858414 -5.994440556 -0.999689758 -0.014562357 -0.020217538 -41.291648865
-0.008864522 0.060488664 0.998129725 149.303573608 -0.017300658 0.998010039 -0.060635068 -6.053932667 -0.999811232 -0.017805783 -0.007800341 -41.290031433
0.001043320 0.058274869 0.998300195 150.074813843 -0.021592155 0.998069167 -0.058238819 -6.115065575 -0.999766469 -0.021494677 0.002299547 -41.271064758
0.010011733 0.064934365 0.997839451 150.825637817 -0.025659712 0.997577429 -0.064659856 -6.175408840 -0.999620736 -0.024956901 0.011653662 -41.251007080
0.016923070 0.072693504 0.997210801 151.579788208 -0.029489290 0.996955991 -0.072174482 -6.234765530 -0.999421895 -0.028185625 0.019015193 -41.233489990
0.019822896 0.075358242 0.996959567 152.329254150 -0.031997420 0.996692419 -0.074701838 -6.293368816 -0.999291420 -0.030419320 0.022168577 -41.207260132
0.019866049 0.071158238 0.997267246 153.089370728 -0.034322280 0.996924639 -0.070450082 -6.354802132 -0.999213398 -0.032828912 0.022247255 -41.184143066
0.018213451 0.066591039 0.997614205 153.840881348 -0.035504229 0.997193396 -0.065914750 -6.424747944 -0.999203682 -0.034218982 0.020526588 -41.163291931
0.014886796 0.063939676 0.997842729 154.595046997 -0.034886811 0.997378886 -0.063389480 -6.482418537 -0.999280393 -0.033867881 0.017078400 -41.147186279
0.011986613 0.064356364 0.997855067 155.343261719 -0.033128459 0.997404397 -0.063929349 -6.537038326 -0.999379277 -0.032291099 0.014087498 -41.134605408
0.008560121 0.064153932 0.997903347 156.082992554 -0.031324424 0.997467339 -0.063857198 -6.599648476 -0.999472678 -0.030712120 0.010547996 -41.126495361
0.004007816 0.063069515 0.998001039 156.845748901 -0.032072347 0.997503757 -0.062909290 -6.659459114 -0.999477506 -0.031756110 0.006020606 -41.126998901
-0.001393676 0.063629858 0.997972727 157.586730957 -0.033400740 0.997413754 -0.063640863 -6.710115433 -0.999441206 -0.033421703 0.000735283 -41.126106262
-0.006866932 0.061582215 0.998078465 158.328125000 -0.034040473 0.997509062 -0.061781291 -6.768693924 -0.999396920 -0.034399305 -0.004753590 -41.129264832
-0.012743235 0.058826063 0.998186946 159.071685791 -0.030914444 0.997767568 -0.059196018 -6.831882954 -0.999440849 -0.031612746 -0.010896325 -41.138526917
-0.018041372 0.058798432 0.998106897 159.806457520 -0.031758573 0.997731864 -0.059350397 -6.885880947 -0.999332786 -0.032769207 -0.016133070 -41.151206970
-0.023237705 0.060188364 0.997916579 160.533004761 -0.033358373 0.997583568 -0.060945068 -6.939482212 -0.999173343 -0.034705091 -0.021173835 -41.161987305
-0.027295589 0.062261779 0.997686565 161.263458252 -0.034284290 0.997412920 -0.063182682 -6.998657227 -0.999039352 -0.035929587 -0.025090456 -41.179794312
-0.029616356 0.064790532 0.997459352 161.983886719 -0.034887105 0.997222066 -0.065810986 -7.053551674 -0.998952389 -0.036747549 -0.027273774 -41.202880859
-0.031130314 0.066109903 0.997326732 162.702117920 -0.031636767 0.997245073 -0.067091994 -7.109780788 -0.999014616 -0.033640776 -0.028953075 -41.226524353
-0.030923486 0.064464979 0.997440815 163.411331177 -0.027828721 0.997475564 -0.065329999 -7.167801380 -0.999134362 -0.029777728 -0.029051423 -41.239608765
-0.026311874 0.060671635 0.997810960 164.136215210 -0.024999611 0.997804403 -0.061330467 -7.228066444 -0.999341190 -0.026558602 -0.024737358 -41.268630981
-0.018207788 0.060304619 0.998013973 164.839477539 -0.023945920 0.997866809 -0.060732596 -7.287830830 -0.999547482 -0.025004165 -0.016724944 -41.281387329
-0.006836176 0.061162278 0.998104453 165.538513184 -0.020924449 0.997900486 -0.061293095 -7.342148781 -0.999757707 -0.021303795 -0.005542040 -41.284339905
0.006880403 0.061746377 0.998068273 166.230575562 -0.018414162 0.997930348 -0.061610907 -7.393399239 -0.999806881 -0.017954672 0.008003175 -41.268791199
0.022481322 0.059219602 0.997991800 166.915435791 -0.020668283 0.998058259 -0.058757961 -7.443659306 -0.999533594 -0.019305818 0.023661673 -41.249198914
0.038567126 0.054100014 0.997790575 167.601638794 -0.025625819 0.998258471 -0.053134885 -7.494806767 -0.998927534 -0.023519929 0.039886296 -41.207221985
0.054100096 0.047351990 0.997412205 168.280410767 -0.027481072 0.998567224 -0.045916241 -7.542590141 -0.998157322 -0.024925876 0.055323899 -41.151092529
0.070987225 0.040186163 0.996667504 168.957168579 -0.027446102 0.998888493 -0.038320877 -7.580886841 -0.997099638 -0.024634337 0.072011232 -41.089492798
0.088893712 0.033188667 0.995488048 169.632904053 -0.026445530 0.999171019 -0.030949960 -7.616610527 -0.995689988 -0.023574954 0.089697659 -41.023635864
0.105702877 0.027285395 0.994023442 170.295593262 -0.028070524 0.999306977 -0.024445450 -7.650889397 -0.994001567 -0.025318800 0.106395543 -40.935882568
0.123651445 0.025320230 0.992002726 170.947494507 -0.029312016 0.999331415 -0.021853596 -7.681661606 -0.991892815 -0.026375365 0.124310970 -40.838020325
0.141574681 0.023605006 0.989646137 171.582000732 -0.029189559 0.999380529 -0.019661453 -7.709918976 -0.989497125 -0.026103768 0.142176032 -40.740173340
0.159253776 0.023257023 0.986963749 172.218566895 -0.030431233 0.999363065 -0.018638903 -7.729576111 -0.986768603 -0.027066207 0.159860075 -40.627540588
0.175174177 0.021690074 0.984298587 172.849014282 -0.035430748 0.999248564 -0.015713954 -7.755316734 -0.983899772 -0.032121751 0.175811052 -40.493835449
0.189068019 0.018751612 0.981785059 173.475326538 -0.038017251 0.999207854 -0.011763173 -7.775825500 -0.981227875 -0.035100721 0.189631164 -40.356346130
0.201231003 0.014993744 0.979429066 174.099731445 -0.034615185 0.999367177 -0.008187022 -7.793652534 -0.978932023 -0.032255635 0.201622665 -40.222335815
0.211853266 0.013983647 0.977201462 174.710952759 -0.032301035 0.999451518 -0.007299311 -7.808461189 -0.976767600 -0.030018235 0.212188721 -40.084358215
0.222033441 0.017646328 0.974879384 175.310791016 -0.036474381 0.999286711 -0.009780910 -7.828015804 -0.974356651 -0.033386432 0.222518682 -39.936088562
0.230561912 0.024990361 0.972736716 175.907867432 -0.041564751 0.999010682 -0.015813515 -7.849466324 -0.972169518 -0.036785565 0.231372535 -39.775672913
0.239528656 0.034808751 0.970265150 176.492446899 -0.041569363 0.998808384 -0.025570557 -7.868135452 -0.969999015 -0.034208421 0.240690231 -39.621803284
0.247759402 0.040203515 0.967987120 177.085800171 -0.035715166 0.998838484 -0.032343462 -7.890010834 -0.968163133 -0.026558422 0.248907506 -39.472030640
0.254536510 0.038624998 0.966291606 177.686508179 -0.035818629 0.998892963 -0.030492960 -7.909829617 -0.966399670 -0.026849667 0.255638242 -39.312294006
0.260264754 0.031021336 0.965038836 178.292800903 -0.037454572 0.999055862 -0.022013560 -7.926534653 -0.964810550 -0.030415758 0.261180937 -39.133003235
0.264417291 0.020553496 0.964189351 178.903579712 -0.042493045 0.999050200 -0.009643414 -7.954357147 -0.963471830 -0.038421456 0.265039504 -38.957687378
0.266400039 0.012331596 0.963783741 179.514602661 -0.042629492 0.999090433 -0.001000100 -7.975836754 -0.962919474 -0.040819183 0.266683400 -38.781578064
0.267392337 0.011913181 0.963514149 180.111999512 -0.039570335 0.999215841 -0.001373129 -7.991979599 -0.962774992 -0.037759412 0.267654121 -38.614631653
0.268798411 0.013491657 0.963102043 180.708770752 -0.035562709 0.999359131 -0.004074135 -8.008817673 -0.962539792 -0.033155393 0.269105971 -38.455299377
0.270319223 0.013020234 0.962682784 181.317916870 -0.032256972 0.999469638 -0.004460086 -8.014345169 -0.962230325 -0.029847579 0.270595849 -38.281730652
0.272087634 0.010716254 0.962212861 181.934646606 -0.034398753 0.999407232 -0.001403457 -8.022387505 -0.961657465 -0.032717053 0.272294939 -38.104171753
0.274696946 0.007288867 0.961503208 182.538787842 -0.034964189 0.999385655 0.002413062 -8.032474518 -0.960894942 -0.034281041 0.274783075 -37.921760559
0.277522504 0.002151556 0.960716665 183.157104492 -0.033968683 0.999394178 0.007574366 -8.042089462 -0.960118353 -0.034736339 0.277427495 -37.733184814
0.281912148 -0.000518657 0.959440112 183.772018433 -0.033492308 0.999385059 0.010381291 -8.047518730 -0.958855510 -0.035060473 0.281721473 -37.548820496
0.288044691 -0.002674039 0.957613230 184.387390137 -0.031270768 0.999436557 0.012196900 -8.048364639 -0.957106292 -0.033458553 0.287798762 -37.360679626
0.296424627 -0.005627543 0.955039561 185.014465332 -0.029688835 0.999445081 0.015104000 -8.047832489 -0.954594612 -0.032831211 0.296093047 -37.167190552
0.305986881 -0.007682206 0.952004790 185.636871338 -0.027146457 0.999490440 0.016790623 -8.051904678 -0.951648712 -0.030981267 0.305622399 -36.959365845
0.316994548 -0.005689747 0.948410332 186.251098633 -0.029033612 0.999455154 0.015700109 -8.059978485 -0.947982907 -0.032512628 0.316656649 -36.747451782
0.328371704 -0.001647439 0.944547176 186.872192383 -0.030294154 0.999465644 0.012274985 -8.056617737 -0.944062710 -0.032645013 0.328146338 -36.519508362
0.339679241 0.001543698 0.940540016 187.486389160 -0.031352021 0.999461532 0.009682482 -8.056314468 -0.940018594 -0.032776769 0.339544713 -36.278900146
0.351664782 0.001768621 0.936124384 188.089752197 -0.030138116 0.999501228 0.009433338 -8.055724144 -0.935640812 -0.031530395 0.351542711 -36.052703857
0.362957001 -0.001526020 0.931804657 188.714126587 -0.029229419 0.999487877 0.013022322 -8.059028625 -0.931347311 -0.031962652 0.362726510 -35.802246094
