1.000000000 0.000000000 0.000000000 0.000000000 0.000000000 1.000000000 0.000000000 0.000000000 0.000000000 0.000000000 1.000000000 0.000000000
0.999997616 0.001001490 0.001925052 -0.009468177 -0.000999620 0.999999046 -0.000971980 -0.014755001 -0.001926024 0.000970054 0.999997675 1.220320225
0.999999344 -0.001118204 -0.000232987 0.107680753 0.001118248 0.999999344 0.000187500 -0.066712417 0.000232778 -0.000187761 0.999999940 2.379205465
0.999998569 -0.001703090 0.000080170 0.118733235 0.001703018 0.999998152 0.000887726 -0.089742765 -0.000081681 -0.000887588 0.999999583 3.587318420
0.999997914 -0.001665815 0.001169855 0.113562778 0.001664758 0.999998212 0.000904180 -0.109521508 -0.001171359 -0.000902230 0.999998927 4.792501450
0.999994457 -0.003180674 0.000989653 0.137686491 0.003179123 0.999993742 0.001564714 -0.137119547 -0.000994624 -0.001561559 0.999998271 6.002272129
0.999995410 -0.002693190 0.001383257 0.135479465 0.002692015 0.999996006 0.000850333 -0.157101467 -0.001385541 -0.000846605 0.999998689 7.201532841
0.999994159 -0.003227430 -0.001136361 0.252859473 0.003227326 0.999994814 -0.000093631 -0.165042415 0.001136657 0.000089963 0.999999344 8.470767021
0.999988437 -0.003583095 -0.003203064 0.306664914 0.003591353 0.999990225 0.002575937 -0.214865968 0.003193803 -0.002587410 0.999991536 9.667179108
0.999983370 -0.003765562 -0.004365596 0.297377318 0.003780862 0.999986708 0.003501918 -0.234329313 0.004352352 -0.003518366 0.999984324 10.883843422
0.999954939 -0.005759685 -0.007542515 0.304791957 0.005783214 0.999978483 0.003101361 -0.252649337 0.007524490 -0.003144841 0.999966741 12.069027901
0.999935150 -0.005597271 -0.009920128 0.292206317 0.005623162 0.999980867 0.002583981 -0.267910957 0.009905474 -0.002639595 0.999947429 13.276841164
0.999921322 -0.005213216 -0.011411827 0.275631040 0.005244073 0.999982655 0.002675747 -0.290364444 0.011397680 -0.002735381 0.999931276 14.486469269
0.999908805 -0.003702492 -0.012989056 0.274253041 0.003735527 0.999989867 0.002520027 -0.309074044 0.012979594 -0.002568318 0.999912441 15.672619820
0.999897420 -0.003623657 -0.013857999 0.256896973 0.003658524 0.999990225 0.002491523 -0.322153240 0.013848835 -0.002541968 0.999900877 16.878479004
0.999886632 -0.004558749 -0.014349647 0.241660371 0.004602381 0.999984860 0.003009080 -0.340992391 0.014335712 -0.003074781 0.999892533 18.071681976
0.999877393 -0.004761288 -0.014917701 0.219706953 0.004808620 0.999983490 0.003138607 -0.355777025 0.014902512 -0.003209956 0.999883771 19.281908035
0.999856412 -0.004934695 -0.016212476 0.210346863 0.004974532 0.999984682 0.002417813 -0.378880620 0.016200298 -0.002498115 0.999865651 20.477699280
0.999844790 -0.004537524 -0.017023526 0.183853194 0.004572922 0.999987483 0.002041012 -0.399398535 0.017014051 -0.002118542 0.999853015 21.677801132
0.999821246 -0.003484726 -0.018583136 0.194971979 0.003529309 0.999991000 0.002366829 -0.416506529 0.018574720 -0.002431991 0.999824524 22.891687393
0.999800980 -0.003771652 -0.019591287 0.168499723 0.003816685 0.999990165 0.002261746 -0.434512138 0.019582564 -0.002336070 0.999805510 24.098123550
0.999787450 -0.003583633 -0.020304440 0.138136253 0.003622263 0.999991715 0.001866080 -0.460266650 0.020297585 -0.001939231 0.999792099 25.313522339
0.999770880 -0.003521737 -0.021114124 0.103941120 0.003579631 0.999989927 0.002704782 -0.481290221 0.021104386 -0.002779743 0.999773443 26.519351959
0.999744475 -0.004410264 -0.022170013 0.086023539 0.004504819 0.999980986 0.004216897 -0.495038986 0.022150993 -0.004315692 0.999745309 27.732543945
0.999716222 -0.004633442 -0.023366464 0.058462575 0.004729684 0.999980569 0.004065228 -0.509497523 0.023347173 -0.004174590 0.999718726 28.936275482
0.999686539 -0.005559782 -0.024411779 0.027728321 0.005647639 0.999977827 0.003531531 -0.532011151 0.024391603 -0.003668293 0.999695778 30.153570175
0.999649704 -0.005872929 -0.025805915 -0.000191641 0.005942970 0.999978840 0.002638261 -0.549459934 0.025789876 -0.002790701 0.999663472 31.356300354
0.999620855 -0.005521158 -0.026974451 -0.023188220 0.005598833 0.999980390 0.002804898 -0.571961164 0.026958436 -0.002954860 0.999632180 32.568408966
0.999592602 -0.006201252 -0.027858844 -0.052894980 0.006296206 0.999974668 0.003321968 -0.586285412 0.027837537 -0.003496020 0.999606371 33.772468567
0.999574542 -0.006317751 -0.028474620 -0.090984359 0.006431454 0.999971688 0.003903317 -0.610248744 0.028449154 -0.004084790 0.999586880 34.978691101
0.999554396 -0.007140004 -0.028983923 -0.129891023 0.007249746 0.999966919 0.003682955 -0.627109051 0.028956668 -0.003891440 0.999573112 36.189662933
0.999536276 -0.007075289 -0.029616980 -0.170159712 0.007190283 0.999967039 0.003778017 -0.644884050 0.029589271 -0.003989220 0.999554157 37.391990662
0.999516189 -0.008027487 -0.030049728 -0.200345531 0.008157880 0.999957800 0.004219187 -0.656514525 0.030014591 -0.004462288 0.999539495 38.618694305
0.999512196 -0.007716509 -0.030262090 -0.234697968 0.007883177 0.999954402 0.005392076 -0.670368254 0.030219102 -0.005628008 0.999527454 39.840370178
0.999518037 -0.007164411 -0.030206155 -0.276058137 0.007358236 0.999953032 0.006310476 -0.688684642 0.030159526 -0.006529699 0.999523759 41.065189362
0.999522030 -0.006651266 -0.030190110 -0.319117099 0.006833897 0.999958932 0.005950218 -0.703229904 0.030149294 -0.006153690 0.999526441 42.287555695
0.999535143 -0.005059678 -0.030065646 -0.352777123 0.005237216 0.999969304 0.005829198 -0.715193152 0.030035229 -0.005983949 0.999530911 43.486457825
0.999555349 -0.002346657 -0.029724650 -0.395582438 0.002573242 0.999967933 0.007586848 -0.726774573 0.029705891 -0.007659963 0.999529302 44.705524445
0.999596000 -0.002675403 -0.028295703 -0.429834545 0.002985175 0.999936044 0.010911115 -0.745664477 0.028264701 -0.010991175 0.999540031 45.930965424
0.999637544 -0.002133476 -0.026836615 -0.464611590 0.002500910 0.999903500 0.013665440 -0.750663042 0.026804870 -0.013727603 0.999546409 47.139629364
0.999667466 -0.001483150 -0.025743606 -0.488491476 0.001924590 0.999851406 0.017131252 -0.756181777 0.025714371 -0.017175101 0.999521792 48.366992950
0.999703407 -0.001980564 -0.024272550 -0.525058210 0.002437262 0.999820292 0.018800275 -0.759641230 0.024230953 -0.018853858 0.999528587 49.580539703
0.999734581 -0.003421325 -0.022782566 -0.548781395 0.003800277 0.999854803 0.016610948 -0.749059677 0.022722427 -0.016693119 0.999602437 50.810276031
0.999765217 -0.002481609 -0.021526678 -0.578078628 0.002801761 0.999885738 0.014854974 -0.746128798 0.021487353 -0.014911799 0.999657929 52.036514282
0.999776661 -0.002565692 -0.020976113 -0.608053744 0.002871268 0.999890029 0.014550697 -0.749095559 0.020936472 -0.014607676 0.999674082 53.239910126
0.999731004 -0.002975496 -0.023000417 -0.589093685 0.003299831 0.999895453 0.014076200 -0.755356073 0.022956131 -0.014148312 0.999636352 54.497802734
0.999696195 -0.004000229 -0.024321260 -0.616483510 0.004315937 0.999906957 0.012942137 -0.757002234 0.024267225 -0.013043175 0.999620438 55.715663910
0.999649882 -0.003234289 -0.026261460 -0.640490115 0.003587151 0.999903798 0.013400552 -0.762700081 0.026215591 -0.013490064 0.999565303 56.943569183
0.999606133 -0.003814265 -0.027803546 -0.676434696 0.004231909 0.999878883 0.014977915 -0.770828068 0.027743049 -0.015089678 0.999501169 58.155261993
0.999553561 -0.003370272 -0.029686993 -0.697333634 0.003819450 0.999878883 0.015086756 -0.770267546 0.029632550 -0.015193408 0.999445379 59.379081726
0.999526799 -0.002398829 -0.030667219 -0.739723384 0.002853709 0.999886453 0.014797624 -0.772517920 0.030628240 -0.014878137 0.999420106 60.593250275
0.999489844 -0.001991018 -0.031875513 -0.768345058 0.002460803 0.999888837 0.014705687 -0.777268112 0.031842694 -0.014776625 0.999383628 61.815422058
0.999473751 -0.002851506 -0.032312293 -0.809646964 0.003309583 0.999894679 0.014131947 -0.781109691 0.032268591 -0.014231451 0.999377906 63.022731781
0.999449790 -0.003814238 -0.032948680 -0.839983463 0.004256698 0.999901593 0.013369062 -0.789339900 0.032894447 -0.013501958 0.999367654 64.248481750
0.999433339 -0.004017392 -0.033419989 -0.882819355 0.004503134 0.999885142 0.014471913 -0.790652752 0.033358011 -0.014614207 0.999336600 65.456481934
0.999409437 -0.004621101 -0.034051072 -0.921824634 0.005169753 0.999857962 0.016042253 -0.796970308 0.033972099 -0.016208814 0.999291360 66.672035217
0.999409020 -0.003641311 -0.034180366 -0.964948237 0.004129849 0.999890149 0.014233241 -0.798025370 0.034124784 -0.014365990 0.999314308 67.900115967
0.999380469 -0.002566149 -0.035100549 -0.998491228 0.003028333 0.999909341 0.013120602 -0.802741528 0.035063695 -0.013218770 0.999297678 69.098785400
0.999394298 -0.000320327 -0.034798376 -1.053971648 0.000783864 0.999911129 0.013307822 -0.804503620 0.034791019 -0.013327038 0.999305725 70.302864075
0.999366999 0.001811187 -0.035529878 -1.091190457 -0.001329183 0.999906838 0.013585092 -0.813449919 0.035551175 -0.013529267 0.999276280 71.501770020
0.999357104 0.003240685 -0.035705622 -1.135291338 -0.002731877 0.999894142 0.014289667 -0.821459830 0.035748150 -0.014182937 0.999260187 72.710609436
0.999404013 0.003725993 -0.034318421 -1.192929268 -0.003203975 0.999878526 0.015253466 -0.831649959 0.034371089 -0.015134419 0.999294519 73.905624390
0.999435186 0.005640248 -0.033128519 -1.223474503 -0.005114318 0.999859869 0.015938791 -0.828071535 0.033213776 -0.015760358 0.999324024 75.097694397
0.999518454 0.004015451 -0.030769074 -1.261234879 -0.003584711 0.999894977 0.014041511 -0.836405337 0.030822227 -0.013924452 0.999427915 76.290924072
0.999595702 0.001322051 -0.028402964 -1.289215207 -0.001075890 0.999961734 0.008680297 -0.840701520 0.028413353 -0.008646228 0.999558866 77.461334229
0.999643385 0.002320246 -0.026602902 -1.317800760 -0.002104737 0.999964774 0.008126080 -0.847863674 0.026620820 -0.008067190 0.999613047 78.646621704
0.999722183 0.001624600 -0.023514464 -1.349439740 -0.001344613 0.999928057 0.011917943 -0.859988868 0.023532135 -0.011883014 0.999652445 79.824249268
0.999798834 0.001843165 -0.019971717 -1.378478527 -0.001581739 0.999912977 0.013097677 -0.867164373 0.019994119 -0.013063452 0.999714732 80.992378235
0.999864221 0.001787007 -0.016381981 -1.398667812 -0.001597510 0.999931753 0.011573238 -0.874954522 0.016401544 -0.011545496 0.999798834 82.170654297
0.999911547 0.000365176 -0.013294297 -1.413508415 -0.000250425 0.999962687 0.008632273 -0.885572731 0.013296954 -0.008628180 0.999874353 83.333992004
0.999952853 -0.000247678 -0.009707719 -1.425365806 0.000296218 0.999987483 0.004999069 -0.895451248 0.009706359 -0.005001709 0.999940395 84.494262695
0.999976873 -0.000966744 -0.006733886 -1.431798220 0.000993843 0.999991417 0.004022030 -0.911331832 0.006729940 -0.004028630 0.999969244 85.656646729
0.999995112 -0.000927430 -0.002991014 -1.442506552 0.000945165 0.999981940 0.005933654 -0.927305520 0.002985456 -0.005936452 0.999977946 86.825424194
0.999999702 0.000571691 0.000551081 -1.443596840 -0.000575192 0.999979556 0.006372900 -0.941885591 -0.000547426 -0.006373215 0.999979556 87.987495422
0.999990344 -0.000302722 0.004381810 -1.445921302 0.000283998 0.999990821 0.004273028 -0.958749294 -0.004383063 -0.004271742 0.999981284 89.151939392
0.999968767 -0.000509082 0.007887073 -1.442742586 0.000493544 0.999997914 0.001971896 -0.974420726 -0.007888061 -0.001967941 0.999966979 90.315025330
0.999942541 -0.000362300 0.010715920 -1.432077169 0.000343548 0.999998391 0.001751701 -0.991805315 -0.010716538 -0.001747919 0.999941051 91.473327637
0.999906123 -0.001147824 0.013655492 -1.421402216 0.001106083 0.999994695 0.003063872 -1.009198666 -0.013658936 -0.003048480 0.999902070 92.642555237
0.999865234 -0.001937562 0.016302772 -1.401553512 0.001868217 0.999989152 0.004267743 -1.020817161 -0.016310865 -0.004236711 0.999858022 93.799232483
0.999817371 -0.002565878 0.018938238 -1.382265687 0.002451486 0.999978602 0.006060985 -1.033115864 -0.018953383 -0.006013452 0.999802291 94.972167969
0.999769747 -0.003890147 0.021101654 -1.358855963 0.003739955 0.999967456 0.007152383 -1.047774315 -0.021128790 -0.007071817 0.999751747 96.141036987
0.999724269 -0.004743666 0.022998093 -1.328457236 0.004631089 0.999977052 0.004945868 -1.062267423 -0.023021026 -0.004837998 0.999723256 97.301933289
0.999643564 -0.006614413 0.025864696 -1.307688355 0.006580143 0.999977350 0.001409855 -1.078058481 -0.025873436 -0.001239159 0.999664485 98.483978271
0.999594748 -0.005346118 0.027960470 -1.280255318 0.005384267 0.999984682 -0.001289293 -1.093443394 -0.027953148 0.001439317 0.999608219 99.661567688
0.999558210 -0.005551402 0.029198555 -1.244677901 0.005620845 0.999981582 -0.002296776 -1.112123728 -0.029185267 0.002459882 0.999570966 100.839302063
0.999544859 -0.005632483 0.029637892 -1.217166662 0.005687784 0.999982238 -0.001781899 -1.133891225 -0.029627329 0.001949662 0.999559104 102.025215149
0.999568939 -0.005480097 0.028843284 -1.189249039 0.005480868 0.999984980 0.000052351 -1.151484847 -0.028843138 0.000105757 0.999583960 103.202079773
0.999611795 -0.006335230 0.027132701 -1.157115936 0.006299923 0.999979198 0.001386552 -1.166187048 -0.027140921 -0.001215080 0.999630868 104.408973694
0.999668658 -0.005707449 0.025100823 -1.123562813 0.005650561 0.999981284 0.002336730 -1.181226492 -0.025113691 -0.002194122 0.999682188 105.629966736
0.999727130 -0.005115150 0.022791611 -1.096640825 0.005053617 0.999983430 0.002756632 -1.192864418 -0.022805333 -0.002640700 0.999736428 106.854423523
0.999798357 -0.004360408 0.019603310 -1.082053065 0.004307027 0.999986887 0.002764453 -1.210634112 -0.019615108 -0.002679463 0.999804020 108.057136536
0.999871552 -0.002807794 0.015778428 -1.073279619 0.002775300 0.999993980 0.002080892 -1.225374937 -0.015784176 -0.002036835 0.999873340 109.278244019
0.999928892 -0.002703186 0.011616615 -1.060222864 0.002676139 0.999993682 0.002343220 -1.239151835 -0.011622875 -0.002311965 0.999929786 110.506919861
0.999970615 -0.002239079 0.007330023 -1.045750141 0.002212023 0.999990702 0.003697191 -1.260220170 -0.007338233 -0.003680869 0.999966323 111.727203369
0.999993026 -0.002083784 0.003105195 -1.047565460 0.002069446 0.999987245 0.004613776 -1.271401405 -0.003114769 -0.004607318 0.999984562 112.956130981
0.999996960 -0.002136984 -0.001232557 -1.060005546 0.002143316 0.999984384 0.005158663 -1.290850997 0.001221514 -0.005161289 0.999985933 114.172409058
0.999980152 -0.001665802 -0.006078970 -1.069527984 0.001696252 0.999986053 0.005007370 -1.299426913 0.006070544 -0.005017582 0.999969006 115.408821106
0.999935150 -0.000806867 -0.011358124 -1.084609032 0.000864234 0.999986887 0.005046801 -1.313303709 0.011353903 -0.005056290 0.999922752 116.651069641
0.999863327 -0.000877129 -0.016510224 -1.104544163 0.000956538 0.999988019 0.004802428 -1.328776598 0.016505815 -0.004817564 0.999852180 117.894729614
0.999778330 0.000454441 -0.021050695 -1.142385960 -0.000368261 0.999991536 0.004097615 -1.341561675 0.021052379 -0.004088954 0.999769986 119.143211365
0.999695420 0.002651997 -0.024535172 -1.180917859 -0.002555511 0.999988854 0.003963072 -1.356297493 0.024545409 -0.003899165 0.999691129 120.387725830
0.999633670 0.004344034 -0.026713360 -1.215553880 -0.004234849 0.999982476 0.004142457 -1.372717023 0.026730886 -0.004027813 0.999634564 121.638847351
0.999595582 0.005137948 -0.027970035 -1.258173704 -0.005033473 0.999980092 0.003804363 -1.385474443 0.027989024 -0.003662038 0.999601543 122.886306763
0.999543548 0.007381309 -0.029294631 -1.296919346 -0.007264146 0.999965191 0.004103890 -1.397902608 0.029323904 -0.003889217 0.999562383 124.143791199
0.999496400 0.008680250 -0.030522306 -1.339457631 -0.008534753 0.999951601 0.004893980 -1.416257024 0.030563308 -0.004631015 0.999522090 125.405868530
0.999480128 0.008459623 -0.031110531 -1.383128285 -0.008299862 0.999951720 0.005260845 -1.428371668 0.031153534 -0.004999897 0.999502122 126.666534424
0.999405742 0.012718311 -0.032037493 -1.440835953 -0.012491711 0.999895573 0.007263212 -1.437140822 0.032126524 -0.006858692 0.999460280 127.929100037
0.999355137 0.013640606 -0.033214305 -1.482842922 -0.013296898 0.999855936 0.010547161 -1.450551987 0.033353388 -0.010098713 0.999392629 129.191848755
0.999343693 0.012584065 -0.033967882 -1.523682237 -0.012241046 0.999872148 0.010287487 -1.460486054 0.034093000 -0.009864933 0.999369979 130.454269409
0.999342561 0.012450169 -0.034050792 -1.585992217 -0.012158607 0.999887764 0.008756277 -1.470679164 0.034155987 -0.008336511 0.999381721 131.736206055
0.999346852 0.009425437 -0.034886498 -1.630728006 -0.009096986 0.999912918 0.009561623 -1.472618937 0.034973580 -0.009238016 0.999345541 133.017486572
0.999324262 0.007276440 -0.036028437 -1.677310944 -0.006871394 0.999911964 0.011353472 -1.478409767 0.036107875 -0.011098235 0.999286294 134.294021606
0.999338329 0.004332168 -0.036112346 -1.724802852 -0.003857258 0.999905288 0.013210231 -1.480762839 0.036166154 -0.013062196 0.999260426 135.554519653
0.999282539 0.002338022 -0.037801974 -1.755319595 -0.001808314 0.999899805 0.014040852 -1.489387274 0.037831012 -0.013962420 0.999186575 136.844085693
0.999287665 -0.001901229 -0.037689570 -1.804291964 0.002351044 0.999926507 0.011893989 -1.488533735 0.037664186 -0.011974127 0.999218702 138.115646362
0.999278486 -0.004860343 -0.037667640 -1.857965231 0.005275162 0.999926448 0.010921063 -1.497135043 0.037611790 -0.011111886 0.999230623 139.391067505
0.999252737 -0.005997364 -0.038183577 -1.895801187 0.006410986 0.999921978 0.010719225 -1.505132079 0.038116314 -0.010956009 0.999213219 140.694442749
0.999272406 -0.006342036 -0.037608553 -1.953081369 0.006756662 0.999917686 0.010907950 -1.509173870 0.037536278 -0.011154122 0.999233007 141.973922729
0.999275982 -0.005700818 -0.037616253 -1.995588183 0.006203204 0.999892950 0.013252394 -1.523522854 0.037536677 -0.013476141 0.999204397 143.250350952
0.999307096 -0.003102549 -0.037090708 -2.050859451 0.003646722 0.999886572 0.014612779 -1.526522279 0.037041161 -0.014737912 0.999205053 144.536361694
0.999312222 -0.003369662 -0.036928885 -2.096446514 0.003851995 0.999908090 0.012997773 -1.530623078 0.036881693 -0.013131083 0.999233365 145.836395264
0.999313235 -0.002969698 -0.036935791 -2.142767191 0.003375282 0.999934614 0.010923274 -1.529564977 0.036900938 -0.011040441 0.999257922 147.127426147
0.999348760 -0.002853959 -0.035971664 -2.207076073 0.003168684 0.999957204 0.008695276 -1.547340989 0.035945307 -0.008803597 0.999314964 148.417510986
0.999339163 -0.004679132 -0.036045630 -2.249676228 0.004857961 0.999976337 0.004875211 -1.564260960 0.036021966 -0.005047097 0.999338269 149.683364868
0.999349535 -0.005042385 -0.035708334 -2.299614906 0.005091940 0.999986172 0.001296964 -1.579501748 0.035701301 -0.001477946 0.999361396 150.967086792
0.999354661 -0.005103879 -0.035555184 -2.353822708 0.005134888 0.999986529 0.000780892 -1.604768038 0.035550717 -0.000962960 0.999367416 152.238586426
0.999317825 -0.005851672 -0.036464255 -2.391688108 0.005868297 0.999982715 0.000348888 -1.612738252 0.036461584 -0.000562633 0.999334872 153.540939331
0.999315321 -0.005129158 -0.036640752 -2.443970203 0.005151580 0.999986589 0.000517544 -1.630306959 0.036637604 -0.000705947 0.999328375 154.809494019
0.999303579 -0.004899981 -0.036991540 -2.496385574 0.004963293 0.999986351 0.001619885 -1.650961518 0.036983095 -0.001802356 0.999314249 156.077102661
0.999290943 -0.004289997 -0.037406508 -2.550461769 0.004373704 0.999988139 0.002156219 -1.673187852 0.037396811 -0.002318296 0.999297798 157.340209961
0.999258161 -0.004428528 -0.038255319 -2.596904993 0.004500427 0.999988258 0.001793539 -1.689936399 0.038246926 -0.001964374 0.999266386 158.626403809
0.999218941 -0.003704218 -0.039341848 -2.646492243 0.003793927 0.999990344 0.002205833 -1.712342262 0.039333299 -0.002353370 0.999223351 159.902313232
0.999178410 -0.004212704 -0.040307906 -2.698015451 0.004336892 0.999986112 0.002994029 -1.723473191 0.040294733 -0.003166381 0.999182820 161.176696777
0.999174714 -0.002809511 -0.040521875 -2.767919064 0.002949970 0.999989867 0.003406859 -1.745563745 0.040511891 -0.003523585 0.999172866 162.453643799
0.999157965 -0.002384332 -0.040959071 -2.828186750 0.002483902 0.999994099 0.002380219 -1.765082836 0.040953156 -0.002479953 0.999157965 163.733261108
0.999094009 -0.001963115 -0.042512745 -2.877434492 0.002025846 0.999996901 0.001432551 -1.787441969 0.042509802 -0.001517377 0.999094903 165.004714966
0.999055147 -0.001376299 -0.043438207 -2.936154366 0.001451680 0.999997497 0.001703865 -1.808593273 0.043435756 -0.001765314 0.999054670 166.276397705
0.999023139 -0.001864157 -0.044150993 -2.996120453 0.001890633 0.999998033 0.000557922 -1.831351995 0.044149864 -0.000640850 0.999024689 167.544448853
0.998964489 -0.001332842 -0.045477021 -3.055853844 0.001314705 0.999999046 -0.000428723 -1.854558587 0.045477550 0.000368490 0.998965263 168.840576172
0.998901963 -0.001060618 -0.046837248 -3.109868050 0.001035855 0.999999285 -0.000552983 -1.872198939 0.046837803 0.000503859 0.998902380 170.120666504
0.998858511 -0.000673680 -0.047761999 -3.170646906 0.000735181 0.999998927 0.001270098 -1.899824381 0.047761094 -0.001303762 0.998857915 171.395019531
0.998813808 -0.000597792 -0.048689023 -3.237291574 0.000687958 0.999998093 0.001835144 -1.922124863 0.048687831 -0.001866463 0.998812318 172.676971436
0.998736978 -0.000606221 -0.050240051 -3.295278788 0.000689972 0.999998391 0.001649694 -1.935163617 0.050238971 -0.001682275 0.998735785 173.954345703
0.998692572 -0.000196228 -0.051118273 -3.367390394 0.000298662 0.999997973 0.001996237 -1.955586195 0.051117778 -0.002008894 0.998690605 175.232376099
0.998660564 0.000079664 -0.051740762 -3.430568695 -0.000026578 0.999999464 0.001026687 -1.974246860 0.051740814 -0.001023937 0.998660028 176.513671875
0.998557091 0.000702745 -0.053695347 -3.487187624 -0.000690149 0.999999702 0.000253124 -1.992760777 0.053695511 -0.000215701 0.998557329 177.803054810
0.998530149 0.000536858 -0.054195922 -3.562121153 -0.000516338 0.999999762 0.000392640 -2.011421680 0.054196123 -0.000364080 0.998530269 179.083435059
0.998527765 0.000450489 -0.054241069 -3.641732216 -0.000497042 0.999999523 -0.000844771 -2.035663843 0.054240663 0.000870488 0.998527527 180.350952148
0.998412013 -0.000977370 -0.056324765 -3.688253880 0.000843378 0.999996781 -0.002402645 -2.053807735 0.056326929 0.002351326 0.998409629 181.616500854
0.998362482 -0.004241211 -0.057047240 -3.757111549 0.004108836 0.999988616 -0.002437538 -2.076804399 0.057056926 0.002199149 0.998368502 182.895492554
0.998372316 -0.003981266 -0.056893464 -3.839222431 0.004100784 0.999989629 0.001984130 -2.108993053 0.056884974 -0.002214209 0.998378277 184.167388916
0.998300552 -0.004765619 -0.058080155 -3.898489475 0.005117985 0.999969363 0.005919653 -2.122907639 0.058050163 -0.006206846 0.998294353 185.460647583
0.998284996 -0.004122304 -0.058396228 -3.974560976 0.004435786 0.999976456 0.005239576 -2.138425112 0.058373254 -0.005489623 0.998279750 186.720230103
0.998287022 -0.002412119 -0.058456358 -4.053578377 0.002551356 0.999994099 0.002307379 -2.161087036 0.058450446 -0.002452569 0.998287320 187.962341309
0.998266637 -0.002726822 -0.058789849 -4.133019924 0.002749628 0.999996185 0.000307039 -2.181408882 0.058788788 -0.000468157 0.998270333 189.213775635
0.998243690 -0.002555293 -0.059186257 -4.207487583 0.002597665 0.999996424 0.000638982 -2.202953339 0.059184413 -0.000791606 0.998246729 190.465957642
0.998236001 -0.002288293 -0.059327118 -4.279186726 0.002393011 0.999995708 0.001694113 -2.221843004 0.059322987 -0.001833095 0.998237133 191.717514038
0.998239338 -0.002404913 -0.059266075 -4.359243870 0.002643859 0.999988675 0.003953652 -2.245766401 0.059255894 -0.004103383 0.998234391 192.971588135
0.998293340 -0.003210108 -0.058310438 -4.441905499 0.003495203 0.999982417 0.004787922 -2.265629292 0.058294043 -0.004983557 0.998287022 194.234603882
0.998354137 -0.002788475 -0.057282485 -4.513740063 0.003034542 0.999986529 0.004209144 -2.285359383 0.057269979 -0.004376043 0.998349130 195.477310181
0.998408318 -0.004194269 -0.056242570 -4.586543560 0.004356969 0.999986649 0.002770513 -2.307540178 0.056230199 -0.003011150 0.998413265 196.697540283
0.998471558 -0.004507917 -0.055084348 -4.659371376 0.004596504 0.999988317 0.001481612 -2.329032898 0.055077028 -0.001732543 0.998480618 197.919113159
0.998543799 -0.005541938 -0.053661790 -4.732507706 0.005586174 0.999984145 0.000674391 -2.348475695 0.053657204 -0.000973173 0.998558939 199.150802612
0.998628020 -0.004808992 -0.052143194 -4.806552410 0.004885845 0.999987185 0.001346524 -2.371587992 0.052136049 -0.001599440 0.998638690 200.374725342
0.998657584 -0.005491024 -0.051506579 -4.861885548 0.005663872 0.999978781 0.003210485 -2.390824556 0.051487856 -0.003497901 0.998667479 201.599166870
0.998718739 -0.004640388 -0.050392300 -4.929458141 0.004827748 0.999981880 0.003596950 -2.411283731 0.050374694 -0.003835622 0.998723030 202.811965942
0.998748183 -0.004942397 -0.049776282 -4.987677574 0.005140118 0.999979377 0.003844964 -2.432178736 0.049756255 -0.004096007 0.998753011 204.020431519
0.998788714 -0.004551983 -0.048994076 -5.049183369 0.004732456 0.999982417 0.003568205 -2.443645954 0.048976973 -0.003795746 0.998792708 205.237442017
0.998829544 -0.004708384 -0.048139617 -5.108926296 0.004902418 0.999980330 0.003913367 -2.464683294 0.048120242 -0.004144787 0.998832941 206.428848267
0.998867512 -0.004357469 -0.047378555 -5.172524929 0.004549959 0.999981821 0.003955727 -2.484422445 0.047360457 -0.004166817 0.998869181 207.631561279
0.998890102 -0.004502486 -0.046886157 -5.228061199 0.004696874 0.999980807 0.004036604 -2.504528284 0.046867084 -0.004252342 0.998892069 208.803024292
0.998901308 -0.005746126 -0.046510134 -5.285043240 0.005932359 0.999974906 0.003867078 -2.520814657 0.046486750 -0.004138744 0.998910308 209.969253540
0.998907566 -0.005512080 -0.046403226 -5.340970039 0.005732466 0.999972880 0.004617634 -2.539624691 0.046376515 -0.004878595 0.998912096 211.124267578
0.998871267 -0.006426736 -0.047062006 -5.395103455 0.006697882 0.999961853 0.005606023 -2.558605433 0.047024179 -0.005914911 0.998876214 212.260635376
0.998824179 -0.006070037 -0.048097465 -5.448660851 0.006349829 0.999963760 0.005666527 -2.580269098 0.048061326 -0.005965275 0.998826563 213.396392822
0.998802662 -0.005959651 -0.048556976 -5.511339664 0.006200805 0.999969184 0.004817290 -2.603648186 0.048526771 -0.005112614 0.998808801 214.495941162
0.998770893 -0.005544999 -0.049254335 -5.565202713 0.005747817 0.999975562 0.003977095 -2.618736506 0.049231082 -0.004255312 0.998778343 215.591735840
0.998735130 -0.005745546 -0.049951807 -5.625101089 0.005943276 0.999975085 0.003810775 -2.637362242 0.049928669 -0.004102832 0.998744369 216.667526245
0.998655796 -0.006222188 -0.051458042 -5.675851345 0.006425731 0.999972165 0.003791024 -2.655039549 0.051433019 -0.004116583 0.998667955 217.740158081
0.998560965 -0.006451600 -0.053238444 -5.736888409 0.006705755 0.999966979 0.004596656 -2.672155619 0.053207029 -0.004947045 0.998571277 218.788269043
0.998416424 -0.007475039 -0.055756357 -5.785228252 0.007823225 0.999951243 0.006029138 -2.686365128 0.055708569 -0.006455785 0.998426199 219.859970093
0.998295426 -0.007525467 -0.057875972 -5.853480816 0.007984857 0.999938369 0.007710326 -2.702219725 0.057814382 -0.008159314 0.998293996 220.891952515
0.998068273 -0.007238729 -0.061703816 -5.890559196 0.007713241 0.999942482 0.007455414 -2.717557669 0.061646298 -0.007916948 0.998066664 221.913848877
0.997909307 -0.006979845 -0.064251401 -5.958172321 0.007467145 0.999945104 0.007347254 -2.736595631 0.064196587 -0.007811667 0.997906685 222.909484863
0.997715533 -0.007154719 -0.067175761 -6.026881218 0.007688224 0.999940872 0.007686760 -2.753487349 0.067116797 -0.008185662 0.997711539 223.885055542
0.997400582 -0.006178613 -0.071790881 -6.069659233 0.006712976 0.999951541 0.007204439 -2.752140999 0.071742885 -0.007667642 0.997393668 224.855667114
0.997186780 -0.005701688 -0.074739709 -6.143933296 0.006219941 0.999958217 0.006703174 -2.766912699 0.074698366 -0.007149193 0.997180521 225.780212402
0.996970832 -0.005688679 -0.077567853 -6.222598076 0.006186988 0.999961734 0.006185364 -2.779938459 0.077529699 -0.006646539 0.996967912 226.692687988
0.996703923 -0.006385911 -0.080873758 -6.298721790 0.006863974 0.999960542 0.005634593 -2.798112392 0.080834582 -0.006171137 0.996708453 227.566070557
0.996179163 -0.005275934 -0.087173678 -6.317284584 0.005715607 0.999972165 0.004794804 -2.801410675 0.087145954 -0.005274734 0.996181607 228.470001221
0.995919704 -0.004890103 -0.090110876 -6.398494244 0.005297123 0.999976814 0.004278274 -2.819693089 0.090087868 -0.004738146 0.995922565 229.305541992
0.995699048 -0.003283118 -0.092588402 -6.480626583 0.003684724 0.999984503 0.004166923 -2.835752249 0.092573293 -0.004490164 0.995695770 230.124298096
0.995656669 -0.002435401 -0.093069144 -6.564331532 0.002883593 0.999984860 0.004681516 -2.849279642 0.093056336 -0.004929556 0.995648623 230.919296265
0.995492399 -0.002290402 -0.094813541 -6.612723351 0.002751536 0.999985039 0.004733137 -2.852508783 0.094801277 -0.004972685 0.995483816 231.730133057
0.995512784 -0.002206443 -0.094601221 -6.688258171 0.002737721 0.999981225 0.005486551 -2.867311001 0.094587334 -0.005720924 0.995500147 232.492691040
0.995568871 -0.002463848 -0.094003230 -6.764446259 0.002965501 0.999982119 0.005197228 -2.881507397 0.093988739 -0.005452965 0.995558321 233.232269287
0.995533049 -0.001277147 -0.094404802 -6.818167210 0.001565954 0.999994338 0.002985218 -2.889688969 0.094400451 -0.003119717 0.995529413 233.984649658
0.995621085 -0.001589252 -0.093467571 -6.891012669 0.001698681 0.999997973 0.001091224 -2.906445026 0.093465641 -0.001245217 0.995621741 234.714019775
0.995736063 -0.001683425 -0.092232563 -6.962096691 0.001646534 0.999998510 -0.000476063 -2.918335915 0.092233226 0.000322169 0.995737374 235.443984985
0.995792806 -0.000720502 -0.091630824 -7.017267704 0.000627719 0.999999285 -0.001041386 -2.928670406 0.091631509 0.000979486 0.995792508 236.179428101
0.995943666 -0.001242887 -0.089970365 -7.079269409 0.001125740 0.999998450 -0.001352786 -2.941270590 0.089971907 0.001246016 0.995943546 236.902847290
0.996128082 -0.001202782 -0.087905593 -7.147718430 0.001100426 0.999998689 -0.001212830 -2.958648682 0.087906934 0.001111401 0.996128082 237.622619629
0.996267796 -0.001541236 -0.086302653 -7.216173649 0.001431480 0.999998093 -0.001333629 -2.973420382 0.086304545 0.001205112 0.996268094 238.341842651
0.996414423 -0.002247382 -0.084576577 -7.271439075 0.002102903 0.999996185 -0.001797311 -2.985855818 0.084580287 0.001613010 0.996415377 239.062591553
0.996674716 -0.002231216 -0.081452839 -7.336323738 0.002109091 0.999996543 -0.001585333 -2.996301174 0.081456095 0.001408270 0.996675909 239.761337280
0.996929765 -0.002945794 -0.078245223 -7.391842842 0.002898374 0.999995530 -0.000719599 -3.016523361 0.078246988 0.000490606 0.996933877 240.479202271
0.997119844 -0.003452618 -0.075763218 -7.438288689 0.003426442 0.999994040 -0.000475479 -3.030095339 0.075764410 0.000214511 0.997125745 241.175384521
0.997301936 -0.003778707 -0.073311865 -7.483862877 0.003764391 0.999992847 -0.000333456 -3.043135405 0.073312603 0.000056582 0.997309029 241.872528076
0.997537673 -0.004060935 -0.070014931 -7.537615776 0.003993926 0.999991417 -0.001097031 -3.053635120 0.070018791 0.000814695 0.997545362 242.573181152
0.997750640 -0.003882490 -0.066921815 -7.587797165 0.003809553 0.999992013 -0.001217463 -3.067347050 0.066926010 0.000959782 0.997757494 243.263885498
0.997919083 -0.003276184 -0.064395837 -7.629205704 0.003143520 0.999992728 -0.002161337 -3.079910517 0.064402446 0.001954410 0.997922122 243.953948975
0.998111188 -0.003290324 -0.061344903 -7.673220634 0.003137591 0.999991715 -0.002585902 -3.096097469 0.061352901 0.002388543 0.998113275 244.649871826
0.998268962 -0.002878726 -0.058743607 -7.713243008 0.002797964 0.999995053 -0.001457025 -3.110620260 0.058747508 0.001290141 0.998272061 245.351211548
0.998405695 -0.002915108 -0.056369528 -7.754626751 0.002857380 0.999995291 -0.001104668 -3.122632504 0.056372482 0.000941838 0.998409390 246.055053711
0.998555362 -0.003358397 -0.053627048 -7.798861027 0.003285062 0.999993563 -0.001455578 -3.134575844 0.053631589 0.001277307 0.998559952 246.758880615
0.998661339 -0.002491964 -0.051665045 -7.835789204 0.002342351 0.999992907 -0.002956177 -3.148640156 0.051672045 0.002831202 0.998660088 247.472793579
0.998761356 -0.002946076 -0.049670238 -7.874080181 0.002680027 0.999981701 -0.005422054 -3.161834955 0.049685303 0.005282221 0.998750925 248.181335449
0.998792112 -0.003426291 -0.049015958 -7.906124592 0.003085392 0.999970555 -0.007028819 -3.172799349 0.049038596 0.006869095 0.998773277 248.905578613
0.998792291 -0.003792454 -0.048985466 -7.943491936 0.003438197 0.999967337 -0.007314110 -3.189332962 0.049011607 0.007136855 0.998772740 249.624832153
0.998793840 -0.003901215 -0.048945345 -7.976546288 0.003526433 0.999963820 -0.007741184 -3.206629038 0.048973773 0.007559245 0.998771429 250.358566284
0.998798788 -0.002769741 -0.048921511 -8.013754845 0.002381709 0.999965250 -0.007988244 -3.223209143 0.048941936 0.007862132 0.998770654 251.094039917
0.998830080 -0.002010823 -0.048315458 -8.056157112 0.001598070 0.999961913 -0.008579977 -3.238107443 0.048330870 0.008492728 0.998795271 251.820632935
0.998825252 -0.003085087 -0.048358988 -8.089811325 0.002573788 0.999940157 -0.010631677 -3.254920721 0.048388891 0.010494721 0.998773456 252.573333740
0.998823941 -0.007035367 -0.047971491 -8.124987602 0.006432119 0.999898434 -0.012717937 -3.274772406 0.048056092 0.012394421 0.998767734 253.322204590
0.998825073 -0.010097891 -0.047397655 -8.157504082 0.009458992 0.999861598 -0.013684552 -3.290677309 0.047529284 0.013220140 0.998782337 254.089385986
0.998870552 -0.007696781 -0.046886846 -8.201284409 0.007254394 0.999927640 -0.009598075 -3.309039593 0.046957329 0.009247099 0.998854101 254.862213135
0.998932600 -0.003459025 -0.046062209 -8.250730515 0.003297194 0.999988139 -0.003588837 -3.323117733 0.046074077 0.003433131 0.998932123 255.653503418
0.998946369 -0.004052631 -0.045713820 -8.279315948 0.004056115 0.999991775 -0.000016538 -3.341273308 0.045713510 -0.000168900 0.998954594 256.451385498
0.999040961 -0.005279628 -0.043465495 -8.310074806 0.005187492 0.999984026 -0.002232270 -3.352154732 0.043476585 0.002004652 0.999052405 257.246795654
0.999219477 -0.004288930 -0.039268237 -8.350174904 0.003962241 0.999956906 -0.008393466 -3.365489244 0.039302547 0.008231324 0.999193430 258.039215088
0.999368191 -0.002328295 -0.035466064 -8.387863159 0.001901473 0.999925435 -0.012063625 -3.380840778 0.035491508 0.011988565 0.999298096 258.853088379
0.999481857 -0.000358236 -0.032185692 -8.422800064 -0.000032071 0.999926507 -0.012125387 -3.397150040 0.032187670 0.012120136 0.999408364 259.675109863
0.999568582 -0.002285236 -0.029282687 -8.444451332 0.002008633 0.999953151 -0.009471901 -3.419210911 0.029302960 0.009408996 0.999526262 260.504516602
0.999648631 -0.004529163 -0.026116457 -8.465801239 0.004366010 0.999970615 -0.006300772 -3.435860634 0.026144227 0.006184533 0.999639034 261.359954834
0.999707162 -0.006336256 -0.023355547 -8.482436180 0.006222819 0.999968529 -0.004926469 -3.449453592 0.023386028 0.004779689 0.999715090 262.199920654
0.999771297 -0.006567361 -0.020352861 -8.502042770 0.006488064 0.999971092 -0.003959690 -3.473875761 0.020378279 0.003826733 0.999785006 263.045989990
0.999830902 -0.003949880 -0.017959140 -8.518534660 0.003836497 0.999972522 -0.006343446 -3.486361742 0.017983701 0.006273474 0.999818623 263.904388428
0.999868453 -0.003430766 -0.015850952 -8.534565926 0.003295562 0.999958038 -0.008547959 -3.505280018 0.015879612 0.008494597 0.999837816 264.748748779
0.999916077 -0.001994369 -0.012799003 -8.557201385 0.001879648 0.999958038 -0.008969002 -3.516552925 0.012816353 0.008944193 0.999877870 265.597717285
0.999947488 -0.002408620 -0.009963008 -8.567971230 0.002341726 0.999974668 -0.006720426 -3.543784380 0.009978942 0.006696742 0.999927759 266.448242188
0.999974668 -0.000692112 -0.007083826 -8.579466820 0.000656052 0.999986827 -0.005091524 -3.564886332 0.007087257 0.005086748 0.999961972 267.296752930
0.999992192 0.000565655 -0.003909010 -8.591471672 -0.000585821 0.999986529 -0.005159460 -3.582210302 0.003906039 0.005161710 0.999979079 268.150299072
0.999999344 0.000613609 -0.000977488 -8.602158546 -0.000619220 0.999983251 -0.005750269 -3.597833633 0.000973944 0.005750871 0.999983013 268.993896484
0.999998212 -0.001658397 0.000886227 -8.591891289 0.001663590 0.999981284 -0.005891331 -3.619438648 -0.000876440 0.005892796 0.999982238 269.851470947
0.999986649 -0.004577713 0.002390269 -8.586669922 0.004590694 0.999974608 -0.005453924 -3.633112907 -0.002365242 0.005464825 0.999982297 270.704956055
0.999974966 -0.006188730 0.003427806 -8.588352203 0.006207105 0.999966264 -0.005376117 -3.656009436 -0.003394419 0.005397260 0.999979675 271.563751221
0.999967396 -0.006833423 0.004297887 -8.596331596 0.006855426 0.999963343 -0.005125699 -3.678372622 -0.004262703 0.005154996 0.999977648 272.412902832
0.999966562 -0.006915858 0.004361381 -8.589624405 0.006938367 0.999962568 -0.005167040 -3.696261644 -0.004325483 0.005197128 0.999977112 273.275878906
0.999972582 -0.006267500 0.003949797 -8.586507797 0.006284013 0.999971509 -0.004182316 -3.713997364 -0.003923472 0.004207022 0.999983430 274.137359619
0.999979615 -0.005712824 0.002853252 -8.582143784 0.005724558 0.999975145 -0.004121264 -3.727696180 -0.002829637 0.004137514 0.999987423 274.999084473
0.999980092 -0.005889382 0.002255886 -8.591015816 0.005900925 0.999969363 -0.005145018 -3.746114969 -0.002225516 0.005158227 0.999984205 275.881225586
0.999983966 -0.005623874 0.000627533 -8.596330643 0.005627434 0.999967217 -0.005822837 -3.766504049 -0.000594765 0.005826276 0.999982834 276.745819092
0.999987900 -0.004854983 -0.000796169 -8.604555130 0.004849331 0.999964058 -0.006953762 -3.782951593 0.000829901 0.006949817 0.999975502 277.604797363
0.999989927 -0.003972002 -0.002100593 -8.616245270 0.003957161 0.999967515 -0.007022562 -3.805488586 0.002128419 0.007014179 0.999973118 278.468536377
0.999988675 -0.002731594 -0.003904500 -8.626058578 0.002703336 0.999970257 -0.007224349 -3.826640606 0.003924118 0.007213712 0.999966264 279.329467773
0.999981105 -0.001868167 -0.005853366 -8.640340805 0.001825466 0.999971747 -0.007292000 -3.834579468 0.005866823 0.007281177 0.999956310 280.176208496
0.999957681 -0.002074517 -0.008962697 -8.648182869 0.002024979 0.999982655 -0.005532595 -3.863447666 0.008974019 0.005514212 0.999944508 281.043457031
0.999905348 -0.003250178 -0.013368906 -8.658772469 0.003212122 0.999990702 -0.002867035 -3.885514259 0.013378100 0.002823821 0.999906540 281.892761230
0.999825716 -0.004370695 -0.018151950 -8.681801796 0.004352529 0.999989986 -0.001040186 -3.906888723 0.018156314 0.000960998 0.999834716 282.744293213
0.999733269 -0.004341056 -0.022682574 -8.710069656 0.004339561 0.999990582 -0.000115134 -3.915578842 0.022682859 0.000016671 0.999742687 283.575927734
0.999621093 -0.004657978 -0.027129430 -8.740811348 0.004672428 0.999988973 0.000469276 -3.934499979 0.027126944 -0.000595858 0.999631822 284.407623291
0.999469161 -0.005269687 -0.032150231 -8.763852119 0.005298672 0.999985635 0.000816396 -3.947948694 0.032145467 -0.000986316 0.999482691 285.229888916
0.999307513 -0.006484084 -0.036638867 -8.799530029 0.006530012 0.999978065 0.001134008 -3.970049858 0.036630709 -0.001372475 0.999327958 286.026824951
0.999147475 -0.006725614 -0.040731423 -8.837812424 0.006755838 0.999976993 0.000604411 -3.984170198 0.040726420 -0.000879070 0.999169946 286.813720703
0.998987913 -0.006323276 -0.044532280 -8.878601074 0.006354393 0.999979675 0.000557239 -4.000261784 0.044527851 -0.000839650 0.999007761 287.583557129
