1.000000000 0.000000000 0.000000000 0.000000000 0.000000000 1.000000000 0.000000000 0.000000000 0.000000000 0.000000000 1.000000000 0.000000000
0.999998569 0.000494283 0.001604047 -0.000111242 -0.000493032 0.999999583 -0.000780309 -0.006036564 -0.001604432 0.000779517 0.999998391 0.450450987
0.999991834 0.002195945 0.003399136 -0.004000626 -0.002189770 0.999995947 -0.001819202 -0.011518008 -0.003403118 0.001811743 0.999992549 0.919662416
0.999979854 0.003320536 0.005412334 -0.011708400 -0.003306359 0.999991059 -0.002626158 -0.016055886 -0.005421006 0.002608210 0.999981880 1.405927539
0.999971926 0.003094258 0.006821036 -0.006885611 -0.003077112 0.999992073 -0.002522805 -0.022662869 -0.006828788 0.002501745 0.999973536 1.896239996
0.999961019 0.002353058 0.008511229 -0.003317111 -0.002334577 0.999994874 -0.002180680 -0.029890170 -0.008516317 0.002160725 0.999961376 2.397649050
0.999944329 0.001962784 0.010369285 0.001795981 -0.001954089 0.999997735 -0.000848644 -0.040401973 -0.010370927 0.000828334 0.999945879 2.907022715
0.999930680 0.001427681 0.011688349 0.008604644 -0.001431115 0.999998927 0.000285442 -0.044763424 -0.011687929 -0.000302150 0.999931633 3.418841839
0.999918461 0.002016116 0.012610462 0.012585959 -0.002036803 0.999996603 0.001627846 -0.054211259 -0.012607138 -0.001653398 0.999919176 3.930354118
0.999903142 0.003013133 0.013586612 0.012150493 -0.003034658 0.999994159 0.001563984 -0.061206017 -0.013581821 -0.001605063 0.999906480 4.446434975
0.999891698 0.003422196 0.014311664 0.018973975 -0.003442484 0.999993086 0.001393180 -0.070122585 -0.014306798 -0.001442297 0.999896586 4.967076302
0.999882400 0.003550903 0.014920774 0.026797635 -0.003567841 0.999993026 0.001108704 -0.077030942 -0.014916733 -0.001161809 0.999888062 5.487713337
0.999869585 0.004388477 0.015543626 0.031910516 -0.004394934 0.999990284 0.000381308 -0.085367814 -0.015541801 -0.000449571 0.999879122 6.010972977
0.999847829 0.005468485 0.016564010 0.038388647 -0.005467683 0.999985039 -0.000093707 -0.094222553 -0.016564274 0.000003126 0.999862790 6.542164803
0.999830723 0.006092456 0.017361157 0.045115266 -0.006092494 0.999981463 -0.000050699 -0.103469498 -0.017361144 -0.000055082 0.999849260 7.083906174
0.999812424 0.007068194 0.018033242 0.051423106 -0.007053911 0.999974728 -0.000855496 -0.109768279 -0.018038834 0.000728131 0.999837041 7.627869606
0.999774635 0.008381372 0.019505179 0.053901128 -0.008356015 0.999964118 -0.001381157 -0.117087461 -0.019516056 0.001217860 0.999808788 8.187048912
0.999689341 0.010806526 0.022460576 0.063703962 -0.010782953 0.999941170 -0.001170337 -0.131300226 -0.022471903 0.000927782 0.999747038 8.732200623
0.999584794 0.011405959 0.026460579 0.077491812 -0.011372319 0.999934316 -0.001421466 -0.139934659 -0.026475055 0.001119958 0.999648869 9.293991089
0.999478638 0.011161745 0.030296503 0.097345211 -0.011106868 0.999936342 -0.001978999 -0.145377502 -0.030316664 0.001641469 0.999539018 9.863801003
0.999312043 0.011234463 0.035344005 0.110315628 -0.011157721 0.999934971 -0.002367775 -0.160229355 -0.035368308 0.001971788 0.999372423 10.443951607
0.999072909 0.011536842 0.041474883 0.136349961 -0.011460833 0.999932170 -0.002069980 -0.169842020 -0.041495953 0.001592724 0.999137402 11.029824257
0.998813510 0.011043286 0.047429517 0.161757559 -0.010974806 0.999938309 -0.001704006 -0.178935796 -0.047445409 0.001181454 0.998873115 11.629667282
0.998510897 0.011278524 0.053373750 0.196914881 -0.011176564 0.999935091 -0.002208406 -0.189911798 -0.053395193 0.001608583 0.998572171 12.229989052
0.998160779 0.009624193 0.059853755 0.234755054 -0.009452787 0.999950349 -0.003146251 -0.200113118 -0.059881065 0.002574679 0.998202205 12.841377258
0.997784376 0.008915645 0.065930456 0.282158524 -0.008683420 0.999955058 -0.003808003 -0.204390004 -0.065961443 0.003227064 0.997816980 13.469503403
0.997333109 0.011085405 0.072137572 0.324903578 -0.010706511 0.999926805 -0.005636944 -0.213889420 -0.072194785 0.004849568 0.997378767 14.121234894
0.996799707 0.015233143 0.078475095 0.372030765 -0.014592626 0.999855399 -0.008729083 -0.223096862 -0.078596726 0.007555989 0.996877849 14.777881622
0.996364772 0.012294530 0.084297791 0.431131303 -0.011558017 0.999890685 -0.009219531 -0.228642970 -0.084401928 0.008211700 0.996397972 15.438204765
0.996026993 0.004359605 0.088945128 0.502126098 -0.003830123 0.999973893 -0.006122709 -0.249319583 -0.088969506 0.005757713 0.996017694 16.131885529
0.995576084 -0.001229926 0.093950547 0.572225213 0.001536494 0.999993742 -0.003190810 -0.248690218 -0.093946032 0.003321049 0.995571733 16.839097977
0.995169759 -0.000652995 0.098166995 0.644907176 0.000584640 0.999999583 0.000725081 -0.266663343 -0.098167427 -0.000664187 0.995169699 17.548828125
0.994960785 -0.001262041 0.100256629 0.718327701 0.001159824 0.999998748 0.001077836 -0.283539653 -0.100257866 -0.000956125 0.994961023 18.277788162
0.994938970 -0.005556058 0.100327298 0.798191845 0.005665719 0.999983609 -0.000808131 -0.284864813 -0.100321166 0.001372467 0.994954169 19.015190125
0.995083094 -0.011726351 0.098346792 0.878441095 0.012049929 0.999923766 -0.002696821 -0.295879364 -0.098307677 0.003868632 0.995148540 19.767137527
0.995496988 -0.013788124 0.093784824 0.942992508 0.014167443 0.999893904 -0.003379931 -0.300227553 -0.093728274 0.004693402 0.995586753 20.533525467
0.996183515 -0.013386333 0.086250760 1.007031560 0.013700939 0.999901474 -0.003056609 -0.319715351 -0.086201347 0.004226660 0.996268749 21.317209244
0.996948600 -0.013476113 0.076889038 1.067393064 0.013624478 0.999906182 -0.001405342 -0.325127631 -0.076862887 0.002448626 0.997038662 22.124622345
0.997658134 -0.013639512 0.067024134 1.118549943 0.013630419 0.999906898 0.000592994 -0.331751049 -0.067025982 0.000321962 0.997751176 22.946754456
0.998233855 -0.012836585 0.058002908 1.155281782 0.012646079 0.999913394 0.003650296 -0.341647536 -0.058044739 -0.002910340 0.998309731 23.781555176
0.998670161 -0.011799205 0.050186407 1.188225508 0.011498876 0.999914229 0.006268802 -0.353866965 -0.050256070 -0.005683378 0.998720169 24.619855881
0.999012768 -0.011031577 0.043032479 1.220746636 0.010736260 0.999917269 0.007087746 -0.357009053 -0.043107104 -0.006618741 0.999048531 25.460041046
0.999244928 -0.009558284 0.037659872 1.242820382 0.009278514 0.999928117 0.007596640 -0.365091205 -0.037729777 -0.007241476 0.999261737 26.300018311
0.999435604 -0.008080944 0.032607041 1.261443734 0.007835068 0.999939978 0.007661347 -0.372627050 -0.032666996 -0.007401544 0.999438882 27.140592575
0.999582469 -0.008204574 0.027705882 1.278301597 0.007995738 0.999938846 0.007639993 -0.381450832 -0.027766870 -0.007415274 0.999586940 27.980525970
0.999717414 -0.007710366 0.022487275 1.294403911 0.007548396 0.999945045 0.007278764 -0.394167483 -0.022542162 -0.007106964 0.999720633 28.834129333
0.999812841 -0.006499456 0.018220615 1.301768541 0.006354089 0.999947608 0.008024715 -0.401701808 -0.018271817 -0.007907438 0.999801815 29.668657303
0.999877155 -0.005624990 0.014631107 1.305921674 0.005496351 0.999945998 0.008817639 -0.413145155 -0.014679915 -0.008736138 0.999854088 30.494993210
0.999925852 -0.003126625 0.011768952 1.309550762 0.003011243 0.999947369 0.009808910 -0.421445519 -0.011799001 -0.009772743 0.999882638 31.330602646
0.999947071 -0.001418337 0.010190639 1.312804103 0.001320961 0.999953449 0.009555778 -0.428061396 -0.010203717 -0.009541810 0.999902427 32.155876160
0.999955952 0.000117584 0.009383795 1.312645078 -0.000200359 0.999961078 0.008820628 -0.432957619 -0.009382392 -0.008822119 0.999917090 32.969417572
0.999963284 0.001714749 0.008396783 1.318493724 -0.001781422 0.999966919 0.007939284 -0.449317217 -0.008382890 -0.007953951 0.999933243 33.801723480
0.999959052 0.004321718 0.007951037 1.312894702 -0.004383001 0.999960721 0.007706350 -0.456828803 -0.007917420 -0.007740884 0.999938667 34.611347198
0.999954045 0.006228768 0.007286696 1.313675761 -0.006291322 0.999943256 0.008593532 -0.470394939 -0.007232755 -0.008638981 0.999936521 35.400360107
0.999947667 0.007837465 0.006573163 1.310767889 -0.007897997 0.999926150 0.009234201 -0.480984032 -0.006500305 -0.009285633 0.999935746 36.187366486
0.999935091 0.009447885 0.006364759 1.308023214 -0.009509485 0.999907553 0.009718660 -0.492963225 -0.006272350 -0.009778555 0.999932528 36.981410980
0.999917030 0.011592214 0.005622201 1.305880666 -0.011645053 0.999887466 0.009458373 -0.499504417 -0.005511925 -0.009523059 0.999939442 37.741073608
0.999895215 0.013297402 0.005726307 1.303768277 -0.013353309 0.999862432 0.009838166 -0.505659699 -0.005594697 -0.009913599 0.999935210 38.475082397
0.999833465 0.016999817 0.006636128 1.293225408 -0.017065752 0.999804258 0.010009177 -0.515584707 -0.006464676 -0.010120761 0.999927878 39.204952240
0.999776006 0.019791966 0.007497264 1.305519581 -0.019865688 0.999753773 0.009889568 -0.521613121 -0.007299684 -0.010036291 0.999922991 39.930255890
0.999715626 0.021529628 0.010256260 1.308892965 -0.021619335 0.999728262 0.008717462 -0.528654158 -0.010065789 -0.008936716 0.999909401 40.633098602
0.999623895 0.023290459 0.014476965 1.305446863 -0.023403546 0.999696493 0.007691736 -0.537970304 -0.014293428 -0.008027655 0.999865592 41.332981110
0.999541402 0.023136178 0.019538388 1.317420483 -0.023291230 0.999698699 0.007745894 -0.543433487 -0.019353291 -0.008197415 0.999779105 42.018177032
0.999384165 0.024543971 0.025076535 1.325167418 -0.024758933 0.999659002 0.008298005 -0.557481408 -0.024864318 -0.008913763 0.999651074 42.690353394
0.999203742 0.024754902 0.031290300 1.347021222 -0.025042702 0.999647319 0.008839495 -0.566509366 -0.031060442 -0.009616050 0.999471247 43.338924408
0.998946846 0.024286980 0.038927037 1.371497035 -0.024668042 0.999652088 0.009338812 -0.575421512 -0.038686682 -0.010289231 0.999198437 43.974117279
0.998546302 0.024590973 0.047963653 1.398197770 -0.025063081 0.999642909 0.009266487 -0.585268676 -0.047718655 -0.010455133 0.998806119 44.596988678
0.998002708 0.025779424 0.057671800 1.440405130 -0.026337137 0.999613225 0.008931261 -0.590867996 -0.057419252 -0.010432332 0.998295665 45.211742401
0.997220159 0.025421334 0.070040964 1.477168918 -0.026105011 0.999619901 0.008862963 -0.604838014 -0.069789030 -0.010666745 0.997504771 45.829502106
0.996317029 0.024119491 0.082283720 1.535111547 -0.024949674 0.999647498 0.009075861 -0.612601280 -0.082035810 -0.011095387 0.996567607 46.423507690
0.995104015 0.023638846 0.095964387 1.586856246 -0.024546498 0.999664307 0.008288578 -0.616588295 -0.095736243 -0.010603587 0.995350242 47.002944946
0.993548989 0.023554619 0.110930793 1.652907968 -0.024640230 0.999660850 0.008425470 -0.626548707 -0.110694714 -0.011104478 0.993792415 47.574371338
0.991563499 0.023570342 0.127460852 1.728586316 -0.024867682 0.999653816 0.008596404 -0.632582784 -0.127214104 -0.011693537 0.991806328 48.129142761
0.989171326 0.026225448 0.144403487 1.822275519 -0.027660687 0.999585807 0.007940045 -0.643859506 -0.144135445 -0.011848363 0.989487052 48.672466278
0.985987186 0.024423113 0.165023655 1.925490975 -0.025944557 0.999638379 0.007070014 -0.649314404 -0.164791316 -0.011252409 0.986264288 49.202030182
0.981735766 0.028089970 0.188164309 2.031145096 -0.029781666 0.999537408 0.006168812 -0.655735314 -0.187903985 -0.011659989 0.982118189 49.726505280
0.976536930 0.026824150 0.213672817 2.151505947 -0.028379934 0.999588311 0.004216479 -0.675775349 -0.213471755 -0.010181568 0.976896167 50.235576630
0.970445037 0.025856234 0.239933163 2.288591862 -0.026865011 0.999638617 0.000934116 -0.680787683 -0.239822313 -0.007352315 0.970788956 50.716743469
0.963088572 0.025121707 0.268009901 2.437519789 -0.025516436 0.999672353 -0.002010711 -0.685292482 -0.267972589 -0.004902163 0.963414073 51.192157745
0.954498470 0.022223020 0.297386736 2.601091146 -0.022423133 0.999744833 -0.002738867 -0.702715814 -0.297371715 -0.004054097 0.954753160 51.650920868
0.944284201 0.024416147 0.328224331 2.766242504 -0.024140552 0.999696493 -0.004914914 -0.715291977 -0.328244716 -0.003282440 0.944587052 52.096462250
0.932698786 0.025583932 0.359747797 2.943952322 -0.025436677 0.999663174 -0.005144046 -0.720926225 -0.359758228 -0.004352942 0.933035433 52.515659332
0.919724762 0.023844950 0.391838938 3.126159191 -0.024432534 0.999695420 -0.003487346 -0.740030110 -0.391802728 -0.006366219 0.920027256 52.903392792
0.904705644 0.023369730 0.425395757 3.330525398 -0.024356592 0.999698460 -0.003119770 -0.749220490 -0.425340384 -0.007538716 0.905002058 53.295158386
0.887764454 0.022761643 0.459734946 3.547775269 -0.023822792 0.999710083 -0.003493353 -0.762757182 -0.459681183 -0.007850895 0.888049304 53.665924072
0.868464351 0.022364886 0.495246917 3.765348673 -0.023305260 0.999719262 -0.004278312 -0.780176699 -0.495203555 -0.007826296 0.868741751 54.020328522
0.847150326 0.021228082 0.530929148 4.002349854 -0.021221982 0.999756098 -0.006111356 -0.793197036 -0.530929387 -0.006090131 0.847394228 54.360141754
0.823802352 0.019845238 0.566529691 4.252604485 -0.018898116 0.999792993 -0.007542089 -0.810114563 -0.566562116 -0.004493152 0.824006796 54.681793213
0.798164725 0.017467938 0.602185965 4.498240471 -0.015614098 0.999843597 -0.008307373 -0.814846158 -0.602236867 -0.002771937 0.798312664 54.967643738
0.770229340 0.013407120 0.637626112 4.773470402 -0.012527996 0.999904156 -0.005891235 -0.830154657 -0.637643993 -0.003450574 0.770323515 55.262729645
0.740278065 0.009056997 0.672239840 5.052114964 -0.010129861 0.999945998 -0.002317021 -0.838473082 -0.672224522 -0.005094455 0.740329862 55.536544800
0.708523989 0.004649729 0.705671489 5.344416618 -0.008743196 0.999959409 0.002189722 -0.856472731 -0.705632627 -0.007721294 0.708535910 55.792003632
0.673474908 0.002695669 0.739205122 5.639716625 -0.010268570 0.999930978 0.005709026 -0.860917568 -0.739138722 -0.011435466 0.673456192 56.031707764
0.637814760 -0.000803371 0.770189404 5.946973801 -0.009169647 0.999920666 0.008636633 -0.867756784 -0.770135224 -0.012570936 0.637756765 56.222709656
0.597730637 -0.004493515 0.801684439 6.253133774 -0.007852972 0.999903500 0.011459676 -0.884360731 -0.801658571 -0.013145404 0.597637653 56.430496216
0.556162477 -0.006697852 0.831046641 6.586144447 -0.004643034 0.999926865 0.011166213 -0.887510478 -0.831060648 -0.010068807 0.556090713 56.606040955
0.511468172 -0.005483422 0.859284759 6.933892250 -0.002865804 0.999963164 0.008086945 -0.885328829 -0.859297454 -0.006598757 0.511433601 56.783470154
0.465185821 -0.003069422 0.885207653 7.294126511 -0.005851728 0.999961495 0.006542469 -0.895890713 -0.885193646 -0.008223459 0.465149939 56.939304352
0.417712748 -0.000363267 0.908579111 7.676856995 -0.007534428 0.999964178 0.003863704 -0.889216185 -0.908547997 -0.008459541 0.417695045 57.075668335
0.367317498 0.002429823 0.930092454 8.063472748 -0.013254003 0.999908745 0.002622134 -0.893162251 -0.930001199 -0.013290603 0.367316186 57.212188721
0.317863822 0.002444356 0.948133230 8.479661942 -0.015883716 0.999870062 0.002747315 -0.899898171 -0.948003352 -0.015933152 0.317861319 57.319877625
0.270420969 0.002596647 0.962738693 8.909832001 -0.014160238 0.999898911 0.001280556 -0.901120424 -0.962638080 -0.013978899 0.270430386 57.399322510
0.225653172 0.001866021 0.974206030 9.357234955 -0.013128357 0.999913216 0.001125631 -0.903144240 -0.974119365 -0.013043726 0.225658059 57.471267700
0.184398234 -0.000295248 0.982851624 9.830020905 -0.012799313 0.999914408 0.002701725 -0.905956864 -0.982768357 -0.013078018 0.184378684 57.533218384
0.145852685 -0.002872868 0.989302218 10.323165894 -0.013466396 0.999897361 0.004888986 -0.911234856 -0.989214718 -0.014035407 0.145799041 57.582969666
0.108871400 -0.004229485 0.994046986 10.793029785 -0.014136546 0.999883235 0.005802602 -0.911043525 -0.993955433 -0.014684128 0.108798862 57.631645203
0.076376081 -0.005515949 0.997063935 11.321739197 -0.013360645 0.999889255 0.006555020 -0.915097117 -0.996989667 -0.013822063 0.076293945 57.653324127
0.047230840 -0.006127025 0.998865306 11.871635437 -0.013033948 0.999892294 0.006749630 -0.917070627 -0.998799026 -0.013337948 0.047145903 57.659729004
0.020881474 -0.004253106 0.999772966 12.440486908 -0.015957400 0.999862134 0.004586777 -0.917453766 -0.999654651 -0.016049556 0.020810723 57.660705566
-0.001852155 -0.001967169 0.999996424 13.017707825 -0.019899927 0.999800086 0.001929926 -0.919251978 -0.999800324 -0.019896280 -0.001890898 57.658065796
-0.021800876 -0.001318655 0.999761641 13.632469177 -0.020080108 0.999798000 0.000880839 -0.922389925 -0.999560833 -0.020056115 -0.021822929 57.640819550
-0.038680911 -0.000422081 0.999251544 14.216091156 -0.015532160 0.999879360 -0.000178901 -0.926518738 -0.999130905 -0.015527454 -0.038682818 57.607353210
-0.054342389 -0.000478327 0.998522341 14.861663818 -0.013368027 0.999910593 -0.000248533 -0.928864598 -0.998432994 -0.013361779 -0.054343939 57.560142517
-0.069658041 -0.001686480 0.997569561 15.517940521 -0.014282078 0.999897778 0.000693131 -0.932903051 -0.997468710 -0.014199084 -0.069674969 57.514106750
-0.084787369 -0.000684446 0.996398866 16.203582764 -0.013131660 0.999913692 -0.000430561 -0.941526294 -0.996312559 -0.013120877 -0.084789038 57.457118988
-0.096793652 0.000975294 0.995304167 16.894958496 -0.011468983 0.999932051 -0.002095188 -0.948681951 -0.995238543 -0.011617925 -0.096775889 57.382606506
-0.106476545 0.003582462 0.994308770 17.601348877 -0.004214956 0.999982893 -0.004054268 -0.957842350 -0.994306326 -0.004622652 -0.106459618 57.299697876
-0.112397432 0.006383821 0.993642867 18.323474884 0.003139407 0.999976635 -0.006069395 -0.967498302 -0.993658423 0.002437265 -0.112414837 57.201736450
-0.114464760 0.006412246 0.993406773 19.064563751 0.007966908 0.999952912 -0.005536520 -0.978371024 -0.993395507 0.007280644 -0.114510417 57.108177185
-0.114154339 0.004713224 0.993451834 19.826404572 0.009013218 0.999952495 -0.003708386 -0.990952790 -0.993422151 0.008530870 -0.114191413 57.019626617
-0.111421704 0.003960701 0.993765533 20.599231720 0.012193026 0.999922216 -0.002618150 -0.999731660 -0.993698597 0.011825289 -0.111461282 56.931888580
-0.106696367 0.002776509 0.994287789 21.382926941 0.014354883 0.999896169 -0.001251759 -1.013391137 -0.994188070 0.014139326 -0.106725097 56.846588135
-0.102500200 0.003808018 0.994725764 22.198753357 0.012660155 0.999916673 -0.002523342 -1.023899674 -0.994652450 0.012334738 -0.102539897 56.769916534
-0.098573685 0.004723291 0.995118618 23.008216858 0.011801104 0.999923944 -0.003577117 -1.031960964 -0.995059848 0.011390889 -0.098621845 56.700050354
-0.093949795 0.004102041 0.995568693 23.806968689 0.017240908 0.999848247 -0.002492690 -1.048927784 -0.995427847 0.016930318 -0.094006181 56.620998383
-0.090623617 0.002191186 0.995882869 24.611061096 0.022557182 0.999745548 -0.000147023 -1.060625076 -0.995629787 0.022450985 -0.090649962 56.556758881
-0.086941838 -0.001193089 0.996212661 25.438636780 0.025327999 0.999673367 0.003407667 -1.070267558 -0.995891333 0.025528343 -0.086883187 56.478164673
-0.082189560 -0.004778637 0.996605337 26.252414703 0.028272109 0.999574900 0.007124462 -1.079591513 -0.996215701 0.028761689 -0.082019567 56.409530640
-0.076767683 -0.007935140 0.997017503 27.060604095 0.029179271 0.999522150 0.010201799 -1.092447519 -0.996622026 0.029875411 -0.076499462 56.348545074
-0.072717667 -0.009450945 0.997307897 27.865798950 0.026714601 0.999577880 0.011420324 -1.097913742 -0.996994853 0.027473139 -0.072434545 56.294952393
-0.068788171 -0.011027063 0.997570395 28.669380188 0.020308184 0.999716222 0.012451148 -1.101395369 -0.997424603 0.021115331 -0.068544745 56.254898071
-0.064637780 -0.014807187 0.997798979 29.484188080 0.014226263 0.999774635 0.015758088 -1.104924202 -0.997807443 0.015213517 -0.064412594 56.218929291
-0.060193658 -0.016317870 0.998053372 30.300027847 0.011050627 0.999794185 0.017012808 -1.107817173 -0.998125613 0.012053179 -0.060001016 56.183822632
-0.056170702 -0.012622965 0.998341501 31.102769852 0.012152671 0.999837339 0.013325636 -1.117644191 -0.998347342 0.012881023 -0.056008101 56.144115448
-0.053075790 -0.004787979 0.998578966 31.924303055 0.012895935 0.999901831 0.005479757 -1.120716572 -0.998507142 0.013168452 -0.053008795 56.102775574
-0.050331593 0.001231994 0.998731792 32.741268158 0.010731218 0.999942183 -0.000692681 -1.122305751 -0.998674870 0.010682746 -0.050341964 56.068443298
-0.048257470 0.000343315 0.998834908 33.561264038 0.010717291 0.999942541 0.000174097 -1.134800196 -0.998777509 0.010713206 -0.048258424 56.030273438
-0.047642589 -0.003600450 0.998858035 34.389053345 0.013447345 0.999900579 0.004245606 -1.152436137 -0.998773992 0.013634259 -0.047589421 55.996055603
-0.046923757 -0.003502135 0.998892367 35.218196869 0.014086910 0.999892116 0.004167384 -1.157732010 -0.998799145 0.014266856 -0.046869278 55.960605621
-0.046802521 -0.001469612 0.998903155 36.048168182 0.011965009 0.999926329 0.002031724 -1.170079231 -0.998832583 0.012046974 -0.046781540 55.925498962
-0.047075272 -0.000133692 0.998891413 36.887393951 0.004923428 0.999987841 0.000365868 -1.176458478 -0.998879254 0.004935193 -0.047074080 55.905307770
-0.048735142 -0.001187472 0.998811126 37.726821899 0.003091262 0.999994338 0.001339711 -1.186899424 -0.998807073 0.003152877 -0.048731208 55.882579803
-0.049377918 -0.001959126 0.998778224 38.581909180 0.003243918 0.999992490 0.002121882 -1.194523692 -0.998774886 0.003344729 -0.049371123 55.838249207
-0.051385283 0.001651551 0.998677492 39.424976349 0.004082090 0.999990642 -0.001443685 -1.211039662 -0.998670518 0.004002508 -0.051391602 55.803264618
-0.052488446 0.005534899 0.998606324 40.296394348 0.004434255 0.999976099 -0.005309421 -1.221654892 -0.998611808 0.004149392 -0.052511692 55.757438660
-0.053270698 0.008323282 0.998545408 41.168254852 0.005691817 0.999951541 -0.008031353 -1.234306574 -0.998563886 0.005255701 -0.053315520 55.714508057
-0.055084944 0.009145943 0.998439789 42.052223206 0.007851989 0.999931097 -0.008726401 -1.258734465 -0.998450756 0.007359045 -0.055152893 55.678550720
-0.056289434 0.010303770 0.998361409 42.945693970 0.007952816 0.999919653 -0.009871460 -1.279744983 -0.998382926 0.007384126 -0.056366920 55.633129120
-0.057246208 0.009931273 0.998310745 43.857669830 0.006071425 0.999935508 -0.009599283 -1.289864779 -0.998341680 0.005511647 -0.057302833 55.580280304
-0.058420300 0.005585804 0.998276472 44.773387909 0.005145349 0.999972761 -0.005294184 -1.308139086 -0.998278797 0.004827193 -0.058447480 55.529613495
-0.060153842 0.004011860 0.998181045 45.700901031 0.004751487 0.999981761 -0.003732756 -1.327258587 -0.998177826 0.004518304 -0.060171843 55.481708527
-0.061653137 0.006811042 0.998074532 46.625236511 0.004939711 0.999966562 -0.006518819 -1.347423792 -0.998085558 0.004528294 -0.061684728 55.438282013
-0.061929703 0.010507910 0.998025179 47.574050903 0.006129452 0.999929726 -0.010147615 -1.364164591 -0.998061657 0.005488908 -0.061989784 55.372402191
-0.061875343 0.011875299 0.998013258 48.514228821 0.009038051 0.999894857 -0.011337343 -1.386772633 -0.998042941 0.008318593 -0.061976194 55.315055847
-0.061884046 0.008506650 0.998047113 49.477111816 0.013648747 0.999877393 -0.007675959 -1.407591581 -0.997990072 0.013147073 -0.061992526 55.251422882
-0.062182546 0.002809785 0.998060822 50.457641602 0.015357020 0.999880373 -0.001858112 -1.421001077 -0.997946620 0.015211698 -0.062218308 55.195171356
-0.062058091 -0.000519731 0.998072505 51.451053619 0.017191047 0.999850988 0.001589559 -1.443621993 -0.997924566 0.017256554 -0.062039971 55.145656586
-0.060411811 0.001054809 0.998173118 52.447177887 0.014586373 0.999893606 -0.000173828 -1.456252098 -0.998067081 0.014549222 -0.060420752 55.077095032
-0.059171796 0.003757772 0.998240769 53.440650940 0.014631967 0.999888778 -0.002896651 -1.469392657 -0.998140633 0.014434827 -0.059220195 55.021797180
-0.059327126 0.005634037 0.998222828 54.457702637 0.008567100 0.999950111 -0.005134621 -1.488014698 -0.998201907 0.008247252 -0.059372425 54.977928162
-0.060235262 0.005662966 0.998168230 55.457015991 0.005918112 0.999968350 -0.005316046 -1.499996424 -0.998166800 0.005587058 -0.060266852 54.937965393
-0.060834289 0.000631769 0.998147726 56.496368408 0.006553007 0.999978483 -0.000233540 -1.517741680 -0.998126388 0.006526661 -0.060837150 54.872177124
-0.061418653 -0.005253529 0.998098373 57.530380249 0.004377465 0.999975085 0.005532778 -1.529751897 -0.998102605 0.004708955 -0.061394215 54.817634583
-0.062291265 -0.004554814 0.998047769 58.569374084 0.005899079 0.999970436 0.004931769 -1.538243413 -0.998040736 0.006194767 -0.062262654 54.762680054
-0.062224627 -0.001099229 0.998061776 59.615871429 0.009234137 0.999955952 0.001677021 -1.548446417 -0.998019636 0.009320589 -0.062211752 54.686859131
-0.063051820 0.001592934 0.998009026 60.660785675 0.011688438 0.999931335 -0.000857555 -1.562453270 -0.997941852 0.011611097 -0.063066125 54.618225098
-0.065623999 -0.001324762 0.997843683 61.721965790 0.011638301 0.999930084 0.002092932 -1.573894620 -0.997776687 0.011750550 -0.065603971 54.554149628
-0.068191409 -0.006732714 0.997649670 62.798641205 0.013146649 0.999884367 0.007646395 -1.587638140 -0.997585773 0.013637166 -0.068095088 54.480072021
-0.071448684 -0.009201539 0.997402012 63.870933533 0.014002930 0.999849677 0.010227215 -1.592167616 -0.997346163 0.014697268 -0.071309090 54.412406921
-0.075394630 -0.008327195 0.997119188 64.941093445 0.018463559 0.999782026 0.009745508 -1.597157240 -0.996982992 0.019145124 -0.075224400 54.331405640
-0.078693390 -0.009153156 0.996856868 66.018333435 0.021416312 0.999711573 0.010870002 -1.600615501 -0.996668816 0.022204395 -0.078474641 54.241859436
-0.082884550 -0.011184072 0.996496499 67.086906433 0.024443168 0.999613404 0.013252135 -1.606267691 -0.996259451 0.025455926 -0.082579136 54.162200928
-0.085269332 -0.010869929 0.996298671 68.157508850 0.028592154 0.999502003 0.013351968 -1.615782976 -0.995947659 0.029624837 -0.084915996 54.059135437
-0.087008119 -0.007389464 0.996180356 69.231506348 0.032459676 0.999420524 0.010248582 -1.622541189 -0.995678782 0.033227395 -0.086717844 53.953857422
-0.089064240 -0.002707501 0.996022344 70.302742004 0.034637973 0.999383032 0.005813955 -1.632101774 -0.995423555 0.035018004 -0.088915467 53.862709045
-0.090327859 0.000244396 0.995912135 71.375923157 0.037756097 0.999281943 0.003179198 -1.638653398 -0.995196223 0.037888922 -0.090272188 53.762260437
-0.090276122 -0.000843382 0.995916426 72.453857422 0.037090119 0.999303043 0.004208333 -1.656881094 -0.995225847 0.037318569 -0.090181947 53.680122375
-0.086696029 -0.003412846 0.996229112 73.539916992 0.037862632 0.999260366 0.006718189 -1.667832136 -0.995515227 0.038302291 -0.086502671 53.575332642
-0.081474185 -0.006635298 0.996653438 74.611129761 0.041243177 0.999098837 0.010023115 -1.677527070 -0.995821834 0.041921776 -0.081127167 53.483230591
-0.077782154 -0.009582905 0.996924460 75.685279846 0.041478608 0.999056876 0.012839647 -1.683066368 -0.996107280 0.042349726 -0.077311277 53.419052124
-0.072919130 -0.012993107 0.997253299 76.767166138 0.042545993 0.998964369 0.016126359 -1.685519457 -0.996430039 0.043605048 -0.072290778 53.342002869
-0.068075418 -0.013995231 0.997582078 77.846694946 0.043487564 0.998909652 0.016981466 -1.685810566 -0.996731997 0.044538431 -0.067392588 53.271148682
-0.064172149 -0.010072225 0.997888029 78.903945923 0.043922443 0.998951554 0.012907525 -1.692003608 -0.996971786 0.044657987 -0.063662529 53.199066162
-0.061804652 -0.005285366 0.998074293 79.979232788 0.042830635 0.999050796 0.007942773 -1.692051768 -0.997168839 0.043239053 -0.061519623 53.133110046
-0.060498238 -0.005374325 0.998154044 81.072830200 0.043398261 0.999025762 0.008009387 -1.693492055 -0.997224629 0.043802693 -0.060206056 53.066558838
-0.059271932 -0.007995554 0.998209834 82.154365540 0.044178437 0.998967171 0.010624859 -1.712110043 -0.997263789 0.044729106 -0.058857560 53.009552002
-0.057506442 -0.004944570 0.998332977 83.230529785 0.044553015 0.998978734 0.007514127 -1.719322443 -0.997350574 0.044910852 -0.057227373 52.951858521
-0.055286407 0.001184520 0.998469889 84.299652100 0.044311725 0.999016941 0.001268419 -1.726802349 -0.997486830 0.044314045 -0.055284500 52.900749207
-0.053182364 0.003834913 0.998577476 85.386650085 0.043245137 0.999063313 -0.001533623 -1.748841763 -0.997648001 0.043102060 -0.053298354 52.843986511
-0.050693870 0.003201384 0.998709142 86.467681885 0.043698084 0.999044299 -0.000984372 -1.766153812 -0.997757792 0.043591771 -0.050785303 52.792358398
-0.047020078 -0.000038409 0.998894095 87.559585571 0.041801944 0.999123931 0.002006118 -1.782769322 -0.998019040 0.041850038 -0.046977282 52.748779297
-0.042961001 -0.004485632 0.999066770 88.669097900 0.040994763 0.999139845 0.006248778 -1.797282696 -0.998235404 0.041224957 -0.042740226 52.705802917
-0.038221359 -0.007148013 0.999243796 89.765487671 0.039320447 0.999189198 0.008651639 -1.810261607 -0.998495400 0.039621387 -0.037909269 52.668174744
-0.034497976 -0.003332868 0.999399364 90.851898193 0.035080116 0.999374151 0.004543702 -1.825134516 -0.998789012 0.035215788 -0.034359455 52.635040283
-0.032973647 0.006527301 0.999434888 91.945312500 0.032089014 0.999470055 -0.005468844 -1.836572051 -0.998940945 0.031890552 -0.033165574 52.609580994
-0.032338142 0.014184314 0.999376476 93.035240173 0.025844684 0.999576807 -0.013350872 -1.859256506 -0.999142885 0.025396824 -0.032691002 52.590118408
-0.031873226 0.013493707 0.999400973 94.126380920 0.025571326 0.999592543 -0.012680769 -1.890458345 -0.999164879 0.025151828 -0.032205343 52.563713074
-0.031161427 0.007687435 0.999484837 95.235061646 0.024963189 0.999664485 -0.006910526 -1.914896846 -0.999202609 0.024734985 -0.031342864 52.527565002
-0.032914519 0.001395063 0.999457181 96.332168579 0.026031239 0.999660969 -0.000538076 -1.937408566 -0.999119103 0.025999399 -0.032939672 52.501052856
-0.034847140 -0.004875794 0.999380827 97.429809570 0.024513198 0.999683082 0.005732010 -1.952741861 -0.999092042 0.024697762 -0.034716606 52.463218689
-0.037175298 -0.009078743 0.999267638 98.533943176 0.024199581 0.999657333 0.009982569 -1.956579566 -0.999015808 0.024552958 -0.036942840 52.422721863
-0.039356828 -0.008357806 0.999190390 99.616516113 0.025008131 0.999643564 0.009346633 -1.968751788 -0.998912334 0.025355734 -0.039133787 52.385559082
-0.041210175 -0.008227906 0.999116778 100.706863403 0.024552604 0.999655783 0.009245052 -1.979859233 -0.998848915 0.024911903 -0.040993929 52.340934753
-0.043636918 -0.009529055 0.999001980 101.786041260 0.025032319 0.999630153 0.010628472 -1.990604162 -0.998733819 0.025471130 -0.043382287 52.308250427
-0.044296622 -0.007850684 0.998987734 102.867095947 0.025745206 0.999628067 0.008997296 -2.002324820 -0.998686790 0.026117690 -0.044077992 52.256278992
-0.044878364 0.000646236 0.998992383 103.926300049 0.026481710 0.999649167 0.000542990 -2.014528990 -0.998641551 0.026479391 -0.044879675 52.217987061
-0.045936465 0.007889765 0.998913229 105.005836487 0.022925694 0.999713778 -0.006841818 -2.036539793 -0.998681307 0.022586489 -0.046104193 52.172157288
-0.047263741 0.008057619 0.998849928 106.070922852 0.020589590 0.999762893 -0.007090723 -2.059312820 -0.998670220 0.020230776 -0.047418356 52.128196716
-0.049918532 0.002114061 0.998751104 107.127059937 0.015683286 0.999876142 -0.001332577 -2.083822250 -0.998630166 0.015597178 -0.049945593 52.089408875
-0.052745104 -0.005462967 0.998593152 108.192123413 0.009864775 0.999933422 0.005991350 -2.097925663 -0.998559415 0.010166910 -0.052687764 52.047164917
-0.054900765 -0.013512497 0.998400509 109.251266479 0.008498746 0.999865890 0.013999665 -2.106444359 -0.998455822 0.009253742 -0.054778576 51.998939514
-0.057242393 -0.020255255 0.998154879 110.298851013 0.010852389 0.999722481 0.020909430 -2.115630627 -0.998301387 0.012029266 -0.057006598 51.941268921
-0.058907986 -0.020596843 0.998051107 111.348922729 0.010246798 0.999722004 0.021236125 -2.116870642 -0.998211026 0.011477802 -0.058680534 51.881042480
-0.060095906 -0.013209367 0.998105168 112.367256165 0.013302010 0.999813020 0.014032883 -2.125697613 -0.998103976 0.014120123 -0.059908986 51.823898315
-0.060481310 0.001398030 0.998168349 113.381027222 0.021674385 0.999765098 -0.000086966 -2.136897802 -0.997933984 0.021629427 -0.060497403 51.755058289
-0.061506987 0.012665742 0.998026490 114.411544800 0.026397780 0.999590337 -0.011058738 -2.150837183 -0.997757673 0.025665492 -0.061816096 51.681015015
-0.061730742 0.009189080 0.998050570 115.440338135 0.026126958 0.999629855 -0.007587635 -2.173103809 -0.997750878 0.025607636 -0.061948061 51.619415283
-0.061901569 -0.001865878 0.998080552 116.464675903 0.028886551 0.999575973 0.003660233 -2.201496601 -0.997664213 0.029057678 -0.061821342 51.562271118
-0.061776876 -0.011647986 0.998022020 117.502410889 0.029504877 0.999473572 0.013491259 -2.212358475 -0.997653782 0.030279964 -0.061400652 51.497711182
-0.061558604 -0.016918173 0.997960091 118.526840210 0.027948385 0.999435067 0.018667158 -2.214925289 -0.997712135 0.029040497 -0.061050892 51.437301636
-0.061822772 -0.022349074 0.997837067 119.536354065 0.025154209 0.999396801 0.023942484 -2.215501070 -0.997770309 0.026579985 -0.061223388 51.390502930
-0.061639190 -0.025494749 0.997772813 120.586471558 0.021679869 0.999403656 0.026875731 -2.204698324 -0.997862995 0.023288183 -0.061049700 51.324234009
-0.062014580 -0.023434209 0.997800171 121.590927124 0.019698445 0.999500871 0.024698434 -2.200199127 -0.997880936 0.021186771 -0.061522007 51.271095276
-0.061493039 -0.016538929 0.997970581 122.585113525 0.016745266 0.999704897 0.017599482 -2.196654797 -0.997967124 0.017793525 -0.061197877 51.214469910
-0.060958147 -0.011113638 0.998078465 123.570663452 0.017213915 0.999777615 0.012183906 -2.203402996 -0.997991860 0.017923545 -0.060753345 51.160827637
-0.060957074 -0.005573693 0.998124838 124.563598633 0.017559543 0.999823689 0.006655568 -2.207355022 -0.997985959 0.017932320 -0.060848475 51.104354858
-0.060628891 -0.001007434 0.998159885 125.540229797 0.019081889 0.999815583 0.002168153 -2.220473528 -0.997977972 0.019178228 -0.060598493 51.042770386
-0.060535312 0.003131445 0.998161256 126.507934570 0.018662356 0.999823809 -0.002004853 -2.238247395 -0.997991681 0.018506674 -0.060582995 50.996475220
-0.060764551 0.002544638 0.998148918 127.487144470 0.021344636 0.999771416 -0.001249372 -2.247649908 -0.997923911 0.021229206 -0.060804963 50.943435669
-0.060226202 -0.004117876 0.998176277 128.438583374 0.020537198 0.999774694 0.005363607 -2.271368980 -0.997973442 0.020822773 -0.060127974 50.882232666
-0.060170770 -0.013837435 0.998092294 129.385131836 0.018891210 0.999709010 0.014998721 -2.280496359 -0.998009384 0.019757653 -0.059891939 50.829971313
-0.061482668 -0.021738298 0.997871459 130.331314087 0.013153428 0.999658346 0.022587659 -2.284791231 -0.998021543 0.014514180 -0.061175823 50.786300659
-0.064968586 -0.024924250 0.997576118 131.240295410 0.007635831 0.999646366 0.025473272 -2.284766197 -0.997858226 0.009272279 -0.064755321 50.758224487
-0.066491842 -0.022942584 0.997523248 132.160919189 0.003053909 0.999726236 0.023196818 -2.289306402 -0.997782409 0.004588744 -0.066403627 50.695755005
-0.067856789 -0.015765665 0.997570574 133.042449951 0.000087171 0.999875069 0.015808016 -2.291801929 -0.997695148 0.001159640 -0.067847013 50.647567749
-0.068623424 -0.008789939 0.997604012 133.899414062 0.001661348 0.999958813 0.008924969 -2.298166275 -0.997641325 0.002269828 -0.068606019 50.592468262
-0.067946076 -0.002408839 0.997686207 134.743331909 0.005437707 0.999981344 0.002784708 -2.304976463 -0.997674346 0.005614334 -0.067931652 50.536544800
-0.064207792 -0.000322476 0.997936487 135.563476562 0.010729927 0.999941945 0.001013493 -2.323761225 -0.997878850 0.010772860 -0.064200521 50.474761963
-0.059450388 -0.000801094 0.998230994 136.367584229 0.015131462 0.999884069 0.001703585 -2.337847948 -0.998116612 0.015205973 -0.059431434 50.424407959
-0.054399967 -0.005725291 0.998502791 137.164764404 0.018048886 0.999814570 0.006716143 -2.350275278 -0.998356044 0.018387221 -0.054286480 50.381195068
-0.050056577 -0.009846892 0.998697877 137.929824829 0.019403538 0.999753058 0.010829837 -2.366380215 -0.998557925 0.019920375 -0.049853086 50.340270996
-0.045734644 -0.009584268 0.998907685 138.668273926 0.020383630 0.999736845 0.010525481 -2.381250381 -0.998745680 0.020842742 -0.045527220 50.309066772
-0.041507244 -0.005253148 0.999124527 139.374023438 0.021474281 0.999750495 0.006148555 -2.397488117 -0.998907566 0.021710688 -0.041384101 50.283493042
-0.037271857 -0.001321961 0.999304414 140.042739868 0.021504778 0.999766469 0.002124651 -2.406598091 -0.999073863 0.021569008 -0.037234783 50.265838623
-0.032842755 -0.000654817 0.999460459 140.706375122 0.023020595 0.999733984 0.001411460 -2.419541121 -0.999195576 0.023054527 -0.032818913 50.247879028
-0.028259754 -0.001143383 0.999600053 141.326644897 0.020629790 0.999785721 0.001726822 -2.432602406 -0.999387801 0.020670336 -0.028230190 50.235778809
-0.024931431 -0.002335455 0.999686599 141.922622681 0.015052412 0.999883056 0.002711308 -2.449716091 -0.999575973 0.015115288 -0.024893403 50.235839844
-0.021271467 -0.002147095 0.999771595 142.487655640 0.010638977 0.999940574 0.002373815 -2.464350462 -0.999717295 0.010687040 -0.021247387 50.233093262
-0.018372297 0.001139350 0.999830604 143.034820557 0.008593835 0.999962568 -0.000981585 -2.470800400 -0.999794304 0.008574345 -0.018381357 50.225387573
-0.017461658 0.005076884 0.999834657 143.566177368 0.007421015 0.999960244 -0.004947917 -2.483693600 -0.999819994 0.007333389 -0.017498612 50.222244263
-0.017856359 0.006257734 0.999821126 144.102569580 0.004553013 0.999970555 -0.006177356 -2.495686054 -0.999830306 0.004441894 -0.017884374 50.215194702
-0.020210981 0.004050009 0.999787569 144.643524170 -0.001866408 0.999989927 -0.004088558 -2.511858702 -0.999794066 -0.001948644 -0.020203233 50.222518921
-0.022751927 -0.000452945 0.999741077 145.168884277 -0.007770273 0.999969780 0.000276215 -2.521692514 -0.999710977 -0.007761977 -0.022754788 50.221801758
-0.024994135 -0.005543391 0.999672294 145.693222046 -0.009138880 0.999944091 0.005316406 -2.527414560 -0.999645889 -0.009003007 -0.025043368 50.210418701
-0.027090788 -0.008500988 0.999596894 146.228302002 -0.005318304 0.999950886 0.008359864 -2.539717197 -0.999618888 -0.005089685 -0.027134657 50.186859131
-0.029518485 -0.006389586 0.999543786 146.739242554 -0.003127892 0.999975264 0.006299971 -2.552823067 -0.999559343 -0.002940499 -0.029537797 50.164276123
-0.032673717 -0.003316223 0.999460697 147.244903564 -0.004235918 0.999985993 0.003179489 -2.561946154 -0.999457240 -0.004129748 -0.032687306 50.154205322
-0.035338283 -0.001692540 0.999374092 147.751419067 -0.008072419 0.999966443 0.001408100 -2.567762136 -0.999342918 -0.008017605 -0.035350800 50.143920898
-0.038089991 0.000228770 0.999274313 148.263565063 -0.008274271 0.999965608 -0.000544323 -2.568210602 -0.999240100 -0.008288999 -0.038086772 50.135223389
-0.039787769 0.001887296 0.999206543 148.759094238 -0.006741837 0.999974966 -0.002157202 -2.570626259 -0.999185562 -0.006822316 -0.039774060 50.110137939
-0.042430758 -0.001154330 0.999098837 149.252883911 -0.006254763 0.999980032 0.000889715 -2.584411860 -0.999079943 -0.006211375 -0.042437077 50.086547852
-0.044993520 -0.006236508 0.998967946 149.761093140 -0.007395383 0.999955177 0.005909585 -2.590778351 -0.998960018 -0.007121858 -0.045037627 50.065521240
-0.048061132 -0.009490518 0.998799384 150.258224487 -0.007833363 0.999927700 0.009124307 -2.594757080 -0.998813748 -0.007385434 -0.048132062 50.052612305
-0.050624251 -0.010963615 0.998657703 150.746627808 -0.010315111 0.999892175 0.010454273 -2.604021072 -0.998664618 -0.009772026 -0.050731897 50.030776978
-0.052510858 -0.012617017 0.998540759 151.238815308 -0.011423265 0.999862373 0.012032995 -2.611304998 -0.998555124 -0.010774733 -0.052647829 50.003540039
