1.000000000 0.000000000 0.000000000 0.000000000 0.000000000 1.000000000 0.000000000 0.000000000 0.000000000 0.000000000 1.000000000 0.000000000
0.999979734 0.000425907 -0.006353814 -0.009311073 -0.000423547 0.999999821 0.000372897 -0.000907489 0.006353972 -0.000370198 0.999979734 0.090805262
0.999907255 0.001047903 -0.013578539 -0.015528836 -0.001046121 0.999999464 0.000138307 0.000575960 0.013578677 -0.000124089 0.999907792 0.190376550
0.999773562 0.001326117 -0.021239422 -0.026156073 -0.001338056 0.999998927 -0.000547871 -0.000224474 0.021238673 0.000576167 0.999774277 0.289525390
0.999538302 0.001926766 -0.030323606 -0.040190481 -0.001984724 0.999996245 -0.001881319 -0.003132927 0.030319868 0.001940635 0.999538362 0.390935957
0.999124944 0.002123229 -0.041771460 -0.057422757 -0.002266429 0.999991715 -0.003381120 -0.003826179 0.041763935 0.003472834 0.999121487 0.504806936
0.998466790 0.001756779 -0.055325881 -0.080374196 -0.001991076 0.999989271 -0.004180025 -0.006149062 0.055317946 0.004283774 0.998459578 0.629665494
0.997435272 0.001853511 -0.071550108 -0.108418554 -0.002159989 0.999988794 -0.004206272 -0.006301974 0.071541511 0.004350031 0.997428119 0.767551482
0.995934546 0.000532418 -0.090078399 -0.138867795 -0.000927826 0.999990106 -0.004347788 -0.006675043 0.090075195 0.004413689 0.995925188 0.917080402
0.993920624 -0.000418428 -0.110098086 -0.174205989 -0.000054766 0.999990761 -0.004294874 -0.012002821 0.110098869 0.004274794 0.993911445 1.079758525
0.991242230 -0.000658185 -0.132054672 -0.224193692 0.000031795 0.999988735 -0.004745466 -0.014782744 0.132056311 0.004699707 0.991231084 1.243290901
0.987725437 0.003086589 -0.156169683 -0.280798078 -0.004103636 0.999972403 -0.006190458 -0.018331978 0.156146273 0.006755336 0.987710834 1.415332556
0.983353674 0.007258543 -0.181556851 -0.346518725 -0.008826389 0.999930382 -0.007829082 -0.021485109 0.181487381 0.009301248 0.983349264 1.588986516
0.977977633 0.010304926 -0.208455056 -0.413371772 -0.012411254 0.999884248 -0.008798999 -0.024821185 0.208340257 0.011192413 0.977992356 1.765378118
0.971364796 0.011247745 -0.237326518 -0.481429219 -0.013633964 0.999871612 -0.008415626 -0.037603308 0.237201393 0.011410344 0.971393466 1.925664425
0.963343084 0.013086491 -0.267952979 -0.566889644 -0.015839564 0.999841630 -0.008115290 -0.037185974 0.267804354 0.012062067 0.963397801 2.113082647
0.953900993 0.015006835 -0.299746126 -0.664315045 -0.017860169 0.999817491 -0.006781525 -0.043053132 0.299589664 0.011822419 0.953994930 2.305579662
0.942596436 0.017060991 -0.333498061 -0.764034033 -0.020138718 0.999780536 -0.005773459 -0.043370843 0.333326340 0.012158263 0.942733109 2.497256041
0.930163205 0.019461734 -0.366630107 -0.870469809 -0.022928741 0.999724090 -0.005103529 -0.046765331 0.366429597 0.013153481 0.930352807 2.673294544
0.916285872 0.022186240 -0.399909914 -0.978564143 -0.026084537 0.999650478 -0.004306991 -0.050256744 0.399674565 0.014377899 0.916544318 2.844004869
0.900185406 0.023149714 -0.434891164 -1.105671644 -0.027295733 0.999621987 -0.003288775 -0.053039856 0.434650630 0.014831180 0.900477052 3.030260086
0.881682515 0.018087862 -0.471496284 -1.235986471 -0.023012422 0.999724209 -0.004680370 -0.043908600 0.471281618 0.014976871 0.881855607 3.225261450
0.860433102 0.012960720 -0.509398580 -1.371776581 -0.018008579 0.999825418 -0.004979833 -0.049030699 0.509245098 0.013458357 0.860516310 3.404594898
0.835753918 0.014707018 -0.548907220 -1.536598682 -0.018602934 0.999825776 -0.001535814 -0.055814989 0.548788965 0.011494847 0.835881889 3.580698013
0.806800485 0.020512735 -0.590467751 -1.720286846 -0.023627046 0.999717832 0.002446594 -0.062440842 0.590351343 0.011977097 0.807057500 3.750643730
0.774130344 0.023632543 -0.632584929 -1.911961794 -0.026789756 0.999630690 0.004560732 -0.067107983 0.632459104 0.013416194 0.774477541 3.913179159
0.738342583 0.022789076 -0.674040675 -2.122786522 -0.025854813 0.999650717 0.005476534 -0.069878832 0.673930049 0.013383636 0.738673925 4.081670761
0.698405504 0.018926714 -0.715452015 -2.340814829 -0.019903820 0.999777257 0.007018725 -0.073318914 0.715425491 0.009338310 0.698626637 4.251120567
0.655483067 0.014846200 -0.755063951 -2.574473858 -0.014465395 0.999870121 0.007101982 -0.067208730 0.755071342 0.006267068 0.655612707 4.410348415
0.611597598 0.014557091 -0.791035116 -2.831209898 -0.011887326 0.999886930 0.009209686 -0.069401965 0.791079760 0.003770669 0.611701488 4.543980122
0.563236594 0.015244707 -0.826155126 -3.105583191 -0.009283234 0.999883413 0.012121541 -0.068391599 0.826243639 0.000842094 0.563312411 4.683647156
0.512347341 0.016041135 -0.858628571 -3.401034832 -0.007539558 0.999871016 0.014180980 -0.066368505 0.858745277 -0.000791908 0.512402177 4.806093216
0.459748387 0.017184278 -0.887883008 -3.698812485 -0.007216130 0.999852061 0.015614820 -0.056687381 0.888019979 -0.000771811 0.459804356 4.906888962
0.405068874 0.018927177 -0.914090276 -4.029428005 -0.005647354 0.999818444 0.018199706 -0.049633279 0.914268792 -0.002209944 0.405102193 5.008933544
0.349506319 0.021073377 -0.936697066 -4.384766102 -0.005320866 0.999775529 0.020507134 -0.045369446 0.936918974 -0.002183336 0.349539995 5.093665123
0.294463217 0.024119202 -0.955358505 -4.758705616 -0.002622558 0.999698102 0.024430282 -0.043444350 0.955659270 -0.004688338 0.294437528 5.166294098
0.240483284 0.026123499 -0.970301688 -5.098396301 0.002652504 0.999616325 0.027570145 -0.046242818 0.970649660 -0.009203888 0.240321755 5.218268394
0.189747095 0.026545823 -0.981474042 -5.491812706 0.005003486 0.999595284 0.028003260 -0.041882403 0.981820226 -0.010224328 0.189537466 5.255861759
0.142393053 0.027573764 -0.989426136 -5.897181034 0.002922620 0.999595821 0.028277790 -0.035851896 0.989805937 -0.006918279 0.142254949 5.274353027
0.099970758 0.028098062 -0.994593620 -6.335561752 0.001227333 0.999596953 0.028362777 -0.027830809 0.994989693 -0.004056150 0.099896014 5.276708126
0.061868727 0.026612287 -0.997729421 -6.766133308 0.000405714 0.999643743 0.026688505 -0.017659992 0.998084188 -0.002055976 0.061835885 5.276176929
0.027433217 0.023887066 -0.999338150 -7.231753349 0.001229616 0.999712884 0.023929777 -0.008674055 0.999622881 -0.001885273 0.027395964 5.262807369
-0.003879070 0.021177068 -0.999768317 -7.708398819 0.000931194 0.999775410 0.021173608 -0.004030481 0.999992132 -0.000848846 -0.003897905 5.236980915
-0.030323863 0.019353935 -0.999352813 -8.200630188 0.000704843 0.999812663 0.019341456 0.001251802 0.999539971 -0.000117882 -0.030331850 5.200138092
-0.051096797 0.016863883 -0.998551369 -8.694842339 0.000584263 0.999857783 0.016856050 0.010863148 0.998693585 0.000277872 -0.051099300 5.156817436
-0.067547917 0.016117191 -0.997586012 -9.221156120 0.000761719 0.999870062 0.016102519 0.021447040 0.997715890 0.000327809 -0.067551494 5.109671593
-0.080511212 0.016496116 -0.996617258 -9.758496284 0.002384011 0.999863386 0.016357256 0.028577171 0.996750891 -0.001059005 -0.080539584 5.055758476
-0.090154648 0.017857810 -0.995767653 -10.310942650 0.001205880 0.999840438 0.017821673 0.026475355 0.995927036 0.000405930 -0.090161800 4.996848106
-0.096714377 0.019242512 -0.995126367 -10.884482384 -0.000625925 0.999811709 0.019393947 0.026259616 0.995312214 0.002498542 -0.096684098 4.928301811
-0.101126552 0.020200571 -0.994668484 -11.471841812 -0.000807992 0.999791861 0.020386767 0.033720955 0.994873285 0.002865327 -0.101089120 4.864995956
-0.102646351 0.020883918 -0.994498670 -12.092734337 0.001730375 0.999781847 0.020816263 0.046041250 0.994716406 0.000415858 -0.102660179 4.796696663
-0.101653934 0.022949498 -0.994555116 -12.715717316 0.003913458 0.999735355 0.022669038 0.056200683 0.994812191 -0.001587753 -0.101716876 4.734554291
-0.100137115 0.025519054 -0.994646549 -13.359508514 0.003402188 0.999673963 0.025305528 0.062807769 0.994968057 -0.000849956 -0.100191355 4.669034958
-0.098574758 0.025369862 -0.994806290 -14.010799408 0.000862444 0.999676764 0.025408614 0.070272803 0.995129347 0.001646681 -0.098564744 4.599316597
-0.096687078 0.023036733 -0.995048285 -14.679630280 -0.000603264 0.999730587 0.023203755 0.077570036 0.995314717 0.002843777 -0.096647143 4.528656960
-0.095630050 0.022883294 -0.995153904 -15.369110107 -0.000800757 0.999733627 0.023065554 0.092176124 0.995416641 0.003002635 -0.095586300 4.464166641
-0.093815446 0.025468815 -0.995263934 -16.070938110 -0.000951797 0.999669969 0.025671288 0.105332926 0.995589316 0.003355649 -0.093760252 4.394899368
-0.091709852 0.029084824 -0.995360911 -16.786689758 -0.001706718 0.999567270 0.029364988 0.117479518 0.995784283 0.004391860 -0.091620445 4.322170258
-0.090245724 0.031352244 -0.995425880 -17.523933411 -0.002326673 0.999494970 0.031691343 0.119410247 0.995916784 0.005176038 -0.090127230 4.261274338
-0.088371158 0.030507773 -0.995620370 -18.272367477 -0.003816337 0.999513149 0.030965796 0.137153506 0.996080339 0.006536106 -0.088211656 4.186616898
-0.086519718 0.027637292 -0.995866776 -19.035062790 -0.007078968 0.999572873 0.028355157 0.150129616 0.996225059 0.009502987 -0.086287141 4.109205246
-0.085268378 0.027045442 -0.995990872 -19.806306839 -0.006925356 0.999591291 0.027736098 0.165946156 0.996333957 0.009262602 -0.085046172 4.042453766
-0.083572388 0.029300500 -0.996070802 -20.590461731 -0.004800149 0.999544203 0.029805414 0.183121592 0.996490121 0.007272198 -0.083393693 3.975730896
-0.082587123 0.031249030 -0.996093869 -21.380018234 -0.002713325 0.999497533 0.031580772 0.196738631 0.996580243 0.005310888 -0.082460880 3.911638260
-0.081168294 0.033103872 -0.996150494 -22.181564331 -0.001914036 0.999441266 0.033369187 0.208156079 0.996698558 0.004615187 -0.081059575 3.841592789
-0.080697894 0.028526403 -0.996330261 -22.988096237 -0.001425670 0.999586046 0.028735092 0.221269593 0.996737540 0.003739300 -0.080623865 3.775110245
-0.080260158 0.021668512 -0.996538460 -23.798042297 -0.000160327 0.999763370 0.021751549 0.228226572 0.996774018 0.001905554 -0.080237627 3.705877304
-0.080420017 0.016861765 -0.996618450 -24.616495132 0.002848477 0.999856710 0.016686702 0.242486686 0.996757030 -0.001496901 -0.080456495 3.638439178
-0.080718279 0.017927960 -0.996575713 -25.445304871 0.003777834 0.999836564 0.017680632 0.250098825 0.996729791 -0.002337747 -0.080772758 3.567647934
-0.080731750 0.025430525 -0.996411443 -26.278541565 0.003284906 0.999675810 0.025247691 0.255232930 0.996730506 -0.001234830 -0.080789089 3.493219376
-0.081241131 0.032494750 -0.996164680 -27.135755539 0.002288098 0.999471843 0.032416031 0.265968859 0.996691883 0.000354193 -0.081272602 3.425006866
-0.081581712 0.037646353 -0.995955467 -27.983892441 0.000423271 0.999287605 0.037737638 0.280871302 0.996666610 0.002657139 -0.081539512 3.347581863
-0.081994653 0.038479563 -0.995889664 -28.826826096 -0.001132298 0.999250114 0.038702630 0.289484620 0.996632159 0.004301048 -0.081889629 3.272178650
-0.082173586 0.034781929 -0.996010959 -29.662878036 -0.001254990 0.999386430 0.035003345 0.306885153 0.996617317 0.004126333 -0.082079530 3.199302673
-0.082453132 0.032093890 -0.996078014 -30.507978439 -0.002108725 0.999473453 0.032377847 0.319686115 0.996592700 0.004770111 -0.082342029 3.115253448
-0.082659841 0.033298578 -0.996021509 -31.348428726 -0.003369858 0.999426603 0.033692081 0.336883068 0.996572256 0.006141427 -0.082500219 3.043315887
-0.082414150 0.035804760 -0.995954931 -32.194313049 -0.005277394 0.999324739 0.036362607 0.342775792 0.996584356 0.008252836 -0.082169533 2.965908051
-0.082328320 0.034050807 -0.996023417 -33.024341583 -0.005171226 0.999388099 0.034593277 0.358867288 0.996591866 0.007998671 -0.082101941 2.886413574
-0.081992388 0.028913192 -0.996213555 -33.861373901 -0.005820505 0.999548137 0.029489025 0.375169784 0.996616066 0.008216341 -0.081787109 2.809722900
-0.081741095 0.024802791 -0.996344984 -34.692134857 -0.006995331 0.999651372 0.025459005 0.385604441 0.996629119 0.009050807 -0.081539154 2.737007141
-0.081174135 0.025214361 -0.996381044 -35.535770416 -0.006614863 0.999644339 0.025835847 0.400255740 0.996678114 0.008688120 -0.080978394 2.656139374
-0.080330729 0.027964309 -0.996376038 -36.365211487 -0.005997210 0.999574721 0.028537598 0.402920753 0.996750355 0.008267920 -0.080128908 2.582950592
-0.079866409 0.033008710 -0.996258914 -37.214973450 -0.005497339 0.999421775 0.033554204 0.410749972 0.996790469 0.008156626 -0.079638720 2.514076233
-0.079350829 0.038794432 -0.996091723 -38.068107605 -0.004967133 0.999214649 0.039311759 0.424126744 0.996834517 0.008067132 -0.079095721 2.440906525
-0.079467416 0.041944794 -0.995954752 -38.910045624 -0.005305549 0.999082386 0.042499851 0.438705325 0.996823490 0.008661433 -0.079172015 2.371276855
-0.079073906 0.041847944 -0.995990038 -39.735069275 -0.004585143 0.999092638 0.042342331 0.455600739 0.996858239 0.007914930 -0.078810334 2.302375793
-0.078821540 0.037032634 -0.996200681 -40.577041626 -0.004520226 0.999286234 0.037504986 0.485006154 0.996878505 0.007459251 -0.078597903 2.229228973
-0.078717470 0.032933641 -0.996352792 -41.416614532 -0.005499343 0.999424577 0.033469655 0.497318298 0.996881783 0.008113931 -0.078491092 2.158645630
-0.078531742 0.030121524 -0.996456563 -42.246227264 -0.009976499 0.999469638 0.030998863 0.511268854 0.996861815 0.012375536 -0.078189492 2.079364777
-0.078854442 0.028473327 -0.996479452 -43.085693359 -0.012965439 0.999478161 0.029585006 0.526173592 0.996801853 0.015252700 -0.078444123 2.000522614
-0.079051018 0.026601616 -0.996515751 -43.915786743 -0.011187977 0.999557257 0.027570326 0.528991699 0.996807933 0.013328453 -0.078718424 1.917667389
-0.080562830 0.022746110 -0.996490121 -44.720680237 -0.007231916 0.999699950 0.023404056 0.538700819 0.996723473 0.009092024 -0.080374122 1.864509583
-0.081628919 0.021252422 -0.996436357 -45.549335480 -0.003077660 0.999762475 0.021575490 0.548070908 0.996658206 0.004827871 -0.081544161 1.799861908
-0.083188534 0.024781847 -0.996225655 -46.374794006 -0.002859353 0.999680698 0.025106562 0.554169297 0.996529758 0.004937138 -0.083091140 1.723705292
-0.085147381 0.031238941 -0.995878696 -47.199775696 -0.000787643 0.999505937 0.031420071 0.555292249 0.996368229 0.003459730 -0.085080743 1.654140472
-0.087124586 0.034919694 -0.995585203 -48.008510590 0.001558155 0.999388993 0.034916755 0.566992164 0.996196210 0.001490831 -0.087125778 1.583606720
-0.088336110 0.034103833 -0.995506763 -48.820392609 0.001631133 0.999417305 0.034093063 0.574156165 0.996089399 0.001387846 -0.088340282 1.510086060
-0.089357138 0.030375021 -0.995536387 -49.622627258 -0.001832201 0.999528170 0.030661268 0.581749558 0.995998025 0.004563828 -0.089259386 1.428119659
-0.090833426 0.026405741 -0.995516062 -50.417877197 -0.006684595 0.999609709 0.027124243 0.593068600 0.995843768 0.009118405 -0.090621471 1.346240997
-0.092039108 0.025266223 -0.995434940 -51.221324921 -0.011054664 0.999590516 0.026393829 0.600695372 0.995694160 0.013433457 -0.091722131 1.255939484
-0.092865467 0.026335727 -0.995330334 -52.016376495 -0.012250436 0.999544263 0.027590204 0.605424345 0.995603323 0.014755405 -0.092500567 1.172027588
-0.094026208 0.028127087 -0.995172322 -52.810073853 -0.012426711 0.999489784 0.029423218 0.610400319 0.995492160 0.015133272 -0.093628764 1.094993591
-0.094615340 0.027686365 -0.995128870 -53.595794678 -0.014330288 0.999471724 0.029169695 0.615611970 0.995410800 0.017020384 -0.094168663 1.009151459
-0.095089078 0.027488748 -0.995089173 -54.382507324 -0.014798292 0.999469161 0.029023845 0.623019636 0.995358825 0.017485473 -0.094631910 0.922847748
-0.095738173 0.029365201 -0.994973481 -55.159664154 -0.013438094 0.999435544 0.030789932 0.631166816 0.995316029 0.016318312 -0.095289588 0.846233368
-0.096078634 0.032181457 -0.994853437 -55.930809021 -0.012524720 0.999359012 0.033536788 0.642108560 0.995294988 0.015682429 -0.095614076 0.767620087
-0.096225977 0.036169484 -0.994702160 -56.709403992 -0.012823810 0.999211550 0.037574016 0.658122659 0.995276928 0.016371468 -0.095686197 0.688812256
-0.096899390 0.038427014 -0.994552076 -57.470680237 -0.012653047 0.999126077 0.039836533 0.670070887 0.995213747 0.016444249 -0.096328497 0.612327576
-0.097490549 0.038500246 -0.994491458 -58.229782104 -0.012083765 0.999132037 0.039864473 0.680675626 0.995163083 0.015903609 -0.096940637 0.536071777
-0.097873092 0.036523025 -0.994528532 -58.976802826 -0.011919746 0.999211669 0.037868049 0.692202270 0.995127499 0.015560789 -0.097360611 0.460578918
-0.098175526 0.033046708 -0.994620383 -59.714775085 -0.011818061 0.999339283 0.034370020 0.701905429 0.995099068 0.015128776 -0.097720146 0.382156372
-0.097551942 0.030290855 -0.994769394 -60.444419861 -0.012106684 0.999426663 0.031619906 0.709188402 0.995156825 0.015127938 -0.097129226 0.297187805
-0.095866561 0.027441209 -0.995016038 -61.166103363 -0.012950340 0.999500930 0.028812623 0.723020136 0.995310128 0.015647957 -0.095463395 0.216712952
-0.093597531 0.026723025 -0.995251417 -61.864334106 -0.015356965 0.999482036 0.028280850 0.728098154 0.995491683 0.017931059 -0.093138695 0.148391724
-0.089692593 0.028279787 -0.995567977 -62.539119720 -0.015595612 0.999434352 0.029794652 0.728532374 0.995847404 0.018198851 -0.089200854 0.084335327
-0.083887219 0.029776223 -0.996030271 -63.209980011 -0.014717225 0.999407411 0.031116689 0.733069241 0.996366560 0.017269092 -0.083399296 0.028892517
-0.076761365 0.031093899 -0.996564567 -63.864379883 -0.014007821 0.999381304 0.032260749 0.740340769 0.996951103 0.016436076 -0.076278329 -0.020454407
-0.067939162 0.032518174 -0.997159481 -64.502380371 -0.015044602 0.999321640 0.033613715 0.746086657 0.997576118 0.017285552 -0.067403913 -0.066932678
-0.056218028 0.034288500 -0.997829616 -65.129394531 -0.017295431 0.999226689 0.035310935 0.751039982 0.998268783 0.019243000 -0.055581570 -0.101142883
-0.041579366 0.035863269 -0.998491406 -65.743446350 -0.020269837 0.999119639 0.036729913 0.757810712 0.998929620 0.021766460 -0.040815830 -0.118637085
-0.022736311 0.037250388 -0.999047458 -66.325904846 -0.022227800 0.999039769 0.037755962 0.766052246 0.999494493 0.023065045 -0.021886468 -0.133338928
-0.000054479 0.038083006 -0.999274790 -66.904289246 -0.023214048 0.999005258 0.038074005 0.776414633 0.999730706 0.023199277 0.000829637 -0.133712769
0.025444567 0.038352199 -0.998940408 -67.454216003 -0.022956457 0.999022722 0.037770625 0.782769799 0.999412715 0.021971069 0.026300132 -0.106811523
0.054661810 0.037797786 -0.997789443 -67.979003906 -0.021466425 0.999096811 0.036671318 0.795816183 0.998274326 0.019414442 0.055423856 -0.056007385
0.088295817 0.037548993 -0.995386362 -68.479316711 -0.020128911 0.999152422 0.035905525 0.803242624 0.995890915 0.016865734 0.088976800 0.023059845
0.125966966 0.037880823 -0.991310954 -68.961547852 -0.019927014 0.999165714 0.035648827 0.809672952 0.991834342 0.015263292 0.126616716 0.112373352
0.167325258 0.037904475 -0.985172808 -69.347686768 -0.019789543 0.999188483 0.035082601 0.806823671 0.985703111 0.013625917 0.167939603 0.172103882
0.212575436 0.038539708 -0.976384342 -69.810424805 -0.019024797 0.999195755 0.035298094 0.817120075 0.976959407 0.011072005 0.213137686 0.296657562
0.261047542 0.037456814 -0.964599073 -70.235084534 -0.015891371 0.999278247 0.034502815 0.817301035 0.965195239 0.006321924 0.261454344 0.440963745
0.311079383 0.032789826 -0.949818194 -70.641777039 -0.008351526 0.999460340 0.031768341 0.814461768 0.950347304 -0.001950049 0.311185360 0.612380981
0.362529159 0.028004849 -0.931551576 -71.059646606 -0.003593141 0.999583006 0.028651718 0.813695192 0.931965530 -0.007039887 0.362478614 0.815792084
0.414181054 0.022995142 -0.909904003 -71.458030701 0.001269059 0.999665260 0.025841260 0.827452183 0.910193622 -0.011857682 0.414013207 1.045513153
0.465985417 0.021765664 -0.884524763 -71.808418274 0.000881241 0.999685466 0.025063707 0.842684448 0.884792030 -0.012458801 0.465819657 1.259166718
0.514710307 0.020370075 -0.857122183 -72.185348511 0.002015864 0.999686182 0.024968753 0.852423072 0.857361853 -0.014579517 0.514507711 1.513402939
0.559595108 0.016317688 -0.828605592 -72.528770447 0.009645268 0.999610186 0.026199168 0.856241703 0.828710139 -0.022653049 0.559219599 1.801727295
0.603000879 0.009521584 -0.797683656 -72.843322754 0.020205498 0.999425709 0.027203830 0.860862792 0.797484577 -0.032521531 0.602462232 2.107528687
0.645289302 0.005371000 -0.763919413 -73.159851074 0.020874580 0.999477923 0.024660116 0.854906857 0.763653040 -0.031859409 0.644840300 2.423788071
0.685388207 -0.000198177 -0.728177905 -73.445053101 0.018952709 0.999666035 0.017566936 0.860127866 0.727931261 -0.025841113 0.685163021 2.751073837
0.726912618 -0.005904121 -0.686704576 -73.728599548 0.014153115 0.999879479 0.006385088 0.862014174 0.686584115 -0.014360410 0.726908565 3.066087723
0.765904307 -0.008522615 -0.642898142 -73.999984741 0.009345682 0.999954104 -0.002122148 0.865614474 0.642886698 -0.004382959 0.765948772 3.436249733
0.803141654 -0.009728263 -0.595708728 -74.271865845 0.008166867 0.999952495 -0.005319126 0.867717922 0.595732212 -0.000593062 0.803182960 3.841394424
0.836710989 -0.011873921 -0.547515929 -74.517906189 0.009485770 0.999929190 -0.007189256 0.868158758 0.547562540 0.000821719 0.836764336 4.280764580
0.867322624 -0.009255520 -0.497660369 -74.747039795 0.005312358 0.999942303 -0.009338613 0.859815657 0.497718066 0.005455840 0.867321730 4.730010509
0.893393636 -0.007850344 -0.449206084 -74.987495422 0.004711625 0.999956071 -0.008104662 0.849012494 0.449249983 0.005124163 0.893391371 5.226876259
0.914279222 -0.001929380 -0.405079991 -75.180526733 -0.001102563 0.999973118 -0.007251355 0.841260672 0.405083090 0.007076390 0.914252520 5.729696274
0.931509972 0.002454287 -0.363707542 -75.364868164 -0.006035326 0.999943852 -0.008709792 0.832211614 0.363665760 0.010308351 0.931472480 6.251815796
0.944865406 0.007869672 -0.327364355 -75.534965515 -0.010907560 0.999912798 -0.007444884 0.827073574 0.327277213 0.010605159 0.944868863 6.790158272
0.954929888 0.008601991 -0.296706796 -75.705764771 -0.010780577 0.999925613 -0.005707127 0.816288710 0.296635628 0.008648576 0.954951584 7.338183403
0.962164521 0.007989312 -0.272351891 -75.852714539 -0.009546322 0.999944806 -0.004392339 0.807458520 0.272301763 0.006826112 0.962187707 7.918766499
0.967934966 0.008332242 -0.251062632 -76.012008667 -0.009197016 0.999955118 -0.002271326 0.800040364 0.251032442 0.004507523 0.967968166 8.531141281
0.972469211 0.011458814 -0.232749492 -76.162239075 -0.011683692 0.999931633 0.000412464 0.791497886 0.232738316 0.002318264 0.972536623 9.157027245
0.975967884 0.016038438 -0.217323527 -76.308151245 -0.016061952 0.999869645 0.001658343 0.788326263 0.217321783 0.001872151 0.976098239 9.802128792
0.978835106 0.019776728 -0.203692570 -76.451919556 -0.019630836 0.999803543 0.002736921 0.783134103 0.203706682 0.001319661 0.979031086 10.454782486
0.981428444 0.018403774 -0.190943718 -76.571472168 -0.018182021 0.999830425 0.002913440 0.772935748 0.190964967 0.000612409 0.981596649 11.116847992
0.984002769 0.018469891 -0.177193150 -76.690170288 -0.018348623 0.999828935 0.002323098 0.768072605 0.177205741 0.000965315 0.984173357 11.795350075
0.986484408 0.018610170 -0.162794858 -76.803688049 -0.018375257 0.999826789 0.002948754 0.761685014 0.162821546 0.000082497 0.986655533 12.511305809
0.988659859 0.020000363 -0.148834214 -76.908279419 -0.019695612 0.999799848 0.003521353 0.756635249 0.148874849 -0.000550040 0.988855898 13.228980064
0.990465701 0.020466557 -0.136230603 -77.004440308 -0.020577986 0.999788105 0.000590401 0.745236635 0.136213809 0.002218579 0.990676999 13.952087402
0.991870522 0.021536244 -0.125415519 -77.092323303 -0.022281826 0.999741375 -0.004544978 0.730711162 0.125285193 0.007302517 0.992093921 14.686087608
0.993066490 0.019415138 -0.115939610 -77.181777954 -0.020798737 0.999726057 -0.010735855 0.721191585 0.115699410 0.013072816 0.993198216 15.443577766
0.994032204 0.019096315 -0.107402645 -77.278152466 -0.020416526 0.999728739 -0.011205954 0.712249815 0.107159525 0.013331867 0.994152427 16.228120804
0.994685054 0.020845858 -0.100832142 -77.356483459 -0.021485727 0.999755323 -0.005263938 0.701442778 0.100697733 0.007402412 0.994889498 17.002649307
0.995049775 0.025928589 -0.095935725 -77.437736511 -0.025754321 0.999663651 0.003054486 0.683020353 0.095982656 -0.000568606 0.995382845 17.784090042
0.995454967 0.026334047 -0.091520138 -77.515869141 -0.025827503 0.999643862 0.006714958 0.671017706 0.091664374 -0.004320702 0.995780587 18.557914734
0.995774388 0.025587874 -0.088196322 -77.579978943 -0.025163315 0.999665797 0.005922430 0.654113770 0.088318393 -0.003678092 0.996085525 19.324413300
0.996099770 0.025326252 -0.084521390 -77.668357849 -0.024994479 0.999675155 0.004981361 0.646304607 0.084620096 -0.002849365 0.996409237 20.116849899
0.996338189 0.023707170 -0.082147166 -77.722541809 -0.023185449 0.999704540 0.007299320 0.637804270 0.082295939 -0.005367972 0.996593475 20.885467529
0.996598303 0.021956805 -0.079433471 -77.788375854 -0.021244908 0.999726295 0.009796343 0.626944542 0.079626828 -0.008075462 0.996792018 21.659988403
0.996908367 0.019813206 -0.076033950 -77.857864380 -0.018998761 0.999754310 0.011420073 0.619426608 0.076241538 -0.009940215 0.997039855 22.432672501
0.997105420 0.018883707 -0.073648915 -77.911163330 -0.018342776 0.999799609 0.008014261 0.606792569 0.073785499 -0.006640137 0.997252047 23.193317413
0.997187674 0.021918703 -0.071668342 -77.979393005 -0.021939740 0.999759197 0.000493765 0.603826702 0.071661904 0.001080009 0.997428417 23.957193375
0.997306406 0.022490967 -0.069814667 -78.040031433 -0.023044543 0.999709010 -0.007133856 0.593024909 0.069633901 0.008723487 0.997534454 24.713760376
0.997374594 0.023276128 -0.068571851 -78.098297119 -0.024109751 0.999644816 -0.011354419 0.578795552 0.068283208 0.012977860 0.997581542 25.475231171
0.997464597 0.024655120 -0.066757217 -78.147979736 -0.025358405 0.999631286 -0.009708035 0.559726954 0.066493243 0.011376277 0.997722030 26.238533020
0.997535586 0.028057266 -0.064308040 -78.206756592 -0.028500827 0.999575794 -0.005990287 0.543628693 0.064112693 0.007808357 0.997912109 27.003885269
0.997586548 0.031412676 -0.061921477 -78.262542725 -0.031514753 0.999503076 -0.000672286 0.521500170 0.061869588 0.002622104 0.998080790 27.767055511
0.997824073 0.028831994 -0.059294917 -78.313957214 -0.028815418 0.999584079 0.001134761 0.507669270 0.059302974 0.000576316 0.998239875 28.530067444
0.997964680 0.026127920 -0.058170877 -78.357421875 -0.026110386 0.999658525 0.001061582 0.495348781 0.058178749 0.000459443 0.998306096 29.285741806
0.998086274 0.024099194 -0.056947615 -78.407066345 -0.024082813 0.999709487 0.000973992 0.478413165 0.056954544 0.000399330 0.998376667 30.042587280
0.998131514 0.025111388 -0.055703368 -78.456169128 -0.025148349 0.999683738 0.000037474 0.457676053 0.055686690 0.001363444 0.998447359 30.800884247
0.998232722 0.022041826 -0.055187251 -78.494567871 -0.022181062 0.999752164 -0.001911660 0.451849282 0.055131435 0.003132393 0.998474181 31.559030533
0.998303354 0.021247689 -0.054211996 -78.540344238 -0.021366874 0.999770403 -0.001619819 0.438287407 0.054165132 0.002775411 0.998528123 32.323528290
0.998264134 0.024632128 -0.053497482 -78.590057373 -0.024709251 0.999694347 -0.000780595 0.427176505 0.053461906 0.002101122 0.998567700 33.093734741
0.998248875 0.024657931 -0.053769223 -78.633285522 -0.024770174 0.999692142 -0.001421974 0.412275910 0.053717609 0.002751356 0.998552382 33.869338989
0.998174250 0.024290942 -0.055300374 -78.682388306 -0.024417808 0.999700546 -0.001619505 0.398786008 0.055244472 0.002966862 0.998468459 34.647914886
0.998114109 0.022130126 -0.057257973 -78.732147217 -0.022236532 0.999751985 -0.001221810 0.388967782 0.057216734 0.002492725 0.998358667 35.434177399
0.997909427 0.023935603 -0.060032021 -78.790115356 -0.024051568 0.999709964 -0.001209796 0.376701534 0.059985653 0.002651131 0.998195708 36.224708557
0.997607768 0.027539698 -0.063406110 -78.842292786 -0.027671887 0.999616325 -0.001207392 0.360925227 0.063348532 0.002959070 0.997987092 37.014583588
0.997460604 0.027646856 -0.065635487 -78.909294128 -0.028121274 0.999584556 -0.006315056 0.346880078 0.065433629 0.008144773 0.997823656 37.842411041
0.997260869 0.028631056 -0.068198137 -78.972732544 -0.029365486 0.999520779 -0.009790801 0.333600879 0.067885138 0.011766655 0.997623742 38.652462006
0.997172415 0.027195871 -0.070053808 -79.039093018 -0.028054653 0.999542475 -0.011304140 0.319169611 0.069714338 0.013237513 0.997479141 39.471488953
0.997003734 0.027886407 -0.072152041 -79.105773926 -0.028640233 0.999545276 -0.009434138 0.294477195 0.071856141 0.011472322 0.997349024 40.291522980
0.996880829 0.026609784 -0.074300580 -79.171005249 -0.027356310 0.999584794 -0.009047654 0.280653775 0.074028969 0.011052023 0.997194827 41.144901276
0.996757329 0.025793545 -0.076220326 -79.238265991 -0.026436266 0.999622822 -0.007435346 0.266834021 0.075999796 0.009426216 0.997063279 41.987277985
0.996694863 0.025800765 -0.077030011 -79.312934875 -0.026121983 0.999653757 -0.003165200 0.244902790 0.076921672 0.005166915 0.997023761 42.838775635
0.996616781 0.025731008 -0.078057431 -79.384658813 -0.025712686 0.999668598 0.001239951 0.233477116 0.078063466 0.000771310 0.996948063 43.697021484
0.996690631 0.025310239 -0.077247754 -79.451431274 -0.025134388 0.999678791 0.003247999 0.223937869 0.077305146 -0.001295675 0.997006655 44.546833038
0.996757925 0.028402846 -0.075279236 -79.524055481 -0.028219415 0.999595642 0.003499436 0.213772461 0.075348191 -0.001363755 0.997156382 45.415279388
0.996898770 0.028116692 -0.073500186 -79.591163635 -0.028047260 0.999604642 0.001976817 0.207123607 0.073526703 0.000090792 0.997293234 46.286346436
0.997075796 0.026109792 -0.071820304 -79.660369873 -0.026211582 0.999656320 -0.000475011 0.197662130 0.071783215 0.002356145 0.997417450 47.162891388
0.997292101 0.021933116 -0.070195533 -79.721130371 -0.022123983 0.999753356 -0.001942696 0.184476882 0.070135616 0.003490440 0.997531354 48.042167664
0.997454882 0.021328783 -0.068035819 -79.786376953 -0.021539176 0.999765217 -0.002360245 0.172158599 0.067969501 0.003819673 0.997680068 48.924015045
0.997572482 0.018896762 -0.067022808 -79.849693298 -0.018947413 0.999820471 -0.000120105 0.160961226 0.067008510 0.001389722 0.997751415 49.803836823
0.997659564 0.016410593 -0.066378303 -79.906593323 -0.016274432 0.999864221 0.002591542 0.144569442 0.066411816 -0.001505208 0.997791171 50.680095673
0.997741699 0.015671704 -0.065313779 -79.967094421 -0.015517143 0.999875486 0.002873092 0.129689261 0.065350674 -0.001853121 0.997860610 51.561542511
0.997778356 0.017705692 -0.064225525 -80.028205872 -0.017761515 0.999842227 -0.000298256 0.114046119 0.064210109 0.001438336 0.997935355 52.433380127
0.997776151 0.020268694 -0.063497946 -80.097740173 -0.020706723 0.999766052 -0.006247775 0.100501925 0.063356459 0.007548715 0.997962415 53.307991028
0.997784615 0.021716878 -0.062882848 -80.152725220 -0.022486011 0.999680459 -0.011549347 0.078893401 0.062611938 0.012937745 0.997954071 54.171089172
0.997733772 0.026685022 -0.061767690 -80.221702576 -0.027791910 0.999466956 -0.017130800 0.052053560 0.061277628 0.018808618 0.997943521 55.041229248
0.997782707 0.026886879 -0.060883213 -80.280235291 -0.028055491 0.999436617 -0.018421385 0.027512051 0.060353618 0.020088648 0.997974873 55.897869110
0.997867167 0.023565374 -0.060875621 -80.334503174 -0.024358772 0.999627292 -0.012323922 0.002453282 0.060562517 0.013780492 0.998069286 56.764022827
0.997904360 0.022140183 -0.060800727 -80.396347046 -0.022354079 0.999746084 -0.002839970 -0.027397245 0.060722411 0.004193163 0.998145878 57.625991821
0.997833014 0.021115065 -0.062316876 -80.448837280 -0.020858172 0.999771059 0.004770093 -0.044623468 0.062403329 -0.003459941 0.998045027 58.478885651
0.997731745 0.018947423 -0.064593472 -80.505973816 -0.018794773 0.999818981 0.002970096 -0.061756428 0.064638048 -0.001749340 0.997907221 59.312602997
0.997683406 0.014578565 -0.066447884 -80.564773560 -0.014642405 0.999892712 -0.000473826 -0.081088871 0.066433847 0.001445685 0.997789800 60.154464722
0.997525513 0.013018712 -0.069089331 -80.627563477 -0.013204042 0.999910355 -0.002226434 -0.093089387 0.069054149 0.003133183 0.997608006 61.001491547
0.997293115 0.015240420 -0.071931601 -80.692909241 -0.015606764 0.999867916 -0.004533621 -0.112549260 0.071853012 0.005643968 0.997399271 61.834320068
0.997033834 0.016660823 -0.075139649 -80.770271301 -0.017300354 0.999819398 -0.007868356 -0.132392466 0.074994981 0.009144960 0.997141957 62.657524109
0.996707261 0.017477700 -0.079178333 -80.845840454 -0.018407706 0.999769688 -0.011031017 -0.153272688 0.078967303 0.012452185 0.996799409 63.482082367
0.996424794 0.019052906 -0.082308099 -80.920516968 -0.020345889 0.999682009 -0.014898916 -0.178339437 0.081998058 0.016520280 0.996495545 64.299072266
0.996077359 0.023962621 -0.085180290 -81.007377625 -0.025331013 0.999566257 -0.015020165 -0.202022538 0.084783420 0.017118949 0.996252358 65.108039856
0.995701790 0.027024761 -0.088586554 -81.094268799 -0.028296968 0.999513209 -0.013136724 -0.225142941 0.088188417 0.015586990 0.995981872 65.915657043
0.995266557 0.030153567 -0.092386365 -81.178428650 -0.030965025 0.999493361 -0.007362160 -0.247590378 0.092117563 0.010188058 0.995696008 66.722442627
0.994868994 0.031063901 -0.096284792 -81.262329102 -0.031360347 0.999506891 -0.001566730 -0.268957615 0.096188642 0.004578216 0.995352566 67.534790039
0.994416714 0.030693272 -0.100961849 -81.351127625 -0.030648001 0.999528229 0.001999837 -0.284463912 0.100975603 0.001105607 0.994888306 68.330856323
0.993734002 0.030270886 -0.107593916 -81.442344666 -0.030114021 0.999541700 0.003082772 -0.296562910 0.107637927 0.000176630 0.994190156 69.125831604
0.993152261 0.027914552 -0.113443047 -81.539588928 -0.027278364 0.999602258 0.007156727 -0.309824467 0.113597706 -0.004013179 0.993518710 69.907562256
0.992380321 0.029320151 -0.119673088 -81.640914917 -0.028745199 0.999565482 0.006528118 -0.323464364 0.119812489 -0.003038349 0.992791891 70.707977295
0.991455674 0.033933125 -0.125953361 -81.750701904 -0.033477638 0.999423027 0.005731904 -0.332797736 0.126075193 -0.001466308 0.992019594 71.486816406
0.990642548 0.036217507 -0.131589055 -81.866409302 -0.036250062 0.999340415 0.002148850 -0.344384462 0.131580085 0.002641369 0.991302013 72.255592346
0.989864826 0.034716047 -0.137704089 -81.981773376 -0.035126835 0.999382734 -0.000553388 -0.355874896 0.137599871 0.005384888 0.990473270 73.032562256
0.989115059 0.035625838 -0.142766312 -82.103599548 -0.036253922 0.999341011 -0.001799730 -0.366767228 0.142608106 0.006955979 0.989754796 73.799255371
0.988318682 0.038142219 -0.147551090 -82.229721069 -0.038062930 0.999269664 0.003361958 -0.379551828 0.147571564 0.002293541 0.989048719 74.570678711
0.987438381 0.038873844 -0.153148010 -82.358848572 -0.038164977 0.999242783 0.007566848 -0.383755356 0.153326198 -0.001626906 0.988174319 75.326377869
0.986508131 0.037528824 -0.159352794 -82.489059448 -0.036429513 0.999288023 0.009815290 -0.395196259 0.159607694 -0.003877719 0.987172902 76.089378357
0.985457838 0.034965079 -0.166283846 -82.624366760 -0.034452219 0.999388516 0.005968652 -0.401758790 0.166390866 -0.000153008 0.986059844 76.836784363
0.983951151 0.034114242 -0.175146714 -82.751930237 -0.034813408 0.999393404 -0.000920057 -0.411850899 0.175009087 0.007002744 0.984541893 77.577125549
0.982385635 0.031777084 -0.184143007 -82.900321960 -0.032882772 0.999454856 -0.002953150 -0.419518709 0.183948770 0.008956264 0.982895017 78.323585510
0.980406523 0.031284582 -0.194484726 -83.057304382 -0.031814985 0.999493718 0.000396558 -0.436459363 0.194398671 0.005798740 0.980905473 79.058433533
0.978136837 0.031105133 -0.205623031 -83.227958679 -0.030354703 0.999516010 0.006803837 -0.444775701 0.205735147 -0.000413457 0.978607595 79.806022644
0.975557268 0.032564372 -0.217318967 -83.392608643 -0.030170050 0.999442101 0.014327292 -0.453967929 0.217664286 -0.007420571 0.975995481 80.534805298
0.972981751 0.033708926 -0.228407964 -83.576400757 -0.030345008 0.999373317 0.018224683 -0.465068877 0.228879169 -0.010801243 0.973394930 81.268119812
0.970132887 0.036974244 -0.239739567 -83.773895264 -0.034668405 0.999303162 0.013829676 -0.469059199 0.240083843 -0.005105237 0.970738709 81.986618042
0.967089891 0.036216382 -0.251844287 -83.970268250 -0.036169924 0.999334037 0.004815267 -0.473959446 0.251850963 0.004452391 0.967755795 82.696678162
0.963877738 0.033390496 -0.264243752 -84.167854309 -0.034625612 0.999400377 -0.000016590 -0.476399004 0.264084727 0.009165592 0.964455962 83.388092041
0.960646391 0.032362323 -0.275882572 -84.390098572 -0.032295130 0.999466896 0.004787807 -0.478317589 0.275890440 0.004310274 0.961179435 84.104431152
0.957248151 0.033889860 -0.287276030 -84.614692688 -0.031625535 0.999421358 0.012520234 -0.488430649 0.287534118 -0.002899712 0.957765996 84.830215454
0.953597367 0.033273540 -0.299240559 -84.850532532 -0.029301483 0.999412954 0.017752232 -0.489630669 0.299655586 -0.008160290 0.954012573 85.548240662
0.949533224 0.031161865 -0.312114745 -85.086532593 -0.027465004 0.999490917 0.016234629 -0.493610650 0.312461764 -0.006843088 0.949905694 86.250320435
0.945909142 0.029425945 -0.323094368 -85.334411621 -0.026985276 0.999563396 0.012032018 -0.503383815 0.323307365 -0.002662405 0.946290255 86.952690125
0.942858100 0.025639823 -0.332206607 -85.588806152 -0.025369214 0.999664843 0.005152402 -0.510026395 0.332227379 0.003569835 0.943192601 87.655616760
0.940132618 0.021011131 -0.340160638 -85.849456787 -0.022422515 0.999748588 -0.000218398 -0.518848598 0.340070516 0.007832580 0.940367341 88.364044189
0.937608123 0.021533919 -0.347026348 -86.127136230 -0.023711020 0.999716818 -0.002028156 -0.530263782 0.346884400 0.010129964 0.937853158 89.062149048
0.934472263 0.025944313 -0.355089337 -86.397598267 -0.028719777 0.999584258 -0.002546710 -0.534646571 0.354875654 0.012577917 0.934828877 89.766174316
0.931303144 0.026047625 -0.363312602 -86.678009033 -0.027955052 0.999609172 0.000007754 -0.547683716 0.363170803 0.010149200 0.931667328 90.474960327
0.928179741 0.026385367 -0.371195644 -86.965705872 -0.025851304 0.999645233 0.006415348 -0.550325871 0.371233225 0.003641294 0.928532541 91.183403015
0.925330222 0.028317630 -0.378103316 -87.256217957 -0.024565339 0.999589503 0.014744528 -0.555395365 0.378365636 -0.004355322 0.925646007 91.893661499
0.922923565 0.038225468 -0.383080781 -87.576072693 -0.032416467 0.999240816 0.021610394 -0.562374175 0.383616000 -0.007526618 0.923462033 92.600532532
0.920129061 0.044988587 -0.389022529 -87.886344910 -0.040782500 0.998986065 0.019067820 -0.564348876 0.389485955 -0.001679542 0.921030879 93.294944763
0.918086946 0.042008415 -0.394146800 -88.210823059 -0.040801778 0.999101698 0.011445225 -0.564852118 0.394273520 0.005574179 0.918976247 93.993621826
0.916077495 0.034358270 -0.399526715 -88.505874634 -0.035794128 0.999351680 0.003869078 -0.563739359 0.399400651 0.010756335 0.916713357 94.690628052
0.914504290 0.034505241 -0.403102160 -88.829864502 -0.036430784 0.999332011 0.002892779 -0.562553763 0.402932703 0.012039868 0.915150404 95.390441895
0.912359357 0.040487148 -0.407383323 -89.167701721 -0.040629447 0.999139786 0.008305848 -0.569091439 0.407369137 0.008973839 0.913219512 96.100677490
0.910028219 0.042878434 -0.412322789 -89.499649048 -0.041293319 0.999065638 0.012757684 -0.576464772 0.412484556 0.005416323 0.910948515 96.803520203
0.907650232 0.039344233 -0.417879313 -89.815605164 -0.038323592 0.999206603 0.010837096 -0.586936355 0.417974144 0.006178343 0.908437908 97.500183105
0.905374289 0.038145795 -0.422897577 -90.141357422 -0.039853502 0.999193966 0.004806639 -0.599696636 0.422740042 0.012502139 0.906164765 98.184944153
0.903427362 0.035672940 -0.427254587 -90.503395081 -0.040371057 0.999182880 -0.001939184 -0.599343896 0.426836282 0.019000631 0.904129267 98.900993347
