1.000000000 0.000000000 0.000000000 0.000000000 0.000000000 1.000000000 0.000000000 0.000000000 0.000000000 0.000000000 1.000000000 0.000000000
0.999999940 -0.000324676 0.000218065 -0.013473240 0.000324354 0.999998868 0.001473244 -0.014585457 -0.000218543 -0.001473173 0.999998868 1.344176054
0.999998748 -0.001489544 -0.000523921 -0.010303015 0.001490381 0.999997616 0.001601925 -0.036449891 0.000521534 -0.001602704 0.999998569 2.674288750
0.999995053 -0.003027669 -0.000831219 -0.010374444 0.003028016 0.999995351 0.000416506 -0.051971119 0.000829954 -0.000419021 0.999999583 4.009145260
0.999994159 -0.003337797 -0.000700090 -0.013458380 0.003338258 0.999994218 0.000658254 -0.072268814 0.000697889 -0.000660587 0.999999523 5.348494530
0.999991477 -0.004064904 -0.000700608 -0.014843479 0.004066099 0.999990284 0.001714157 -0.099533372 0.000693633 -0.001716992 0.999998271 6.692397594
0.999982834 -0.005796480 -0.000858289 -0.009713814 0.005799005 0.999978781 0.002968991 -0.116385810 0.000841061 -0.002973917 0.999995232 8.035902977
0.999986410 -0.005135524 -0.000892160 -0.018772088 0.005138403 0.999981523 0.003256426 -0.135786757 0.000875420 -0.003260966 0.999994278 9.393660545
0.999989569 -0.004345580 -0.001401087 -0.016028078 0.004347320 0.999989808 0.001240758 -0.148853645 0.001395681 -0.001246836 0.999998271 10.738882065
0.999998271 -0.001228884 -0.001378759 -0.031808477 0.001228197 0.999999106 -0.000498854 -0.178449437 0.001379371 0.000497159 0.999998927 12.087852478
0.999996960 0.002296918 -0.000869688 -0.048818965 -0.002298137 0.999996364 -0.001402490 -0.197976828 0.000866463 0.001404485 0.999998629 13.434698105
0.999989092 0.004554372 -0.001049015 -0.056180116 -0.004555937 0.999988496 -0.001494324 -0.222581521 0.001042197 0.001499087 0.999998331 14.809987068
0.999983847 0.005632221 -0.000786707 -0.059619837 -0.005632924 0.999983728 -0.000894573 -0.238230318 0.000781656 0.000898990 0.999999285 16.170305252
0.999995530 0.002956297 -0.000392096 -0.064480819 -0.002955479 0.999993503 0.002071826 -0.267166018 0.000398218 -0.002070658 0.999997795 17.529542923
0.999999464 -0.000914277 -0.000456576 -0.062670082 0.000916035 0.999992132 0.003864727 -0.284098357 0.000453039 -0.003865143 0.999992430 18.886371613
0.999991894 -0.003997947 -0.000516828 -0.070511840 0.003998876 0.999990344 0.001809462 -0.310162872 0.000509589 -0.001811514 0.999998212 20.248151779
0.999988317 -0.004799773 -0.000550110 -0.072427057 0.004799670 0.999988437 -0.000188668 -0.328413278 0.000551009 0.000186026 0.999999821 21.611351013
0.999997258 -0.002343005 0.000066206 -0.080978565 0.002343105 0.999996066 -0.001558864 -0.358775884 -0.000062553 0.001559014 0.999998808 22.982156754
0.999999642 0.000261512 0.000782339 -0.085985012 -0.000261855 0.999999881 0.000438298 -0.377245218 -0.000782225 -0.000438503 0.999999583 24.368459702
0.999998808 0.000800007 0.001306200 -0.091565676 -0.000805584 0.999990523 0.004274985 -0.401823670 -0.001302768 -0.004276033 0.999989986 25.746646881
0.999996662 -0.001694888 0.001941111 -0.091026604 0.001682418 0.999978065 0.006407623 -0.416013092 -0.001951929 -0.006404336 0.999977589 27.132675171
0.999984443 -0.005338720 0.001618494 -0.086715899 0.005331616 0.999976277 0.004361887 -0.429040432 -0.001641743 -0.004353189 0.999989152 28.520931244
0.999982238 -0.005824790 0.001270774 -0.084618904 0.005822070 0.999980748 0.002134031 -0.449093074 -0.001283180 -0.002126595 0.999996901 29.917018890
0.999983132 -0.005488611 0.001908828 -0.088476501 0.005489737 0.999984741 -0.000584957 -0.463039815 -0.001905588 0.000595426 0.999998033 31.299341202
0.999993265 -0.002745043 0.002429810 -0.093938746 0.002747879 0.999995530 -0.001164828 -0.492524356 -0.002426601 0.001171498 0.999996364 32.695865631
0.999994636 -0.001882527 0.002677592 -0.094831213 0.001891261 0.999992907 -0.003262995 -0.516050458 -0.002671430 0.003268042 0.999991119 34.088897705
0.999995053 -0.001427078 0.002812545 -0.096409671 0.001434105 0.999995828 -0.002498211 -0.541888654 -0.002808968 0.002502232 0.999992907 35.477951050
0.999996126 -0.000480646 0.002738392 -0.103744701 0.000484326 0.999998987 -0.001343161 -0.569800556 -0.002737744 0.001344482 0.999995351 36.892990112
0.999996662 0.000627007 0.002510004 -0.112404391 -0.000627389 0.999999821 0.000151104 -0.590907037 -0.002509909 -0.000152678 0.999996841 38.295539856
0.999991834 0.003190016 0.002487801 -0.115777180 -0.003191289 0.999994755 0.000507904 -0.617137849 -0.002486168 -0.000515839 0.999996781 39.704448700
0.999981940 0.005398534 0.002649722 -0.124982588 -0.005398936 0.999985397 0.000144674 -0.638375938 -0.002648902 -0.000158977 0.999996483 41.119369507
0.999969363 0.007443646 0.002416965 -0.128652930 -0.007445363 0.999972045 0.000702418 -0.662523866 -0.002411668 -0.000720391 0.999996841 42.539421082
0.999962807 0.008360905 0.002111959 -0.130590081 -0.008362514 0.999964774 0.000754459 -0.682980776 -0.002105576 -0.000772092 0.999997497 43.958030701
0.999969482 0.007612983 0.001754037 -0.134395137 -0.007613925 0.999970853 0.000530967 -0.704055429 -0.001749943 -0.000544306 0.999998331 45.390983582
0.999976218 0.006810379 0.001110313 -0.136705682 -0.006810612 0.999976814 0.000206298 -0.726770937 -0.001108882 -0.000213855 0.999999344 46.812534332
0.999980628 0.006221573 -0.000101223 -0.134354845 -0.006221522 0.999980509 0.000496783 -0.750197470 0.000104312 -0.000496143 0.999999881 48.249187469
0.999979138 0.006391860 -0.000900307 -0.142384693 -0.006390234 0.999977946 0.001797949 -0.770963371 0.000911780 -0.001792158 0.999997973 49.680164337
0.999972224 0.007275292 -0.001613952 -0.157160193 -0.007273193 0.999972701 0.001302881 -0.793961048 0.001623387 -0.001291106 0.999997854 51.121761322
0.999967277 0.007556200 -0.002885124 -0.160911888 -0.007551010 0.999969840 0.001805324 -0.815973282 0.002898678 -0.001783479 0.999994218 52.572402954
0.999966264 0.007113942 -0.004110741 -0.173720166 -0.007101499 0.999970198 0.003033641 -0.841410220 0.004132200 -0.003004347 0.999986947 54.010921478
0.999973655 0.005215033 -0.005051264 -0.178061560 -0.005194469 0.999978185 0.004075806 -0.864858031 0.005072409 -0.004049460 0.999978960 55.471187592
0.999980092 0.003304575 -0.005376880 -0.200193971 -0.003280615 0.999984682 0.004458813 -0.888657808 0.005391532 -0.004441084 0.999975622 56.896450043
0.999981701 0.001560773 -0.005842623 -0.199486136 -0.001539642 0.999992251 0.003619410 -0.902241409 0.005848227 -0.003610348 0.999976397 58.331809998
0.999980509 0.000326655 -0.006235086 -0.204238489 -0.000301195 0.999991596 0.004083945 -0.924855828 0.006236368 -0.004081988 0.999972224 59.779930115
0.999983788 -0.000477492 -0.005676161 -0.215437144 0.000502900 0.999989867 0.004475641 -0.937991798 0.005673966 -0.004478423 0.999973893 61.217247009
0.999984860 -0.001798123 -0.005200868 -0.228430644 0.001824251 0.999985695 0.005023387 -0.955343127 0.005191761 -0.005032798 0.999973834 62.650352478
0.999983132 -0.003335726 -0.004756846 -0.237352848 0.003358770 0.999982595 0.004844587 -0.978834927 0.004740603 -0.004860482 0.999976933 64.079742432
0.999976337 -0.005144260 -0.004564954 -0.241236985 0.005162814 0.999978423 0.004062077 -0.997910917 0.004543959 -0.004085549 0.999981344 65.504699707
0.999979913 -0.004915627 -0.004002427 -0.254205912 0.004930829 0.999980628 0.003797255 -1.018487811 0.003983684 -0.003816914 0.999984801 66.919242859
0.999988198 -0.003548330 -0.003327360 -0.266170233 0.003560750 0.999986708 0.003734316 -1.040301800 0.003314066 -0.003746120 0.999987483 68.331008911
0.999995887 -0.000414737 -0.002843563 -0.277676463 0.000429096 0.999987125 0.005050914 -1.061262369 0.002841431 -0.005052113 0.999983191 69.766418457
0.999994636 0.002606127 -0.001986142 -0.297891259 -0.002593229 0.999975741 0.006469179 -1.082001686 0.002002953 -0.006463993 0.999977112 71.180648804
0.999976754 0.006730103 -0.001106518 -0.317318052 -0.006722339 0.999953747 0.006876492 -1.096905231 0.001152746 -0.006868894 0.999975741 72.565025330
0.999932945 0.011576114 -0.000274484 -0.338711143 -0.011574102 0.999912202 0.006453945 -1.111154079 0.000349171 -0.006450335 0.999979138 73.963653564
0.999885082 0.015146822 0.000621554 -0.357630223 -0.015150119 0.999868989 0.005695323 -1.127217054 -0.000535206 -0.005704085 0.999983609 75.348121643
0.999863505 0.016452080 0.001505557 -0.379089415 -0.016460609 0.999847472 0.005839833 -1.146943092 -0.001409250 -0.005863819 0.999981821 76.716445923
0.999869585 0.016074490 0.001554342 -0.387758344 -0.016084084 0.999850333 0.006370466 -1.163936734 -0.001451708 -0.006394635 0.999978483 78.116828918
0.999880791 0.015301596 0.002074827 -0.407350481 -0.015313809 0.999864697 0.006003466 -1.182380080 -0.001982684 -0.006034524 0.999979854 79.486335754
0.999902129 0.013829862 0.002126044 -0.419811308 -0.013841222 0.999889493 0.005424681 -1.204716802 -0.002050787 -0.005453576 0.999983013 80.841217041
0.999912858 0.013094759 0.001660724 -0.421226591 -0.013103747 0.999898911 0.005522318 -1.225648165 -0.001588242 -0.005543599 0.999983370 82.201332092
0.999911606 0.013167137 0.001839194 -0.437860548 -0.013177362 0.999897122 0.005662605 -1.240037799 -0.001764445 -0.005686340 0.999982297 83.574829102
0.999922991 0.012368160 0.001017383 -0.434296280 -0.012373511 0.999908686 0.005432414 -1.259561539 -0.000950102 -0.005444584 0.999984741 84.930252075
0.999917150 0.012857900 0.000652728 -0.450117707 -0.012861432 0.999900877 0.005729419 -1.281181931 -0.000578995 -0.005737339 0.999983370 86.302894592
0.999924123 0.012307175 -0.000472586 -0.454873860 -0.012303727 0.999901772 0.006713889 -1.307068825 0.000555169 -0.006707565 0.999977350 87.675460815
0.999947369 0.010191601 -0.001197931 -0.474346042 -0.010182048 0.999918282 0.007726846 -1.320310712 0.001276582 -0.007714241 0.999969423 89.047950745
0.999963462 0.008198447 -0.002418539 -0.481183589 -0.008178404 0.999933064 0.008183970 -1.338029146 0.002485474 -0.008163892 0.999963582 90.415992737
0.999978185 0.005929594 -0.002909348 -0.497005701 -0.005905053 0.999947488 0.008372698 -1.352429509 0.002958842 -0.008355335 0.999960721 91.763107300
0.999982476 0.004775139 -0.003495975 -0.506997406 -0.004748181 0.999959230 0.007679152 -1.364004374 0.003532502 -0.007662418 0.999964416 93.118614197
0.999985516 0.003807819 -0.003797655 -0.519012809 -0.003780027 0.999966204 0.007298719 -1.384239316 0.003825319 -0.007284258 0.999966145 94.485717773
0.999984145 0.004304145 -0.003636598 -0.537799656 -0.004279021 0.999967098 0.006888501 -1.404246688 0.003666128 -0.006872831 0.999969661 95.836791992
0.999985754 0.004318434 -0.003139649 -0.558727324 -0.004298625 0.999970973 0.006289011 -1.415762544 0.003166717 -0.006275425 0.999975324 97.200424194
0.999979377 0.005783957 -0.002793320 -0.584460258 -0.005768900 0.999968946 0.005369029 -1.430122733 0.002824287 -0.005352804 0.999981701 98.523078918
0.999977410 0.006217076 -0.002550843 -0.583531559 -0.006202309 0.999964178 0.005756685 -1.455914021 0.002586542 -0.005740733 0.999980152 99.931198120
0.999978185 0.006230637 -0.002203109 -0.592159450 -0.006214508 0.999954402 0.007253535 -1.472467542 0.002248202 -0.007239685 0.999971271 101.297103882
0.999967039 0.007904381 -0.001864139 -0.609420955 -0.007887739 0.999930441 0.008772028 -1.491155028 0.001933347 -0.008757034 0.999959767 102.644325256
0.999972939 0.007043455 -0.002126010 -0.610276878 -0.007027286 0.999947011 0.007519329 -1.508652210 0.002178859 -0.007504186 0.999969482 103.994224548
0.999972701 0.007206495 -0.001618397 -0.624535024 -0.007197905 0.999960303 0.005252303 -1.522185087 0.001656183 -0.005240511 0.999984920 105.333953857
0.999976099 0.006691994 -0.001733899 -0.636058152 -0.006685233 0.999970138 0.003876119 -1.545082808 0.001759786 -0.003864435 0.999991000 106.659599304
0.999989450 0.004122403 -0.002013709 -0.631131411 -0.004112310 0.999979079 0.004990793 -1.558721662 0.002034241 -0.004982460 0.999985516 108.030662537
0.999995530 0.002890601 -0.000760398 -0.648203552 -0.002885234 0.999971569 0.006967799 -1.575545549 0.000780517 -0.006965574 0.999975443 109.350730896
0.999999344 0.001121096 -0.000252296 -0.656861305 -0.001119090 0.999968827 0.007816317 -1.591215611 0.000261051 -0.007816029 0.999969423 110.698913574
0.999999583 0.000441699 0.000830103 -0.655639350 -0.000446676 0.999981880 0.006005506 -1.610922575 -0.000827436 -0.006005874 0.999981642 112.021446228
0.999995589 0.002643654 0.001333976 -0.656628549 -0.002648597 0.999989569 0.003717564 -1.626879215 -0.001324135 -0.003721080 0.999992192 113.376319885
0.999986649 0.004396884 0.002714603 -0.670456409 -0.004400653 0.999989331 0.001384027 -1.645426512 -0.002708488 -0.001395955 0.999995351 114.696090698
0.999966383 0.007334319 0.003667106 -0.670638144 -0.007339496 0.999972105 0.001400295 -1.664710283 -0.003656734 -0.001427162 0.999992311 116.042495728
0.999946833 0.008775620 0.005419014 -0.676961899 -0.008792932 0.999956310 0.003179142 -1.680005789 -0.005390879 -0.003226622 0.999980271 117.367660522
0.999936879 0.009115998 0.006564186 -0.679640830 -0.009152420 0.999942780 0.005540113 -1.698257208 -0.006513307 -0.005599842 0.999963105 118.701889038
0.999938428 0.008316944 0.007348699 -0.672166109 -0.008360398 0.999947608 0.005902380 -1.712931395 -0.007299225 -0.005963454 0.999955595 120.039810181
0.999927998 0.008650292 0.008318529 -0.669439495 -0.008695526 0.999947548 0.005416981 -1.729347229 -0.008271234 -0.005488925 0.999950707 121.379859924
0.999903202 0.010201651 0.009459392 -0.660526037 -0.010248931 0.999935150 0.004963345 -1.746410608 -0.009408144 -0.005059813 0.999942958 122.719596863
0.999865472 0.012329170 0.010818086 -0.661978066 -0.012377263 0.999913752 0.004389918 -1.761215091 -0.010763029 -0.004523226 0.999931872 124.059989929
0.999845922 0.013039608 0.011751265 -0.652023792 -0.013082843 0.999907911 0.003609881 -1.780648112 -0.011703111 -0.003763065 0.999924421 125.413063049
0.999815702 0.014375756 0.012723266 -0.642147541 -0.014411530 0.999892414 0.002724488 -1.797673821 -0.012682730 -0.002907347 0.999915361 126.762710571
0.999816656 0.013413428 0.013665844 -0.622437477 -0.013446191 0.999906957 0.002308326 -1.813443661 -0.013633610 -0.002491657 0.999903977 128.115722656
0.999816954 0.012612106 0.014385750 -0.613594890 -0.012664867 0.999913394 0.003582353 -1.837496996 -0.014339322 -0.003763890 0.999890089 129.472854614
0.999824584 0.010997492 0.015161145 -0.600452960 -0.011067640 0.999928415 0.004550723 -1.857296705 -0.015110013 -0.004717723 0.999874711 130.820373535
0.999829412 0.010099300 0.015464231 -0.588153422 -0.010175772 0.999936342 0.004874429 -1.871128440 -0.015414018 -0.005030958 0.999868512 132.181808472
0.999851644 0.008121320 0.015190451 -0.564860821 -0.008198026 0.999953926 0.004994140 -1.889063358 -0.015149193 -0.005117930 0.999872148 133.538726807
0.999865353 0.006443547 0.015091222 -0.552097619 -0.006529429 0.999962747 0.005648531 -1.902894378 -0.015054262 -0.005746308 0.999870181 134.906387329
0.999882162 0.004910599 0.014544728 -0.535888195 -0.004989772 0.999972880 0.005412147 -1.923688293 -0.014517757 -0.005484084 0.999879599 136.272674561
0.999901772 0.003962299 0.013445633 -0.524433732 -0.004034820 0.999977410 0.005370822 -1.940589428 -0.013424049 -0.005424545 0.999895155 137.621978760
0.999923885 0.001866412 0.012197914 -0.503207803 -0.001941026 0.999979436 0.006107952 -1.955796361 -0.012186264 -0.006131164 0.999906957 139.005432129
0.999935806 0.001227288 0.011265754 -0.494715780 -0.001297890 0.999979556 0.006261818 -1.971914530 -0.011257838 -0.006276038 0.999916911 140.357025146
0.999952734 0.000483734 0.009711092 -0.476121187 -0.000543183 0.999981105 0.006120062 -1.988313913 -0.009707949 -0.006125047 0.999934137 141.724060059
0.999962687 0.000643686 0.008617287 -0.472584546 -0.000689575 0.999985576 0.005323328 -1.999669194 -0.008613735 -0.005329071 0.999948680 143.078460693
0.999967456 0.000340655 0.008057165 -0.466696560 -0.000382697 0.999986291 0.005217072 -2.023705482 -0.008055277 -0.005219986 0.999953926 144.453216553
0.999972880 -0.002265066 0.007007637 -0.453249097 0.002244574 0.999993205 0.002930772 -2.041873455 -0.007014227 -0.002914963 0.999971151 145.814895630
0.999956191 -0.007391456 0.005748104 -0.435654491 0.007375850 0.999969065 0.002731451 -2.064233780 -0.005768116 -0.002688934 0.999979734 147.184143066
0.999876618 -0.014947281 0.004830264 -0.421909451 0.014921853 0.999874830 0.005258169 -2.084598780 -0.004908254 -0.005185444 0.999974489 148.538192749
0.999750495 -0.022121221 0.003102075 -0.402438760 0.022099929 0.999733090 0.006737861 -2.097998381 -0.003250297 -0.006667624 0.999972463 149.897888184
0.999691010 -0.024732919 0.002483409 -0.403813958 0.024724949 0.999689221 0.003190562 -2.113291979 -0.002561549 -0.003128174 0.999991834 151.254089355
0.999723017 -0.023373967 0.002741204 -0.408376575 0.023374662 0.999726772 -0.000221482 -2.128115416 -0.002735278 0.000285495 0.999996245 152.605422974
0.999792516 -0.020014629 0.003784878 -0.404233664 0.020022390 0.999797463 -0.002024086 -2.155699492 -0.003743601 0.002099448 0.999990761 153.973922729
0.999797702 -0.019599099 0.004518041 -0.404999942 0.019609235 0.999805272 -0.002210087 -2.176439524 -0.004473845 0.002298235 0.999987364 155.330047607
0.999713480 -0.023483163 0.004633811 -0.386866838 0.023474529 0.999722600 0.001908648 -2.214217901 -0.004677346 -0.001799324 0.999987423 156.699295044
0.999595284 -0.027833544 0.005875023 -0.377431870 0.027809277 0.999604523 0.004172707 -2.228418350 -0.005988841 -0.004007638 0.999974012 158.042800903
0.999482155 -0.031689767 0.005587874 -0.361494035 0.031659905 0.999484360 0.005354124 -2.243429899 -0.005754664 -0.005174440 0.999970078 159.413772583
0.999449790 -0.032752179 0.005236217 -0.333945662 0.032725796 0.999451637 0.005047124 -2.254331350 -0.005398650 -0.004872988 0.999973536 160.770202637
0.999494910 -0.031247001 0.005794818 -0.317964882 0.031214323 0.999496758 0.005646665 -2.267382383 -0.005968343 -0.005462931 0.999967277 162.143524170
0.999619842 -0.026603086 0.007238771 -0.325823933 0.026567698 0.999634802 0.004941768 -2.286443472 -0.007367593 -0.004747572 0.999961615 163.486129761
0.999706864 -0.022763822 0.008243744 -0.325213999 0.022742784 0.999737859 0.002636909 -2.303466320 -0.008301609 -0.002448650 0.999962568 164.841644287
0.999761283 -0.019914286 0.008990706 -0.324062109 0.019895094 0.999799609 0.002219096 -2.322804451 -0.009033096 -0.002039695 0.999957144 166.203811646
0.999797583 -0.017934222 0.009118408 -0.302939624 0.017903969 0.999833941 0.003388629 -2.341570854 -0.009177667 -0.003224687 0.999952674 167.583724976
0.999830663 -0.016047025 0.009009494 -0.296615601 0.016023446 0.999868035 0.002683374 -2.353718758 -0.009051366 -0.002538556 0.999955833 168.953079224
0.999866009 -0.014060820 0.008378688 -0.282577246 0.014057243 0.999901056 0.000485579 -2.379225254 -0.008384687 -0.000367733 0.999964774 170.339233398
0.999917090 -0.009876185 0.008262452 -0.290750086 0.009896844 0.999947965 -0.002463119 -2.397655010 -0.008237695 0.002544687 0.999962807 171.693115234
0.999957502 -0.005011356 0.007739232 -0.280882627 0.005039402 0.999980807 -0.003608711 -2.425182581 -0.007720999 0.003647559 0.999963522 173.078460693
0.999966562 -0.000423664 0.008164643 -0.287897676 0.000444643 0.999996603 -0.002567781 -2.444908619 -0.008163529 0.002571325 0.999963343 174.455520630
0.999958098 0.002568385 0.008787403 -0.285484284 -0.002562555 0.999996483 -0.000674652 -2.468043566 -0.008789105 0.000652106 0.999961138 175.844223022
0.999959052 0.002853970 0.008584902 -0.278810501 -0.002868749 0.999994397 0.001709603 -2.491276026 -0.008579975 -0.001734161 0.999961674 177.222152710
0.999970138 -0.000517511 0.007707427 -0.265421480 0.000497325 0.999996424 0.002620671 -2.510570765 -0.007708756 -0.002616760 0.999966860 178.626556396
0.999978304 -0.003210422 0.005750791 -0.249380410 0.003193610 0.999990582 0.002930186 -2.530080557 -0.005760144 -0.002911757 0.999979198 180.025466919
0.999987245 -0.003069062 0.004008484 -0.252230555 0.003074097 0.999994516 -0.001250521 -2.554447412 -0.004004624 0.001262828 0.999991179 181.405258179
0.999996364 -0.001432097 0.002296500 -0.247073233 0.001444621 0.999984026 -0.005461292 -2.579336166 -0.002288642 0.005464589 0.999982476 182.810409546
0.999991655 0.003509425 0.002088207 -0.267843574 -0.003496703 0.999975502 -0.006064944 -2.608648539 -0.002109440 0.006057592 0.999979436 184.211502075
0.999978662 0.006340614 0.001589946 -0.264377028 -0.006332980 0.999968588 -0.004761557 -2.643066168 -0.001620087 0.004751387 0.999987423 185.625457764
0.999962091 0.008544114 0.001666838 -0.269229442 -0.008541313 0.999962091 -0.001680893 -2.655446053 -0.001681137 0.001666592 0.999997199 187.040588379
0.999955416 0.009202354 0.002128183 -0.276813388 -0.009203080 0.999957621 0.000331905 -2.683309078 -0.002125038 -0.000351476 0.999997675 188.454452515
0.999959469 0.008785337 0.001978549 -0.272920489 -0.008787747 0.999960661 0.001212932 -2.702105999 -0.001967815 -0.001230270 0.999997318 189.888275146
0.999974668 0.006875003 0.001849766 -0.267390192 -0.006878366 0.999974668 0.001818370 -2.722185135 -0.001837218 -0.001831047 0.999996662 191.336196899
0.999989033 0.004291312 0.001873510 -0.261743098 -0.004295710 0.999988019 0.002349491 -2.740397215 -0.001863405 -0.002357514 0.999995470 192.790405273
0.999996901 0.001683066 0.001839764 -0.255473197 -0.001687036 0.999996245 0.002158417 -2.756060839 -0.001836125 -0.002161514 0.999996006 194.226364136
0.999996185 -0.001156448 0.002517672 -0.249564871 0.001147898 0.999993563 0.003394801 -2.781760693 -0.002521581 -0.003391898 0.999991059 195.676879883
0.999980628 -0.005561155 0.002785351 -0.236167684 0.005547280 0.999972284 0.004964517 -2.798768759 -0.002812883 -0.004948970 0.999983788 197.137207031
0.999962807 -0.008092222 0.002981171 -0.225004017 0.008078413 0.999956727 0.004615551 -2.811926603 -0.003018392 -0.004591296 0.999984920 198.587966919
0.999976814 -0.005956601 0.003302120 -0.232023999 0.005955218 0.999982178 0.000428596 -2.828357458 -0.003304614 -0.000408921 0.999994457 200.023498535
0.999992847 0.001743600 0.003358722 -0.229327440 -0.001727030 0.999986351 -0.004929959 -2.844889402 -0.003367272 0.004924123 0.999982178 201.472579956
0.999931574 0.010522620 0.005111892 -0.252935052 -0.010497196 0.999932528 -0.004975217 -2.870931149 -0.005163899 0.004921217 0.999974549 202.910293579
0.999804795 0.018694624 0.006396242 -0.266672790 -0.018685689 0.999824345 -0.001453808 -2.900654793 -0.006422298 0.001334006 0.999978483 204.361541748
0.999789238 0.019353598 0.006852972 -0.255680919 -0.019358993 0.999812365 0.000721711 -2.921039581 -0.006837718 -0.000854226 0.999976277 205.831481934
0.999833465 0.017050708 0.006503618 -0.266322076 -0.017061040 0.999853253 0.001536431 -2.949795961 -0.006476467 -0.001647134 0.999977648 207.257934570
0.999885321 0.014193698 0.005277155 -0.261616945 -0.014201660 0.999898076 0.001474431 -2.968195677 -0.005255690 -0.001549206 0.999984980 208.711090088
0.999923885 0.011670599 0.004008358 -0.244211227 -0.011674417 0.999931395 0.000930436 -2.990279198 -0.003997224 -0.000977161 0.999991536 210.201416016
0.999916792 0.012358602 0.003693492 -0.247658119 -0.012359634 0.999923587 0.000256723 -3.008705139 -0.003690037 -0.000302351 0.999993145 211.666641235
0.999899924 0.013724281 0.003428909 -0.255191892 -0.013725803 0.999905705 0.000420573 -3.032623291 -0.003422814 -0.000467595 0.999994040 213.116531372
0.999878645 0.015190835 0.003456895 -0.261220753 -0.015195135 0.999883831 0.001221075 -3.052971125 -0.003437944 -0.001273455 0.999993265 214.577331543
0.999889314 0.014512527 0.003280671 -0.275851339 -0.014515319 0.999894321 0.000828749 -3.081954718 -0.003268297 -0.000876277 0.999994278 216.032028198
0.999897182 0.014035935 0.002941574 -0.275728822 -0.014036176 0.999901474 0.000061312 -3.105205774 -0.002940423 -0.000102594 0.999995649 217.501449585
0.999912977 0.013007028 0.002198813 -0.267639488 -0.013006149 0.999915302 -0.000413817 -3.127727032 -0.002204009 0.000385183 0.999997497 218.965850830
0.999911427 0.013182466 0.001830362 -0.274057508 -0.013181799 0.999913037 -0.000375711 -3.151034117 -0.001835156 0.000351550 0.999998271 220.445098877
0.999906123 0.013595935 0.001712338 -0.279099584 -0.013594628 0.999907315 -0.000772449 -3.173732519 -0.001722682 0.000749098 0.999998212 221.926254272
0.999906659 0.013575529 0.001552382 -0.288026869 -0.013574351 0.999907553 -0.000766776 -3.199722767 -0.001562647 0.000745632 0.999998510 223.407348633
0.999895751 0.014382951 0.001288515 -0.297826678 -0.014381719 0.999896109 -0.000960543 -3.226052046 -0.001302197 0.000941912 0.999998689 224.898361206
0.999902189 0.013934830 0.001174346 -0.313162357 -0.013933578 0.999902368 -0.001068362 -3.250917673 -0.001189119 0.001051895 0.999998748 226.367492676
0.999895513 0.014445112 0.000504272 -0.311852038 -0.014444657 0.999895275 -0.000895787 -3.276825666 -0.000517159 0.000888409 0.999999464 227.873992920
0.999905586 0.013741395 0.000202812 -0.303765565 -0.013741142 0.999904871 -0.001198597 -3.294655561 -0.000219263 0.001195697 0.999999285 229.401458740
0.999925196 0.012204590 0.000826257 -0.352617770 -0.012203524 0.999924719 -0.001282898 -3.323337793 -0.000841852 0.001272719 0.999998808 230.868820190
0.999933898 0.011457770 0.000947268 -0.362577081 -0.011456741 0.999933779 -0.001085387 -3.348561525 -0.000959641 0.001074462 0.999998987 232.364532471
0.999948740 0.010016201 0.001464370 -0.386687785 -0.010015941 0.999949813 -0.000184685 -3.377068996 -0.001466147 0.000170009 0.999998927 233.867889404
0.999955773 0.009318145 0.001263393 -0.391404539 -0.009318436 0.999956548 0.000224384 -3.407392502 -0.001261247 -0.000236147 0.999999166 235.388229370
0.999943018 0.010600472 0.001259295 -0.396328896 -0.010600002 0.999943733 -0.000379766 -3.427684546 -0.001263250 0.000366396 0.999999106 236.883407593
0.999938965 0.010968069 0.001339707 -0.390279204 -0.010966475 0.999939144 -0.001191264 -3.449188709 -0.001352691 0.001176500 0.999998391 238.406692505
0.999920845 0.012449006 0.001811617 -0.393678099 -0.012448051 0.999922395 -0.000537212 -3.467917919 -0.001818164 0.000514618 0.999998212 239.914001465
0.999918282 0.012504183 0.002659530 -0.398818851 -0.012509235 0.999919951 0.001891684 -3.499694109 -0.002635663 -0.001924798 0.999994695 241.427841187
0.999918103 0.012443978 0.002982303 -0.392791122 -0.012450853 0.999919832 0.002298042 -3.520700455 -0.002953467 -0.002334986 0.999992907 242.950775146
0.999915242 0.012612401 0.003231304 -0.386470050 -0.012614137 0.999920309 0.000517378 -3.541852474 -0.003224521 -0.000558094 0.999994636 244.476608276
0.999904990 0.013249433 0.003803193 -0.390566170 -0.013246266 0.999911904 -0.000856664 -3.561205626 -0.003814208 0.000806205 0.999992430 245.996795654
0.999893367 0.014017279 0.004092050 -0.393145680 -0.014015642 0.999901712 -0.000428543 -3.585119963 -0.004097654 0.000371145 0.999991536 247.530715942
0.999906898 0.013092877 0.003841401 -0.390225738 -0.013096507 0.999913812 0.000921276 -3.619020224 -0.003829008 -0.000971500 0.999992192 249.070587158
0.999901533 0.013483688 0.003887979 -0.400823921 -0.013488967 0.999908149 0.001334810 -3.640737057 -0.003869624 -0.001387123 0.999991536 250.610534668
0.999898136 0.013736415 0.003869459 -0.408921719 -0.013742517 0.999904335 0.001554971 -3.672222614 -0.003847729 -0.001607988 0.999991298 252.139083862
0.999877572 0.015075319 0.004185604 -0.413274437 -0.015083063 0.999884605 0.001825003 -3.692888021 -0.004157608 -0.001887912 0.999989569 253.666641235
0.999857366 0.016215734 0.004725785 -0.425694734 -0.016223961 0.999866903 0.001707443 -3.716300964 -0.004697469 -0.001783870 0.999987364 255.204605103
0.999857485 0.016308047 0.004368400 -0.425336063 -0.016317388 0.999864638 0.002111180 -3.743523359 -0.004333379 -0.002182160 0.999988258 256.742584229
0.999876797 0.015080922 0.004353082 -0.421864539 -0.015091353 0.999883294 0.002373397 -3.768634319 -0.004316781 -0.002438798 0.999987721 258.306152344
0.999904990 0.013129382 0.004199763 -0.413401335 -0.013141982 0.999909163 0.002986898 -3.786806107 -0.004160166 -0.003041807 0.999986708 259.869750977
0.999928534 0.011114087 0.004406166 -0.414053351 -0.011130149 0.999931455 0.003637707 -3.810591936 -0.004365434 -0.003686488 0.999983668 261.431121826
0.999943376 0.009736496 0.004289349 -0.405572444 -0.009749339 0.999948025 0.002983497 -3.836508751 -0.004260077 -0.003025147 0.999986351 262.988220215
0.999953687 0.008871906 0.003735986 -0.397806048 -0.008878713 0.999958932 0.001809051 -3.854782104 -0.003719783 -0.001842138 0.999991357 264.558685303
0.999965310 0.007236350 0.004130616 -0.389782846 -0.007250517 0.999967873 0.003425240 -3.872786283 -0.004105696 -0.003455070 0.999985576 266.115234375
0.999972820 0.005405995 0.005014108 -0.400022179 -0.005432467 0.999971271 0.005280916 -3.895323753 -0.004985416 -0.005308011 0.999973476 267.674621582
0.999980152 0.004139843 0.004749751 -0.382778943 -0.004161434 0.999980986 0.004544900 -3.913887501 -0.004730846 -0.004564576 0.999978364 269.241821289
0.999976397 0.003979793 0.005605206 -0.390795201 -0.003998625 0.999986410 0.003352494 -3.932984829 -0.005591788 -0.003374828 0.999978662 270.786071777
0.999970376 0.004328351 0.006363420 -0.388193339 -0.004348273 0.999985695 0.003120142 -3.955885887 -0.006349824 -0.003147720 0.999974906 272.339050293
0.999956489 0.006275807 0.006901108 -0.376259804 -0.006297925 0.999975085 0.003187976 -3.979709387 -0.006880929 -0.003231300 0.999971092 273.898620605
0.999934256 0.008288667 0.007921391 -0.368671685 -0.008310591 0.999961734 0.002738925 -3.999383450 -0.007898386 -0.002804577 0.999964893 275.460601807
0.999918163 0.009287369 0.008795372 -0.359389156 -0.009309634 0.999953568 0.002493962 -4.026966095 -0.008771801 -0.002575640 0.999958217 277.016815186
0.999902129 0.010323483 0.009442815 -0.346191853 -0.010344105 0.999944210 0.002137623 -4.050702572 -0.009420220 -0.002235092 0.999953151 278.567687988
0.999889851 0.010758353 0.010223885 -0.336648911 -0.010775245 0.999940693 0.001598549 -4.080480099 -0.010206080 -0.001708538 0.999946475 280.127685547
0.999892116 0.009800844 0.010941447 -0.321681559 -0.009814733 0.999951124 0.001216403 -4.105663776 -0.010928989 -0.001323659 0.999939382 281.679626465
0.999887586 0.009348715 0.011723055 -0.307661057 -0.009367458 0.999954939 0.001544892 -4.128724098 -0.011708084 -0.001654534 0.999930084 283.250579834
0.999891877 0.007888984 0.012408950 -0.289476603 -0.007924199 0.999964714 0.002791303 -4.153229237 -0.012386492 -0.002889332 0.999919116 284.796081543
0.999899864 0.006846005 0.012384204 -0.266264349 -0.006884131 0.999971688 0.003038633 -4.175836563 -0.012363051 -0.003123584 0.999918699 286.354644775
0.999904633 0.006359351 0.012260489 -0.248768300 -0.006370038 0.999979377 0.000832812 -4.210367680 -0.012254939 -0.000910832 0.999924481 287.921813965
0.999920785 0.004804483 0.011632184 -0.226352826 -0.004790879 0.999987781 -0.001197026 -4.236193180 -0.011637794 0.001141203 0.999931633 289.487335205
0.999932766 0.004773410 0.010565321 -0.211297110 -0.004760130 0.999987841 -0.001281722 -4.261015892 -0.010571311 0.001231344 0.999943376 291.057342529
0.999944389 0.003784455 0.009844618 -0.199803382 -0.003770222 0.999991834 -0.001463905 -4.283467770 -0.009850077 0.001426707 0.999950469 292.638702393
0.999950409 0.004044968 0.009101565 -0.198800907 -0.004026791 0.999989867 -0.002014555 -4.311848640 -0.009109621 0.001977805 0.999956548 294.199951172
0.999957323 0.003811737 0.008417041 -0.192145139 -0.003793995 0.999990523 -0.002122812 -4.344099522 -0.008425053 0.002090787 0.999962330 295.775726318
0.999962568 0.003645475 0.007846367 -0.189962536 -0.003632037 0.999991894 -0.001726346 -4.368464470 -0.007852597 0.001697783 0.999967754 297.366027832
0.999972105 0.003075282 0.006807714 -0.181612045 -0.003064230 0.999993980 -0.001633252 -4.390943527 -0.006812696 0.001612346 0.999975502 298.955871582
0.999980092 0.002664784 0.005724079 -0.181904495 -0.002663722 0.999996424 -0.000193237 -4.420094490 -0.005724573 0.000177986 0.999983609 300.532379150
0.999980986 0.004010185 0.004684336 -0.166428730 -0.004016234 0.999991119 0.001282609 -4.452799320 -0.004679150 -0.001301398 0.999988198 302.125946045
0.999974787 0.004626110 0.005389649 -0.163789570 -0.004633791 0.999988258 0.001413523 -4.475794792 -0.005383047 -0.001438462 0.999984503 303.730834961
0.999968112 0.004940454 0.006275301 -0.162249759 -0.004947090 0.999987245 0.001042338 -4.494632244 -0.006270071 -0.001073350 0.999979794 305.363098145
0.999972463 0.003391997 0.006604599 -0.160047784 -0.003397165 0.999993920 0.000771343 -4.514928341 -0.006601943 -0.000793759 0.999977887 306.982543945
0.999975264 0.001757891 0.006814708 -0.163073212 -0.001758068 0.999998450 0.000020034 -4.544881821 -0.006814662 -0.000032014 0.999976754 308.576446533
0.999975979 0.000117236 0.006926551 -0.149522588 -0.000102805 0.999997795 -0.002083761 -4.570382595 -0.006926781 0.002082999 0.999973834 310.199554443
0.999980390 -0.000590179 0.006232691 -0.137156650 0.000608922 0.999995291 -0.003005757 -4.602068901 -0.006230887 0.003009493 0.999976039 311.828918457
0.999993086 -0.000337719 0.003709285 -0.129501611 0.000351867 0.999992669 -0.003814205 -4.634910107 -0.003707969 0.003815483 0.999985874 313.467773438
0.999998152 0.001115574 0.001580519 -0.131660506 -0.001110481 0.999994218 -0.003219585 -4.660431385 -0.001584102 0.003217824 0.999993563 315.111907959
0.999997318 0.001972247 0.001224095 -0.131960705 -0.001972291 0.999998033 0.000034443 -4.688968658 -0.001224025 -0.000036857 0.999999225 316.765808105
0.999998212 0.000874635 0.001684737 -0.132518724 -0.000880132 0.999994278 0.003265047 -4.714849472 -0.001681871 -0.003266524 0.999993265 318.423278809
0.999998510 -0.000261808 0.001697680 -0.125330284 0.000255188 0.999992371 0.003898501 -4.734842777 -0.001698687 -0.003898062 0.999990940 320.067718506
0.999997318 -0.001180639 0.001991308 -0.135530561 0.001175099 0.999995470 0.002780908 -4.756169796 -0.001994582 -0.002778561 0.999994159 321.718231201
0.999995708 -0.002239176 0.001901269 -0.129282981 0.002233952 0.999993742 0.002745408 -4.773701668 -0.001907405 -0.002741149 0.999994397 323.358734131
0.999994993 -0.002107578 0.002372141 -0.129428506 0.002100861 0.999993801 0.002830511 -4.798528671 -0.002378091 -0.002825513 0.999993205 325.012145996
0.999993622 -0.001914705 0.003022382 -0.131017849 0.001906198 0.999994218 0.002814873 -4.819210529 -0.003027754 -0.002809094 0.999991477 326.642150879
0.999993563 0.000057076 0.003582167 -0.140427992 -0.000063520 0.999998391 0.001798571 -4.841241837 -0.003582058 -0.001798787 0.999991953 328.269134521
0.999991059 0.000518724 0.004193490 -0.133173510 -0.000523942 0.999999106 0.001243456 -4.873495102 -0.004192841 -0.001245642 0.999990463 329.929229736
0.999986947 -0.000977468 0.005015939 -0.130866230 0.000960821 0.999994040 0.003320095 -4.896792412 -0.005019154 -0.003315232 0.999981880 331.566131592
0.999986589 -0.001657335 0.004905517 -0.121246636 0.001638456 0.999991238 0.003849842 -4.917125702 -0.004911854 -0.003841753 0.999980569 333.196472168
0.999983191 -0.003108610 0.004899440 -0.117126606 0.003095808 0.999991775 0.002618317 -4.940722466 -0.004907540 -0.002603105 0.999984562 334.824554443
0.999987602 -0.001701740 0.004674228 -0.108002685 0.001689211 0.999994993 0.002683015 -4.961332321 -0.004678770 -0.002675086 0.999985456 336.446380615
0.999988139 0.000074545 0.004872202 -0.119156003 -0.000077491 0.999999821 0.000604359 -4.987130165 -0.004872156 -0.000604729 0.999987960 338.066070557
0.999990642 0.001753267 0.003952392 -0.113909170 -0.001744435 0.999996006 -0.002236821 -5.012712002 -0.003956298 0.002229905 0.999989688 339.689880371
0.999991179 0.002958541 0.002991516 -0.107565455 -0.002952703 0.999993742 -0.001953991 -5.037537098 -0.002997278 0.001945140 0.999993622 341.326995850
0.999992251 0.003531519 0.001748641 -0.107951365 -0.003534049 0.999992728 0.001445583 -5.064791203 -0.001743523 -0.001451751 0.999997437 342.945098877
0.999987483 0.004826628 0.001338928 -0.122374162 -0.004832624 0.999978125 0.004512107 -5.096687794 -0.001317121 -0.004518521 0.999988914 344.562347412
0.999987483 0.005006036 -0.000166079 -0.122875035 -0.005005447 0.999981761 0.003374920 -5.120132446 0.000182971 -0.003374046 0.999994278 346.179687500
0.999986768 0.004828210 -0.001789749 -0.134233475 -0.004825009 0.999986768 0.001788536 -5.143869400 0.001798361 -0.001779877 0.999996781 347.779541016
0.999988675 0.003109570 -0.003601894 -0.141913787 -0.003097704 0.999989748 0.003295398 -5.169005871 0.003612104 -0.003284203 0.999988079 349.400177002
0.999987602 0.001744851 -0.004662661 -0.149712801 -0.001727895 0.999991894 0.003638007 -5.189497948 0.004668971 -0.003629906 0.999982536 351.014831543
0.999985933 0.001810318 -0.004980370 -0.163224116 -0.001796871 0.999994755 0.002703039 -5.214924335 0.004985237 -0.002694052 0.999983966 352.625885010
0.999984860 0.000990046 -0.005411625 -0.172808617 -0.000978524 0.999997258 0.002131409 -5.245937824 0.005413720 -0.002126081 0.999983072 354.245361328
0.999984503 0.001243024 -0.005423152 -0.187434182 -0.001233089 0.999997556 0.001834782 -5.267160416 0.005425419 -0.001828066 0.999983609 355.857879639
0.999986708 0.000768655 -0.005093509 -0.209681958 -0.000760465 0.999998391 0.001609620 -5.291823864 0.005094738 -0.001605725 0.999985754 357.469299316
0.999986291 0.000634448 -0.005196008 -0.222277716 -0.000629381 0.999999344 0.000976752 -5.317496300 0.005196624 -0.000973468 0.999986053 359.067413330
0.999987006 0.000227602 -0.005097318 -0.241919592 -0.000227066 0.999999940 0.000105851 -5.335549355 0.005097342 -0.000104692 0.999987006 360.696502686
0.999986291 -0.000535387 -0.005210974 -0.248739511 0.000538930 0.999999642 0.000678584 -5.375306129 0.005210608 -0.000681383 0.999986172 362.281799316
0.999985456 0.000003153 -0.005390523 -0.255377352 -0.000005098 0.999999940 -0.000360842 -5.399282455 0.005390521 0.000360864 0.999985397 363.892425537
0.999983490 -0.001699795 -0.005492363 -0.264975697 0.001692537 0.999997675 -0.001325905 -5.434355259 0.005494604 0.001316587 0.999984026 365.482452393
0.999981046 -0.003303219 -0.005200000 -0.284644693 0.003306419 0.999994338 0.000606981 -5.462913990 0.005197965 -0.000624163 0.999986291 367.086090088
0.999972761 -0.005237374 -0.005205478 -0.291517705 0.005245121 0.999985158 0.001475663 -5.488219261 0.005197672 -0.001502926 0.999985337 368.691772461
0.999974668 -0.005001100 -0.005067411 -0.309218228 0.005003408 0.999987364 0.000442704 -5.516620636 0.005065133 -0.000468048 0.999987066 370.310760498
0.999980807 -0.003820329 -0.004882319 -0.320835620 0.003818942 0.999992669 -0.000293313 -5.540338039 0.004883404 0.000274662 0.999988019 371.925109863
0.999988139 -0.002567776 -0.004134125 -0.346323818 0.002571529 0.999996305 0.000902630 -5.568954468 0.004131792 -0.000913250 0.999991059 373.544555664
0.999994755 -0.000763412 -0.003147528 -0.365906030 0.000769354 0.999997914 0.001887146 -5.593579292 0.003146081 -0.001889558 0.999993265 375.149932861
0.999994576 -0.000708522 -0.003210355 -0.372594595 0.000714139 0.999998212 0.001748835 -5.625128269 0.003209110 -0.001751118 0.999993324 376.771545410
0.999994993 -0.000616046 -0.003103927 -0.384570539 0.000618527 0.999999464 0.000798260 -5.647168636 0.003103433 -0.000800176 0.999994874 378.392486572
0.999995708 -0.000647316 -0.002867525 -0.398183882 0.000648941 0.999999642 0.000565938 -5.673922539 0.002867158 -0.000567797 0.999995708 380.011718750
0.999997497 -0.000146094 -0.002220576 -0.410078317 0.000146829 0.999999940 0.000330944 -5.699602127 0.002220528 -0.000331269 0.999997497 381.642456055
0.999996841 0.001145404 -0.002238175 -0.417088360 -0.001144130 0.999999166 0.000570582 -5.721881866 0.002238827 -0.000568020 0.999997318 383.281463623
0.999993682 0.003033241 -0.001861254 -0.423160017 -0.003030958 0.999994636 0.001228089 -5.748516083 0.001864970 -0.001222439 0.999997497 384.912902832
0.999993980 0.002925499 -0.001857261 -0.426067889 -0.002924614 0.999995589 0.000478888 -5.760582447 0.001858654 -0.000473453 0.999998152 386.542968750
