1.000000000 0.000000000 0.000000000 0.000000000 0.000000000 1.000000000 0.000000000 0.000000000 0.000000000 0.000000000 1.000000000 0.000000000
0.999999821 -0.000023494 0.000640568 -0.019809920 0.000023261 0.999999940 0.000364602 -0.001669912 -0.000640576 -0.000364587 0.999999702 0.305070370
0.999998987 0.000593912 0.001275176 -0.046308164 -0.000594800 0.999999583 0.000695634 -0.001574858 -0.001274763 -0.000696392 0.999998927 0.606736839
0.999998808 0.000290602 0.001514949 -0.055350017 -0.000291074 0.999999881 0.000311558 -0.005390465 -0.001514859 -0.000311999 0.999998808 0.919476867
0.999997556 0.000683465 0.002101290 -0.079248212 -0.000683972 0.999999762 0.000240613 -0.013058055 -0.002101125 -0.000242049 0.999997735 1.198200226
0.999996722 0.000350255 0.002528508 -0.096453674 -0.000352000 0.999999702 0.000689509 -0.016676031 -0.002528266 -0.000690397 0.999996543 1.577228308
0.999995410 0.000111348 0.003025822 -0.110564813 -0.000112550 0.999999940 0.000397043 -0.020690611 -0.003025778 -0.000397382 0.999995351 1.889073968
0.999996185 -0.000300936 0.002735633 -0.105796054 0.000300187 0.999999940 0.000274231 -0.020750646 -0.002735715 -0.000273409 0.999996245 2.253717899
0.999997675 -0.000217644 0.002143315 -0.106527910 0.000216522 0.999999821 0.000523731 -0.025625743 -0.002143429 -0.000523266 0.999997556 2.584101439
0.999998391 0.000706744 0.001654327 -0.101223141 -0.000707610 0.999999642 0.000523049 -0.035900429 -0.001653957 -0.000524218 0.999998510 2.916545630
0.999997616 0.001010868 0.001947258 -0.114619762 -0.001011841 0.999999344 0.000498788 -0.039816555 -0.001946752 -0.000500757 0.999997973 3.149590969
0.999998212 0.000718619 0.001745995 -0.138870940 -0.000719465 0.999999642 0.000483743 -0.040849391 -0.001745647 -0.000484998 0.999998331 3.551663160
0.999999166 0.000138661 0.001276507 -0.129394621 -0.000139646 0.999999702 0.000771053 -0.037349470 -0.001276400 -0.000771231 0.999998868 3.864320755
0.999999404 0.000555943 0.000915556 -0.118934967 -0.000556324 0.999999762 0.000416014 -0.042841103 -0.000915324 -0.000416523 0.999999523 4.187500954
0.999999702 0.000613940 0.000451119 -0.124240696 -0.000613902 0.999999821 -0.000085234 -0.046651486 -0.000451172 0.000084957 0.999999881 4.495737553
0.999999642 0.000843615 0.000153306 -0.137722716 -0.000843617 0.999999642 0.000009632 -0.057700384 -0.000153298 -0.000009761 1.000000000 4.820300579
0.999999523 0.001001645 -0.000050108 -0.140453100 -0.001001631 0.999999464 0.000296303 -0.060175441 0.000050405 -0.000296253 0.999999940 5.123661995
0.999998510 0.001672632 -0.000443355 -0.147641718 -0.001672551 0.999998569 0.000183768 -0.068335496 0.000443662 -0.000183026 0.999999881 5.446849346
0.999999046 0.001264111 -0.000566261 -0.152042776 -0.001263916 0.999999166 0.000344396 -0.070321850 0.000566696 -0.000343680 0.999999762 5.728255749
0.999998510 0.001641041 -0.000513510 -0.155883715 -0.001641123 0.999998629 -0.000160231 -0.075338103 0.000513246 0.000161074 0.999999881 6.051386356
0.999999046 0.001299402 -0.000498342 -0.160028353 -0.001299468 0.999999166 -0.000131187 -0.077906244 0.000498171 0.000131835 0.999999881 6.334937572
0.999998689 0.001263988 -0.000987513 -0.163836449 -0.001264121 0.999999166 -0.000134035 -0.085359924 0.000987343 0.000135284 0.999999523 6.649637222
0.999998927 0.001087169 -0.000989988 -0.164034694 -0.001087472 0.999999344 -0.000305562 -0.086242847 0.000989656 0.000306638 0.999999464 6.934881687
0.999998033 0.001785318 -0.000830671 -0.169447735 -0.001785647 0.999998331 -0.000395844 -0.092776641 0.000829963 0.000397327 0.999999583 7.215840340
0.999998629 0.001404781 -0.000844525 -0.163832977 -0.001404643 0.999998987 0.000163910 -0.098924294 0.000844755 -0.000162723 0.999999642 7.486253738
0.999997973 0.001883132 -0.000673065 -0.178146124 -0.001882725 0.999998033 0.000604915 -0.105043605 0.000674203 -0.000603647 0.999999583 7.799580574
0.999996603 0.002561094 -0.000536352 -0.182587057 -0.002560929 0.999996662 0.000309657 -0.103292488 0.000537143 -0.000308283 0.999999821 8.071704865
0.999996603 0.002490370 -0.000790020 -0.180207372 -0.002490344 0.999996901 0.000033940 -0.108830325 0.000790102 -0.000031972 0.999999702 8.351506233
0.999996483 0.002539821 -0.000756444 -0.183856457 -0.002539405 0.999996603 0.000550722 -0.113685340 0.000757840 -0.000548799 0.999999583 8.623795509
0.999995351 0.002983807 -0.000580442 -0.186286300 -0.002983195 0.999994993 0.001052801 -0.125548273 0.000583581 -0.001051064 0.999999285 8.889740944
0.999996364 0.002665119 -0.000359333 -0.190649465 -0.002664910 0.999996305 0.000582500 -0.129631609 0.000360884 -0.000581540 0.999999762 9.147983551
0.999997616 0.002187007 0.000008205 -0.191262782 -0.002187011 0.999997497 0.000517349 -0.126040071 -0.000007073 -0.000517366 0.999999881 9.415248871
0.999996722 0.002550152 0.000172291 -0.192099363 -0.002550302 0.999996364 0.000876501 -0.133160800 -0.000170055 -0.000876937 0.999999583 9.651968956
0.999996483 0.002651583 0.000224637 -0.198177293 -0.002651729 0.999996245 0.000652766 -0.133733481 -0.000222905 -0.000653359 0.999999762 9.926185608
0.999995291 0.003067476 0.000106914 -0.200055987 -0.003067442 0.999995232 -0.000315935 -0.136593729 -0.000107883 0.000315606 0.999999940 10.178888321
0.999997020 0.002439392 0.000253851 -0.204570845 -0.002439145 0.999996543 -0.000966610 -0.137663990 -0.000256208 0.000965988 0.999999523 10.438302040
0.999997497 0.002218061 0.000209891 -0.210561872 -0.002217752 0.999996483 -0.001462168 -0.139695480 -0.000213133 0.001461699 0.999998927 10.698095322
0.999996066 0.002803668 0.000188632 -0.213190317 -0.002803316 0.999994397 -0.001839870 -0.149211973 -0.000193789 0.001839334 0.999998271 10.952897072
0.999996066 0.002788090 0.000239901 -0.229092300 -0.002787604 0.999994099 -0.002002431 -0.153554738 -0.000245482 0.002001755 0.999997973 11.214008331
0.999996662 0.002558758 -0.000297880 -0.231839612 -0.002559354 0.999994695 -0.002016619 -0.164136782 0.000292719 0.002017375 0.999997914 11.472112656
0.999996364 0.002618918 -0.000640685 -0.251899302 -0.002620378 0.999993920 -0.002288712 -0.166423187 0.000634687 0.002290383 0.999997199 11.736038208
0.999995232 0.002846749 -0.001205709 -0.281822443 -0.002850309 0.999991536 -0.002961809 -0.160032377 0.001197267 0.002965232 0.999994874 12.050325394
0.999992847 0.003371265 -0.001724777 -0.298971564 -0.003376782 0.999989152 -0.003205975 -0.163170114 0.001713950 0.003211776 0.999993384 12.328983307
0.999991834 0.003505477 -0.002016827 -0.315620542 -0.003512169 0.999988317 -0.003323839 -0.174618527 0.002005151 0.003330896 0.999992430 12.616313934
0.999991357 0.003700368 -0.001898659 -0.381932437 -0.003708177 0.999984622 -0.004125677 -0.161006331 0.001883363 0.004132682 0.999989688 12.924084663
0.999993384 0.002919060 -0.002158203 -0.477231562 -0.002928687 0.999985695 -0.004471350 -0.158274487 0.002145120 0.004477641 0.999987662 13.329542160
0.999993086 0.003203267 -0.001874718 -0.523296297 -0.003212704 0.999982059 -0.005052968 -0.152823061 0.001858498 0.005058957 0.999985456 13.628705025
0.999992490 0.003431277 -0.001805396 -0.581808984 -0.003440905 0.999979734 -0.005356967 -0.145444915 0.001786978 0.005363139 0.999984026 13.973466873
0.999993682 0.003303777 -0.001322543 -0.627403200 -0.003311009 0.999979377 -0.005503650 -0.140468866 0.001304333 0.005507994 0.999983966 14.265289307
0.999994814 0.003188086 -0.000403305 -0.671733022 -0.003190394 0.999977767 -0.005857079 -0.136536911 0.000384623 0.005858336 0.999982774 14.549674034
0.999993563 0.003491939 0.000828948 -0.688235760 -0.003486992 0.999976516 -0.005895977 -0.138848454 -0.000849517 0.005893048 0.999982297 14.783160210
0.999981999 0.005344989 0.002732199 -0.737438142 -0.005327653 0.999965906 -0.006313359 -0.137032136 -0.002765851 0.006298690 0.999976337 15.068698883
0.999984980 0.004824470 0.002601329 -0.730515838 -0.004808272 0.999969244 -0.006197577 -0.141065657 -0.002631149 0.006184976 0.999977410 15.310835838
0.999982357 0.005157485 0.002939125 -0.710339129 -0.005138576 0.999966264 -0.006405315 -0.154104277 -0.002972061 0.006390099 0.999975145 15.534706116
0.999977887 0.005816237 0.003225581 -0.703952491 -0.005792872 0.999957263 -0.007206413 -0.159579992 -0.003267358 0.007187568 0.999968827 15.815459251
0.999975622 0.005995503 0.003571479 -0.758525729 -0.005968998 0.999954879 -0.007386261 -0.145311520 -0.003615602 0.007364763 0.999966323 16.218667984
0.999983191 0.004917176 0.003065194 -0.719007075 -0.004895572 0.999963403 -0.007016209 -0.155505791 -0.003099582 0.007001085 0.999970675 16.472860336
0.999977589 0.005407454 0.003947401 -0.730739594 -0.005379915 0.999961376 -0.006954240 -0.167743877 -0.003984854 0.006932848 0.999968052 16.823261261
0.999974728 0.005797492 0.004109426 -0.730967283 -0.005767142 0.999956310 -0.007359210 -0.171917230 -0.004151911 0.007335324 0.999964476 17.178298950
0.999973774 0.005923615 0.004162352 -0.745394230 -0.005893324 0.999956310 -0.007252411 -0.173776463 -0.004205131 0.007227691 0.999965012 17.573932648
0.999976993 0.005614870 0.003803743 -0.729976475 -0.005590541 0.999964058 -0.006376862 -0.179986253 -0.003839411 0.006355450 0.999972463 17.940603256
0.999977767 0.005177566 0.004202534 -0.800411284 -0.005149788 0.999965012 -0.006593849 -0.171389237 -0.004236527 0.006572060 0.999969423 18.454643250
0.999979377 0.005331676 0.003588227 -0.788700819 -0.005308917 0.999965906 -0.006322348 -0.181996569 -0.003621813 0.006303167 0.999973595 18.861957550
0.999982119 0.005039554 0.003215022 -0.818558216 -0.005023956 0.999975681 -0.004841367 -0.175717831 -0.003239342 0.004825129 0.999983132 19.343959808
0.999983072 0.004835913 0.003241556 -0.839926183 -0.004827108 0.999984682 -0.002718651 -0.177262187 -0.003254654 0.002702957 0.999991059 19.812774658
0.999979496 0.005215777 0.003708363 -0.875749648 -0.005214528 0.999986351 -0.000346373 -0.202546969 -0.003710119 0.000327029 0.999993086 20.223716736
0.999987721 0.004321190 0.002427251 -0.827025354 -0.004326312 0.999988437 0.002109230 -0.209432289 -0.002418108 -0.002119705 0.999994814 20.554454803
0.999991059 0.003763368 0.001916720 -0.803538859 -0.003770056 0.999986768 0.003497934 -0.210018814 -0.001903531 -0.003505129 0.999992073 20.874128342
0.999986231 0.003914827 0.003497723 -0.780266523 -0.003925485 0.999987662 0.003045541 -0.203366831 -0.003485757 -0.003059229 0.999989271 21.164337158
0.999987423 0.003783957 0.003292311 -0.750265300 -0.003793844 0.999988317 0.003002075 -0.202660739 -0.003280913 -0.003014528 0.999990046 21.482114792
0.999988079 0.003194157 0.003688681 -0.740329981 -0.003207067 0.999988735 0.003499396 -0.211455703 -0.003677462 -0.003511184 0.999987066 21.812526703
0.999988019 0.004110865 0.002657804 -0.711387515 -0.004118824 0.999987006 0.002996305 -0.222908467 -0.002645452 -0.003007216 0.999991953 22.144577026
0.999984205 0.005222168 0.002080245 -0.713059127 -0.005229843 0.999979496 0.003700995 -0.234705687 -0.002060876 -0.003711816 0.999991000 22.543731689
0.999984503 0.005443288 0.001165749 -0.708913326 -0.005447740 0.999977767 0.003850099 -0.241185322 -0.001144765 -0.003856390 0.999991894 22.902643204
0.999988973 0.004608522 0.000885316 -0.695881009 -0.004611977 0.999981582 0.003940976 -0.249879435 -0.000867138 -0.003945015 0.999991834 23.236009598
0.999968231 0.007891000 0.001107768 -0.672380269 -0.007895038 0.999962032 0.003688258 -0.265762746 -0.001078622 -0.003696887 0.999992609 23.557796478
0.999978065 0.006624242 -0.000021232 -0.617595613 -0.006624091 0.999969006 0.004252802 -0.275649250 0.000049403 -0.004252568 0.999990940 23.820152283
0.999993920 0.002730339 -0.002170051 -0.533413112 -0.002721198 0.999987483 0.004204360 -0.275355816 0.002181503 -0.004198429 0.999988794 24.061649323
0.999961555 0.008237088 -0.003005115 -0.533333659 -0.008224449 0.999957383 0.004194139 -0.300999731 0.003039535 -0.004169262 0.999986708 24.404853821
0.999938726 0.010322743 -0.003999980 -0.558375776 -0.010305222 0.999937296 0.004376475 -0.308338255 0.004044906 -0.004334987 0.999982417 24.876874924
0.999945045 0.009757069 -0.003839883 -0.580542743 -0.009739584 0.999942243 0.004545928 -0.308086932 0.003884016 -0.004508279 0.999982297 25.304039001
0.999937177 0.010177718 -0.004697950 -0.576032877 -0.010158288 0.999939799 0.004141509 -0.325069636 0.004739818 -0.004093526 0.999980390 25.651252747
0.999957561 0.007703073 -0.005051941 -0.556159198 -0.007688190 0.999966085 0.002958852 -0.314650834 0.005074562 -0.002919886 0.999982834 26.041276932
0.999953568 0.007652377 -0.005860759 -0.534930944 -0.007633653 0.999965727 0.003210563 -0.326620072 0.005885127 -0.003165675 0.999977648 26.394374847
0.999947608 0.008575345 -0.005587864 -0.550538242 -0.008561074 0.999960065 0.002572994 -0.330656707 0.005609705 -0.002525021 0.999981105 26.776617050
0.999947071 0.008090124 -0.006354972 -0.538291752 -0.008076450 0.999965012 0.002174625 -0.339416891 0.006372343 -0.002123184 0.999977469 27.170156479
0.999944687 0.008418133 -0.006306697 -0.551814735 -0.008403126 0.999961793 0.002402219 -0.343416542 0.006326678 -0.002349090 0.999977231 27.590713501
0.999939203 0.009313008 -0.005903039 -0.559455097 -0.009297300 0.999953151 0.002682866 -0.351543456 0.005927749 -0.002627821 0.999978960 27.987445831
0.999947488 0.007693068 -0.006774364 -0.552657604 -0.007676381 0.999967456 0.002485827 -0.353695959 0.006793267 -0.002433694 0.999973953 28.391759872
0.999937057 0.008662584 -0.007129298 -0.564273655 -0.008648585 0.999960601 0.001992102 -0.357434720 0.007146274 -0.001930319 0.999972582 28.806243896
0.999945939 0.008078746 -0.006549899 -0.573226750 -0.008066649 0.999965727 0.001871265 -0.354109794 0.006564792 -0.001818328 0.999976814 29.226144791
0.999943316 0.008364942 -0.006585468 -0.566011667 -0.008350965 0.999962807 0.002147168 -0.365705520 0.006603184 -0.002092051 0.999976039 29.589704514
0.999951482 0.007345332 -0.006560307 -0.578200698 -0.007330582 0.999970555 0.002269547 -0.366395086 0.006576785 -0.002221346 0.999975920 30.034076691
0.999948025 0.008154538 -0.006116579 -0.603228569 -0.008137661 0.999963045 0.002778851 -0.370841146 0.006139013 -0.002728932 0.999977410 30.463258743
0.999954283 0.007138654 -0.006365920 -0.597430050 -0.007117882 0.999969304 0.003279643 -0.374889106 0.006389137 -0.003234181 0.999974370 30.858196259
0.999957561 0.006983391 -0.006012943 -0.633519173 -0.006967151 0.999972045 0.002717494 -0.366633803 0.006031752 -0.002675485 0.999978244 31.293628693
0.999953330 0.007965410 -0.005469582 -0.632778943 -0.007951607 0.999965131 0.002540831 -0.380143195 0.005489630 -0.002497220 0.999981821 31.686191559
0.999952912 0.008270836 -0.005074188 -0.637896717 -0.008258221 0.999962747 0.002502070 -0.388076931 0.005094693 -0.002460049 0.999983966 32.058776855
0.999960303 0.007128100 -0.005345535 -0.654745340 -0.007115592 0.999971926 0.002355240 -0.382227391 0.005362173 -0.002317110 0.999982953 32.487941742
0.999960482 0.007321154 -0.005048950 -0.663452506 -0.007308229 0.999969959 0.002573543 -0.386795372 0.005067640 -0.002536542 0.999983966 32.869720459
0.999960780 0.007388467 -0.004880760 -0.674830556 -0.007376269 0.999969661 0.002512450 -0.385967940 0.004899175 -0.002476349 0.999984920 33.259952545
0.999951839 0.008299163 -0.005242611 -0.692450941 -0.008285650 0.999962330 0.002593839 -0.391353786 0.005263940 -0.002550275 0.999982893 33.650241852
0.999966860 0.006331918 -0.005117638 -0.702484310 -0.006317366 0.999975979 0.002854806 -0.389476448 0.005135591 -0.002822381 0.999982834 34.033638000
0.999960184 0.007570190 -0.004725035 -0.736403286 -0.007555766 0.999966741 0.003063013 -0.397745997 0.004748066 -0.003027189 0.999984145 34.421115875
0.999964774 0.006363070 -0.005475041 -0.729655564 -0.006342995 0.999973118 0.003676114 -0.391635358 0.005498285 -0.003641257 0.999978244 34.780876160
0.999953151 0.007708572 -0.005857415 -0.748519242 -0.007688967 0.999964774 0.003362234 -0.395918608 0.005883126 -0.003317039 0.999977171 35.149940491
0.999963760 0.005705112 -0.006323411 -0.761787474 -0.005684341 0.999978423 0.003297892 -0.390260547 0.006342090 -0.003261828 0.999974549 35.531326294
0.999951661 0.007009944 -0.006894258 -0.786736667 -0.006984190 0.999968588 0.003752693 -0.395710975 0.006920347 -0.003704361 0.999969184 35.887722015
0.999953866 0.006450476 -0.007116728 -0.800191939 -0.006419417 0.999969780 0.004378567 -0.396492064 0.007144757 -0.004332679 0.999965072 36.252277374
0.999950588 0.006358498 -0.007644523 -0.825994432 -0.006325147 0.999970436 0.004379088 -0.395889461 0.007672142 -0.004330519 0.999961197 36.625648499
0.999945045 0.006344132 -0.008347499 -0.855529547 -0.006311005 0.999972105 0.003988883 -0.395272136 0.008372572 -0.003935983 0.999957204 37.003463745
0.999938190 0.006428946 -0.009073531 -0.893237948 -0.006392653 0.999971449 0.004023187 -0.395117581 0.009099137 -0.003964934 0.999950767 37.374389648
0.999931514 0.005946725 -0.010081983 -0.900341749 -0.005899255 0.999971390 0.004731583 -0.394642293 0.010109833 -0.004671783 0.999937952 37.712059021
0.999920726 0.006828054 -0.010578468 -0.933768332 -0.006777792 0.999965608 0.004779898 -0.400194943 0.010610741 -0.004707821 0.999932647 38.065429688
0.999928713 0.005142969 -0.010776448 -0.990486443 -0.005095142 0.999977052 0.004460781 -0.390232831 0.010799143 -0.004405556 0.999931991 38.466171265
0.999915063 0.006355294 -0.011380686 -1.021500349 -0.006306686 0.999970853 0.004301882 -0.391203463 0.011407695 -0.004229742 0.999925971 38.810443878
0.999911487 0.005202106 -0.012246512 -1.055993438 -0.005145803 0.999976039 0.004624513 -0.387548417 0.012270276 -0.004561085 0.999914289 39.160217285
0.999896407 0.006177885 -0.012999880 -1.098508000 -0.006118583 0.999970734 0.004596533 -0.389669418 0.013027896 -0.004516516 0.999904931 39.495101929
0.999905705 0.004696388 -0.012902673 -1.115585923 -0.004638360 0.999979019 0.004523627 -0.389390051 0.012923647 -0.004463353 0.999906540 39.824550629
0.999901175 0.005558811 -0.012912991 -1.180489779 -0.005504311 0.999975801 0.004252290 -0.379045486 0.012936317 -0.004180792 0.999907553 40.167690277
0.999900699 0.005986811 -0.012759329 -1.227030754 -0.005927927 0.999971628 0.004647790 -0.395214021 0.012786792 -0.004571692 0.999907792 40.484626770
0.999898970 0.006184388 -0.012799428 -1.284561157 -0.006120522 0.999968648 0.005022920 -0.395560175 0.012830090 -0.004944073 0.999905467 40.807186127
0.999911666 0.005946611 -0.011889289 -1.348190904 -0.005891647 0.999971807 0.004652698 -0.382499486 0.011916623 -0.004582239 0.999918520 41.111175537
0.999916732 0.005426347 -0.011708477 -1.410572052 -0.005369520 0.999973655 0.004879497 -0.376305163 0.011734646 -0.004816222 0.999919534 41.405334473
0.999898076 0.006310098 -0.012806714 -1.418755054 -0.006241314 0.999965906 0.005403802 -0.382239074 0.012840376 -0.005323321 0.999903381 41.767063141
0.999901295 0.007019085 -0.012168564 -1.474259377 -0.006958164 0.999963105 0.005041543 -0.381408989 0.012203502 -0.004956375 0.999913275 42.153636932
0.999900639 0.007346433 -0.012028668 -1.529552341 -0.007295177 0.999964118 0.004299477 -0.372220784 0.012059823 -0.004211299 0.999918401 42.488956451
0.999912083 0.006057724 -0.011793900 -1.543807149 -0.005997561 0.999968827 0.005129939 -0.382592380 0.011824609 -0.005058753 0.999917269 42.724578857
0.999913275 0.006383170 -0.011517009 -1.586594343 -0.006318220 0.999963999 0.005667076 -0.385503799 0.011552768 -0.005593818 0.999917626 43.043628693
0.999918044 0.006719021 -0.010896374 -1.642438173 -0.006661500 0.999963760 0.005306605 -0.376364112 0.010931634 -0.005233584 0.999926567 43.320465088
0.999929130 0.006629317 -0.009887294 -1.704146147 -0.006579849 0.999965727 0.005027337 -0.377062380 0.009920283 -0.004961924 0.999938488 43.627857208
0.999936044 0.006763620 -0.009067120 -1.746089339 -0.006722475 0.999966979 0.004560582 -0.366155356 0.009097667 -0.004499337 0.999948502 43.879806519
0.999939203 0.007214130 -0.008342088 -1.798303008 -0.007176254 0.999963820 0.004561453 -0.368387669 0.008374693 -0.004501311 0.999954820 44.156497955
0.999942362 0.007435648 -0.007745886 -1.844210625 -0.007398878 0.999961257 0.004764882 -0.362401903 0.007781016 -0.004707296 0.999958634 44.384281158
0.999939740 0.007748833 -0.007777615 -1.798627734 -0.007711383 0.999958575 0.004833633 -0.370627016 0.007814747 -0.004773365 0.999958098 44.492000580
0.999923468 0.007928725 -0.009496047 -1.762432456 -0.007881478 0.999956429 0.005002506 -0.367606521 0.009535297 -0.004927280 0.999942422 44.694061279
0.999913573 0.009020263 -0.009562132 -1.757084250 -0.008971012 0.999946356 0.005181099 -0.379995406 0.009608353 -0.005094870 0.999940872 44.896545410
0.999889255 0.009422392 -0.011521788 -1.785015464 -0.009360854 0.999941707 0.005383350 -0.387162209 0.011571840 -0.005274900 0.999919116 45.180034637
0.999893665 0.009386816 -0.011160429 -1.854802012 -0.009334372 0.999945164 0.004741877 -0.378214538 0.011204327 -0.004637198 0.999926448 45.441165924
0.999904931 0.008100384 -0.011159210 -1.854575396 -0.008045332 0.999955297 0.004969391 -0.374418408 0.011198965 -0.004879139 0.999925375 45.585586548
0.999901414 0.008982055 -0.010793225 -1.808629274 -0.008934390 0.999950171 0.004456363 -0.375421852 0.010832714 -0.004359493 0.999931812 45.655635834
0.999905229 0.008642483 -0.010717885 -1.833586454 -0.008598674 0.999954522 0.004126801 -0.374943256 0.010753063 -0.004034250 0.999934018 45.849197388
0.999894142 0.010223946 -0.010350806 -1.816371202 -0.010175082 0.999936879 0.004762454 -0.399483144 0.010398843 -0.004656630 0.999935091 45.974685669
0.999875665 0.011186964 -0.011112540 -1.869572401 -0.011136659 0.999927521 0.004578376 -0.398059607 0.011162953 -0.004454050 0.999927759 46.224506378
0.999887049 0.009983000 -0.011235207 -1.930408835 -0.009940709 0.999943316 0.003813779 -0.382663488 0.011272644 -0.003701662 0.999929607 46.475543976
0.999902546 0.010369989 -0.009349535 -1.893893480 -0.010340356 0.999941349 0.003212261 -0.390407920 0.009382298 -0.003115270 0.999951124 46.506389618
0.999911904 0.010481951 -0.008139770 -1.923101664 -0.010455097 0.999939799 0.003334677 -0.399762243 0.008174234 -0.003249282 0.999961317 46.688140869
0.999888420 0.013261029 -0.006878946 -1.961717606 -0.013242043 0.999908388 0.002798471 -0.405865490 0.006915427 -0.002707067 0.999972403 46.881484985
0.999919832 0.011382587 -0.005549638 -2.001287699 -0.011367163 0.999931455 0.002802984 -0.388073355 0.005581162 -0.002739676 0.999980688 47.066341400
0.999931276 0.010975793 -0.004126415 -2.028995275 -0.010966558 0.999937296 0.002254103 -0.384132445 0.004150896 -0.002208695 0.999988973 47.231407166
0.999921381 0.012365449 -0.002069768 -2.106247187 -0.012361674 0.999921918 0.001827166 -0.381193161 0.002092200 -0.001801437 0.999996185 47.484138489
0.999909878 0.013420605 -0.000405438 -2.155271530 -0.013419881 0.999908447 0.001740120 -0.391890198 0.000428754 -0.001734523 0.999998391 47.694293976
0.999902129 0.013868586 0.001852804 -2.205516815 -0.013870002 0.999903500 0.000753115 -0.390538633 -0.001842180 -0.000778739 0.999997973 47.894020081
0.999925196 0.011948603 0.002622699 -2.270517111 -0.011951085 0.999928176 0.000932791 -0.377606094 -0.002611365 -0.000964065 0.999996126 48.166717529
0.999897718 0.013657224 0.004246447 -2.324121475 -0.013660355 0.999906421 0.000709307 -0.382419109 -0.004236362 -0.000767243 0.999990761 48.412548065
0.999892414 0.013179370 0.006439501 -2.403477669 -0.013176464 0.999913037 -0.000493557 -0.375638843 -0.006445446 0.000408655 0.999979138 48.664363861
0.999880970 0.012910989 0.008444894 -2.450242043 -0.012892678 0.999914408 -0.002219082 -0.384903729 -0.008472822 0.002109941 0.999961853 48.914760590
0.999863327 0.012541785 0.010771052 -2.513075829 -0.012498969 0.999913752 -0.004033252 -0.373556077 -0.010820707 0.003898074 0.999933839 49.200202942
0.999825358 0.013139443 0.013288014 -2.555087566 -0.013083939 0.999905348 -0.004255405 -0.379608452 -0.013342670 0.004080803 0.999902666 49.487480164
0.999756396 0.014473945 0.016663253 -2.617132664 -0.014417322 0.999889910 -0.003513165 -0.371277571 -0.016712269 0.003272070 0.999854982 49.807407379
0.999663532 0.015385474 0.020883953 -2.695083380 -0.015326222 0.999878049 -0.002994322 -0.353189230 -0.020927476 0.002673243 0.999777436 50.149078369
0.999560356 0.015605854 0.025209438 -2.749795914 -0.015528088 0.999874055 -0.003277619 -0.339398533 -0.025257414 0.002884724 0.999676824 50.501296997
0.999417782 0.016152654 0.030053148 -2.776531458 -0.016052626 0.999864817 -0.003566668 -0.337850213 -0.030106695 0.003082160 0.999541938 50.784843445
0.999276578 0.014219151 0.035271935 -2.785810232 -0.014131972 0.999896467 -0.002719717 -0.336886913 -0.035306953 0.002219288 0.999374032 51.043621063
0.999069452 0.013320446 0.041021250 -2.812082529 -0.013236766 0.999909699 -0.002310875 -0.335384846 -0.041048326 0.001765736 0.999155581 51.340835571
0.998908520 0.013525904 0.044708651 -2.780146837 -0.013420933 0.999906421 -0.002647236 -0.334062815 -0.044740275 0.002044315 0.998996556 51.580276489
0.998640418 0.015214090 0.049858388 -2.756661892 -0.015047072 0.999879837 -0.003723516 -0.339928001 -0.049909048 0.002968231 0.998749375 51.833042145
0.998287559 0.014718575 0.056615520 -2.783214092 -0.014394648 0.999877632 -0.006125093 -0.323686302 -0.056698743 0.005299643 0.998377264 52.181735992
0.997903347 0.015855944 0.062749363 -2.773045540 -0.015493848 0.999860406 -0.006252919 -0.330168992 -0.062839754 0.005267580 0.998009741 52.502613068
0.997495949 0.014848475 0.069147162 -2.741923571 -0.014528127 0.999881268 -0.005133456 -0.332981169 -0.069215178 0.004116023 0.997593284 52.817516327
0.996945381 0.016746465 0.076285541 -2.732194185 -0.016393522 0.999851823 -0.005250521 -0.339681119 -0.076362163 0.003983894 0.997072160 53.178695679
0.996581018 0.014329723 0.081369154 -2.674991846 -0.013998382 0.999891222 -0.004641102 -0.337813079 -0.081426814 0.003486198 0.996673226 53.531887054
0.996086359 0.015459555 0.087022707 -2.621777534 -0.015104664 0.999874711 -0.004735189 -0.346722394 -0.087085001 0.003402208 0.996195078 53.897499084
0.995534956 0.014706786 0.093240775 -2.576191187 -0.014260823 0.999883473 -0.005447450 -0.347495645 -0.093310021 0.004093436 0.995628715 54.310043335
0.994926035 0.015067072 0.099474341 -2.496593952 -0.014654377 0.999880731 -0.004878163 -0.364698589 -0.099535972 0.003395677 0.995028198 54.697071075
0.994270325 0.015551166 0.105757654 -2.461544752 -0.015151148 0.999874711 -0.004584831 -0.368085384 -0.105815701 0.002956211 0.994381368 55.173324585
0.993701279 0.015190732 0.111027129 -2.343235254 -0.014755315 0.999879897 -0.004742369 -0.380337089 -0.111085832 0.003074258 0.993806064 55.586273193
0.993048310 0.014696644 0.116786361 -2.281749725 -0.014233617 0.999887168 -0.004797788 -0.390821993 -0.116843693 0.003102143 0.993145466 56.374439240
0.992406189 0.014501591 0.122146010 -2.203167677 -0.014032464 0.999890506 -0.004700101 -0.394290358 -0.122200795 0.002950399 0.992501020 57.000823975
0.991781533 0.014556616 0.127112240 -2.115349531 -0.014131919 0.999891162 -0.004242343 -0.403400183 -0.127160162 0.002411138 0.991879284 57.668762207
0.991020918 0.014309641 0.132938981 -2.028975487 -0.013899854 0.999895334 -0.004010091 -0.410650671 -0.132982463 0.002126252 0.991116107 58.332649231
0.990224779 0.015195122 0.138650477 -1.940759897 -0.014820535 0.999883175 -0.003733751 -0.420022190 -0.138691023 0.001642378 0.990334332 58.979728699
0.989533663 0.014777512 0.143543378 -1.839644909 -0.014444299 0.999890029 -0.003363211 -0.429007828 -0.143577293 0.001254627 0.989638329 59.657600403
0.988964915 0.013750613 0.147510245 -1.733122349 -0.013409629 0.999904633 -0.003305859 -0.440523356 -0.147541642 0.001291321 0.989054978 60.336597443
0.988578260 0.012916265 0.150153935 -1.640548587 -0.012625349 0.999916136 -0.002890614 -0.445366740 -0.150178686 0.000961852 0.988658428 61.015422821
0.988467813 0.011975411 0.150956750 -1.524024129 -0.011664040 0.999927640 -0.002947970 -0.450520337 -0.150981128 0.001153208 0.988536000 61.730472565
0.988327801 0.011620319 0.151898399 -1.422515631 -0.011229621 0.999931037 -0.003429739 -0.459386587 -0.151927784 0.001683945 0.988390148 62.435459137
0.988348901 0.012032133 0.151728868 -1.316012979 -0.011588764 0.999925613 -0.003806093 -0.465127259 -0.151763380 0.002003397 0.988414824 63.147819519
0.988523722 0.012053047 0.150584057 -1.200688481 -0.011554374 0.999924481 -0.004186125 -0.473985970 -0.150623143 0.002398180 0.988588333 63.887847900
0.988723576 0.012054936 0.149266049 -1.088745117 -0.011520633 0.999923766 -0.004443710 -0.481097579 -0.149308249 0.002673961 0.988787055 64.635360718
0.988873839 0.011930290 0.148277611 -0.991144538 -0.011315171 0.999923527 -0.004991322 -0.484339327 -0.148325831 0.003258001 0.988933206 65.384529114
0.989150882 0.011662183 0.146439433 -0.883607209 -0.011057138 0.999926627 -0.004945052 -0.490427166 -0.146486357 0.003272202 0.989207268 66.156478882
0.989491642 0.011036833 0.144168347 -0.783134282 -0.010525979 0.999935329 -0.004305738 -0.506646574 -0.144206539 0.002742979 0.989543796 66.926223755
0.989970446 0.012003459 0.140763834 -0.683705866 -0.011457733 0.999923348 -0.004686731 -0.510458767 -0.140809298 0.003026891 0.990032136 67.692314148
0.990541041 0.011700201 0.136716962 -0.582699656 -0.011249183 0.999928415 -0.004071086 -0.523208201 -0.136754811 0.002494624 0.990601778 68.493713379
0.991172135 0.011137364 0.132112831 -0.483861774 -0.010910957 0.999937475 -0.002437545 -0.535709739 -0.132131711 0.000974550 0.991231680 69.280883789
0.991769433 0.010845888 0.127576649 -0.387534142 -0.010712674 0.999941111 -0.001730313 -0.538547993 -0.127587914 0.000349384 0.991827190 70.083007812
0.992418408 0.010823374 0.122427657 -0.291310012 -0.010826546 0.999941170 -0.000639353 -0.552047014 -0.122427374 -0.000690963 0.992477238 70.880966187
0.993053734 0.009783665 0.117254242 -0.201688290 -0.009888770 0.999951065 0.000314656 -0.565133035 -0.117245428 -0.001471970 0.993101895 71.669128418
0.993731678 0.009971166 0.111346237 -0.116816759 -0.010093359 0.999948919 0.000533770 -0.571048558 -0.111335233 -0.001654282 0.993781507 72.461837769
0.994302034 0.010216638 0.106108956 -0.040433399 -0.010347852 0.999946237 0.000686114 -0.578959644 -0.106096245 -0.001780205 0.994354248 73.247825623
0.994881213 0.009907951 0.100564659 0.023886308 -0.010041570 0.999949217 0.000822569 -0.593495548 -0.100551404 -0.001828185 0.994930208 74.030372620
0.995399952 0.011174825 0.095152915 0.079673722 -0.011273636 0.999936342 0.000500903 -0.597116113 -0.095141262 -0.001571319 0.995462537 74.814559937
0.995943069 0.011268289 0.089277372 0.144091904 -0.011372430 0.999935091 0.000657902 -0.606859446 -0.089264162 -0.001670534 0.996006608 75.597106934
0.996443808 0.011025480 0.083535790 0.208169922 -0.011110024 0.999938130 0.000547263 -0.614899874 -0.083524592 -0.001473401 0.996504605 76.376510620
0.996880412 0.011302277 0.078113548 0.268386036 -0.011387437 0.999934971 0.000644846 -0.621450007 -0.078101173 -0.001532347 0.996944249 77.160423279
0.997263253 0.012605788 0.072849691 0.312772423 -0.012713716 0.999918640 0.001017981 -0.629165888 -0.072830930 -0.001941385 0.997342408 77.924514771
0.997647285 0.013301326 0.067252807 0.357534140 -0.013400307 0.999909699 0.001020853 -0.637786210 -0.067233153 -0.001919659 0.997735441 78.689224243
0.997998595 0.012618936 0.061964571 0.401998669 -0.012723378 0.999918222 0.001291215 -0.649017870 -0.061943211 -0.002077029 0.998077512 79.455108643
0.998334885 0.012331071 0.056350920 0.444687754 -0.012431885 0.999921679 0.001438831 -0.653645694 -0.056328766 -0.002136983 0.998409986 80.219650269
0.998586714 0.012819209 0.051577922 0.475115746 -0.012904990 0.999915838 0.001330435 -0.660321236 -0.051556528 -0.001994167 0.998668075 80.996238708
0.998812497 0.013384176 0.046845119 0.504483581 -0.013450782 0.999908924 0.001106872 -0.666015089 -0.046826039 -0.001735661 0.998901546 81.757850647
0.998983085 0.014037504 0.042845640 0.530353129 -0.014116138 0.999899209 0.001533299 -0.673324585 -0.042819798 -0.002136555 0.999080539 82.518394470
0.999142289 0.013903287 0.039005466 0.553459167 -0.013983045 0.999900639 0.001772705 -0.681998014 -0.038976945 -0.002316599 0.999237418 83.279296875
0.999261975 0.013624376 0.035914686 0.577964008 -0.013733472 0.999901772 0.002792678 -0.689749360 -0.035873111 -0.003283850 0.999350965 84.037338257
0.999369740 0.013449510 0.032852467 0.602904558 -0.013545671 0.999904573 0.002706246 -0.694936752 -0.032812934 -0.003149549 0.999456525 84.797683716
0.999447525 0.013644525 0.030305522 0.621735930 -0.013702995 0.999904633 0.001722506 -0.701016307 -0.030279128 -0.002136831 0.999539196 85.555366516
0.999500513 0.014250793 0.028207257 0.639332175 -0.014280633 0.999897659 0.000856719 -0.709009230 -0.028192161 -0.001259108 0.999601722 86.310928345
0.999539793 0.014201521 0.026804382 0.655961871 -0.014220480 0.999898732 0.000516835 -0.714952648 -0.026794327 -0.000897769 0.999640584 87.070579529
0.999576569 0.014213960 0.025390550 0.673650742 -0.014240272 0.999898255 0.000855794 -0.720364034 -0.025375802 -0.001217000 0.999677241 87.825447083
0.999602675 0.014180182 0.024360742 0.678877771 -0.014193224 0.999899209 0.000362539 -0.728941262 -0.024353145 -0.000708153 0.999703169 88.579887390
0.999624610 0.014165894 0.023451466 0.676156759 -0.014174815 0.999899507 0.000214248 -0.738241196 -0.023446076 -0.000546588 0.999724925 89.315940857
0.999639988 0.014824491 0.022364348 0.672379732 -0.014828997 0.999890029 0.000035611 -0.744625866 -0.022361362 -0.000367239 0.999749899 90.063636780
0.999666452 0.014084586 0.021646701 0.650299549 -0.014099455 0.999900460 0.000534386 -0.764021516 -0.021637021 -0.000839414 0.999765515 90.783599854
0.999646008 0.015310834 0.021758480 0.605424404 -0.015310214 0.999882758 -0.000195079 -0.755994141 -0.021758916 -0.000138117 0.999763250 91.466316223
0.999624610 0.016530653 0.021849275 0.567368865 -0.016520100 0.999863327 -0.000663444 -0.745084584 -0.021857256 0.000302243 0.999761045 92.133064270
0.999615610 0.016838375 0.022024518 0.520406783 -0.016808163 0.999857545 -0.001556192 -0.738507211 -0.022047583 0.001185402 0.999756217 92.843650818
0.999574363 0.019184377 0.021978982 0.472800821 -0.019128749 0.999813259 -0.002738440 -0.727301598 -0.022027414 0.002316844 0.999754667 93.555664062
0.999559879 0.019460779 0.022391621 0.421292663 -0.019392062 0.999806583 -0.003281978 -0.723002315 -0.022451159 0.002846314 0.999743879 94.248023987
0.999548078 0.019860411 0.022566080 0.371716052 -0.019780338 0.999797285 -0.003766109 -0.714005172 -0.022636302 0.003318043 0.999738276 94.932525635
0.999552488 0.019914465 0.022322470 0.325128108 -0.019829398 0.999795258 -0.004025700 -0.716326714 -0.022398070 0.003581257 0.999742746 95.686363220
0.999548018 0.020137634 0.022320338 0.262282073 -0.020047210 0.999789953 -0.004267602 -0.714498222 -0.022401588 0.003818213 0.999741733 96.433113098
0.999547839 0.020404285 0.022087142 0.199475363 -0.020317169 0.999784946 -0.004161393 -0.710392118 -0.022167303 0.003710763 0.999747396 97.146690369
0.999552250 0.020144561 0.022125274 0.129039332 -0.020041835 0.999787331 -0.004854885 -0.704280317 -0.022218367 0.004409280 0.999743402 97.854064941
0.999556541 0.020333651 0.021754324 0.066562876 -0.020236626 0.999784291 -0.004670942 -0.706270337 -0.021844609 0.004228637 0.999752462 98.583099365
0.999551594 0.020770583 0.021568909 0.001245113 -0.020640798 0.999767601 -0.006222526 -0.699870944 -0.021693142 0.005774536 0.999747992 99.324134827
0.999549270 0.021244653 0.021211836 -0.062183794 -0.021106897 0.999754786 -0.006697189 -0.699018836 -0.021348916 0.006246455 0.999752581 100.046836853
0.999521554 0.022484405 0.021238245 -0.127851844 -0.022324951 0.999720991 -0.007715380 -0.690055907 -0.021405796 0.007237546 0.999744654 100.803794861
0.999535799 0.022785841 0.020224269 -0.128580570 -0.022629617 0.999712527 -0.007920176 -0.701570809 -0.020398924 0.007458832 0.999764085 101.696144104
0.999577224 0.023036068 0.017739236 -0.115034930 -0.022907082 0.999709904 -0.007440523 -0.715948880 -0.017905492 0.007031023 0.999814987 102.606842041
0.999611497 0.023296764 0.015300453 -0.092014283 -0.023191771 0.999706507 -0.007004119 -0.728103220 -0.015459135 0.006646553 0.999858439 103.516288757
0.999637485 0.023662947 0.012844766 -0.071234070 -0.023581475 0.999701083 -0.006457766 -0.739885330 -0.012993735 0.006152526 0.999896646 104.438911438
0.999657512 0.022937380 0.012597469 -0.105202667 -0.022864329 0.999721110 -0.005912607 -0.758193493 -0.012729575 0.005622549 0.999903142 105.347785950
0.999691188 0.022886612 0.009683697 -0.087126262 -0.022838099 0.999726236 -0.005090952 -0.775467455 -0.009797560 0.004868223 0.999940157 106.277679443
0.999704897 0.022880320 0.008158543 -0.084068708 -0.022831917 0.999721467 -0.005977252 -0.786817849 -0.008293032 0.005789213 0.999948859 107.217437744
0.999716401 0.022871573 0.006630214 -0.100230485 -0.022826571 0.999716401 -0.006785285 -0.795081794 -0.006783524 0.006632016 0.999954998 108.181816101
0.999746919 0.022074690 0.004337148 -0.091610767 -0.022044616 0.999733448 -0.006863816 -0.809192717 -0.004487509 0.006766468 0.999967039 109.123390198
0.999731123 0.022982687 0.003077414 -0.107494935 -0.022962859 0.999716282 -0.006330395 -0.816937804 -0.003222031 0.006258026 0.999975204 110.079650879
0.999747634 0.022426836 0.001284516 -0.114073075 -0.022418393 0.999729156 -0.006248396 -0.835099101 -0.001424300 0.006218023 0.999979675 111.018737793
0.999749422 0.022379287 0.000536135 -0.120252602 -0.022376217 0.999736249 -0.005173278 -0.850516260 -0.000651768 0.005159985 0.999986470 111.984748840
0.999725521 0.023402760 -0.001088053 -0.127432376 -0.023408219 0.999711871 -0.005310130 -0.858484387 0.000963468 0.005334142 0.999985337 112.961555481
0.999715030 0.023847213 -0.001101932 -0.193736345 -0.023851719 0.999706388 -0.004275133 -0.874104083 0.000999658 0.004300198 0.999990225 113.825157166
0.999718308 0.023728421 -0.000486735 -0.263371259 -0.023730194 0.999710262 -0.004035096 -0.879157722 0.000390848 0.004045510 0.999991715 114.637573242
0.999675453 0.025466701 -0.000671749 -0.288902164 -0.025469149 0.999667883 -0.003929617 -0.896087408 0.000571451 0.003945451 0.999992073 115.450996399
0.999683559 0.025140028 0.000867412 -0.367963761 -0.025136167 0.999675155 -0.004208241 -0.907592118 -0.000972925 0.004185106 0.999990761 116.296150208
0.999662220 0.025828563 0.002880769 -0.430392385 -0.025815008 0.999655962 -0.004646825 -0.920656860 -0.002999799 0.004570888 0.999985039 117.082771301
0.999633431 0.026759056 0.004112667 -0.464235663 -0.026737880 0.999629378 -0.005120506 -0.935849965 -0.004248163 0.005008665 0.999978423 117.807937622
0.999607086 0.027700670 0.004285519 -0.442875504 -0.027677853 0.999602854 -0.005294955 -0.947397172 -0.004430491 0.005174261 0.999976814 118.443244934
0.999590099 0.028549880 0.002140885 -0.432123870 -0.028537387 0.999576747 -0.005654757 -0.957638800 -0.002301421 0.005591344 0.999981701 119.148216248
0.999532044 0.030545097 0.001638835 -0.434271276 -0.030535012 0.999516487 -0.005860823 -0.971523762 -0.001817062 0.005808038 0.999981463 119.834648132
0.999528885 0.030474873 0.003643353 -0.460507900 -0.030455751 0.999522626 -0.005193310 -0.984464884 -0.003799879 0.005079902 0.999979854 120.530326843
0.999500155 0.031467576 0.003031179 -0.455903947 -0.031452611 0.999493420 -0.004864252 -0.997639716 -0.003182709 0.004766482 0.999983549 121.201583862
0.999510407 0.031133676 0.003097233 -0.445178002 -0.031119639 0.999505639 -0.004481686 -1.013034582 -0.003235233 0.004383108 0.999985158 121.853294373
0.999459267 0.032691538 0.003529637 -0.451545388 -0.032678407 0.999459028 -0.003716396 -1.028036594 -0.003649222 0.003599044 0.999986887 122.525100708
0.999406636 0.034123320 0.004683396 -0.483575344 -0.034106229 0.999411404 -0.003681869 -1.042331576 -0.004806277 0.003519951 0.999982238 123.245079041
0.999335706 0.036021955 0.005532898 -0.500522733 -0.035999630 0.999343455 -0.004082869 -1.056734324 -0.005676338 0.003880975 0.999976337 123.933563232
