1.000000000 0.000000000 0.000000000 0.000000000 0.000000000 1.000000000 0.000000000 0.000000000 0.000000000 0.000000000 1.000000000 0.000000000
0.999042153 -0.000309960 0.043756396 0.042800132 0.000422890 0.999996603 -0.002571642 -0.019896179 -0.043755449 0.002587683 0.999038935 1.013216019
0.996047735 -0.004629630 0.088699117 0.136430472 0.005314236 0.999957860 -0.007483704 -0.039665941 -0.088660739 0.007925494 0.996030331 2.016638756
0.990948200 -0.004000245 0.134185314 0.269687027 0.005576888 0.999919713 -0.011375926 -0.063918404 -0.134129047 0.012021290 0.990890980 3.013458729
0.983589590 -0.001669227 0.180412561 0.443374485 0.004217471 0.999896705 -0.013741869 -0.091025099 -0.180370986 0.014277244 0.983494997 4.007609844
0.974094391 -0.003895340 0.226108149 0.670590460 0.007202796 0.999878764 -0.013804609 -0.119239621 -0.226026967 0.015075604 0.974004388 4.986606121
0.962466776 -0.004551686 0.271361321 0.942358017 0.008967543 0.999846756 -0.015035208 -0.151107475 -0.271251291 0.016904334 0.962360084 5.966478825
0.948935628 -0.007177099 0.315388203 1.258923054 0.013415698 0.999754846 -0.017614149 -0.183226794 -0.315184474 0.020945845 0.948799253 6.926291466
0.933767498 -0.008869212 0.357770354 1.619118214 0.016881449 0.999671638 -0.019277869 -0.215605706 -0.357481897 0.024040729 0.933610618 7.866267204
0.916354656 -0.008511968 0.400277078 2.018429279 0.018088313 0.999633312 -0.020152198 -0.245826140 -0.399958730 0.025706897 0.916172564 8.799716949
0.896789014 -0.009054807 0.442365736 2.455401421 0.019303763 0.999639273 -0.018672021 -0.279237539 -0.442037106 0.025284188 0.896640360 9.697325706
0.874745846 -0.008588148 0.484505892 2.931773186 0.019570844 0.999653280 -0.017614532 -0.322180033 -0.484186620 0.024890427 0.874610662 10.568959236
0.850894034 -0.008899835 0.525261939 3.448284388 0.020726101 0.999646723 -0.016637463 -0.354503423 -0.524928331 0.025043352 0.850777924 11.405039787
0.825179040 -0.009493746 0.564791501 3.989673138 0.022602687 0.999612927 -0.016220488 -0.396223933 -0.564418912 0.026150612 0.825074196 12.212187767
0.797680140 -0.010662432 0.602986455 4.614590645 0.025619606 0.999540210 -0.016217152 -0.423041761 -0.602536321 0.028384376 0.797586560 13.052679062
0.768914640 -0.009507881 0.639280736 5.241760254 0.026317075 0.999512672 -0.016788144 -0.453521073 -0.638809621 0.029732648 0.768790126 13.802673340
0.738361835 -0.012584867 0.674287379 5.906201363 0.031250954 0.999390304 -0.015568023 -0.484670460 -0.673680365 0.032566957 0.738304973 14.521446228
0.706299067 -0.011871016 0.707814097 6.644168377 0.031733736 0.999385238 -0.014904751 -0.520282269 -0.707202017 0.032988794 0.706241548 15.262863159
0.672193646 -0.010917098 0.740294933 7.360606194 0.033280015 0.999326169 -0.015481498 -0.551615000 -0.739627123 0.035043586 0.672104001 15.908964157
0.636581957 -0.011642185 0.771121204 8.137260437 0.037445489 0.999173343 -0.015827036 -0.579334021 -0.770299435 0.038950216 0.636491656 16.550390244
0.599813581 -0.009696322 0.800081074 8.909602165 0.037327748 0.999176979 -0.015875081 -0.607742190 -0.799268663 0.039387312 0.599681854 17.130357742
0.561943889 -0.008903295 0.827127457 9.711650848 0.040683791 0.999029338 -0.016886583 -0.642207563 -0.826174259 0.043139990 0.561760664 17.673166275
0.523195863 -0.006997844 0.852183819 10.571933746 0.045162808 0.998788774 -0.019525867 -0.665201545 -0.851015031 0.048702866 0.522878170 18.205219269
0.484005928 -0.006380165 0.875041485 11.426173210 0.046899255 0.998725355 -0.018659100 -0.692200065 -0.873807073 0.050069910 0.483688176 18.678970337
0.445754170 -0.007790236 0.895121515 12.293101311 0.051851984 0.998507857 -0.017131332 -0.718750179 -0.893652380 0.054050189 0.445492983 19.106555939
0.408801794 -0.008386665 0.912584662 13.183975220 0.056005161 0.998303652 -0.015913673 -0.747197032 -0.910903156 0.057614990 0.408578038 19.496465683
0.373731494 -0.006118237 0.927516758 14.076854706 0.058125008 0.998167336 -0.016836479 -0.767471075 -0.925713897 0.060204241 0.373402178 19.838542938
0.339999735 -0.006655816 0.940402091 14.992912292 0.058340859 0.998198152 -0.014028107 -0.788618803 -0.938614249 0.059633408 0.339775383 20.175140381
0.306799054 -0.008289851 0.951738298 15.944470406 0.061112516 0.998070180 -0.011006612 -0.810086608 -0.949810386 0.061539933 0.306713641 20.471302032
0.273724377 -0.008094328 0.961774111 16.921390533 0.061707020 0.998052239 -0.009162392 -0.828980684 -0.959826648 0.061856184 0.273690701 20.751401901
0.241759062 -0.005022740 0.970323324 17.905422211 0.059359062 0.998190343 -0.009622508 -0.842174470 -0.968519032 0.059923809 0.241619706 20.984657288
0.210990369 -0.003307387 0.977482617 18.898633957 0.059606124 0.998176873 -0.009488625 -0.855777204 -0.975669205 0.060265951 0.210802794 21.201213837
0.180450082 -0.003181373 0.983579099 19.902465820 0.061234303 0.998091340 -0.008005903 -0.877324998 -0.981676280 0.061673440 0.180300474 21.386346817
0.150158286 -0.003292568 0.988656580 20.954593658 0.063036285 0.997991681 -0.006250369 -0.887336195 -0.986650407 0.063259780 0.150064230 21.530925751
0.119810522 -0.004048992 0.992788553 21.994888306 0.061686944 0.998089850 -0.003373816 -0.906250656 -0.990878522 0.061646309 0.119831443 21.658765793
0.090477645 -0.004231072 0.995889544 23.065492630 0.062587485 0.998038411 -0.001445941 -0.913536489 -0.993929923 0.062461045 0.090564966 21.754154205
0.063402712 -0.003843877 0.997980654 24.146650314 0.065543123 0.997849703 -0.000320648 -0.918466449 -0.995833457 0.065431103 0.063518345 21.815681458
0.038377285 -0.003280729 0.999258101 25.241817474 0.069536611 0.997579217 0.000604601 -0.923289895 -0.996841073 0.069461808 0.038512468 21.846725464
0.015673101 -0.002816881 0.999873221 26.351959229 0.073804863 0.997271359 0.001652650 -0.926904321 -0.997149587 0.073769607 0.015838265 21.859266281
-0.004329324 -0.002883161 0.999986470 27.475799561 0.079789579 0.996806502 0.003219438 -0.929874420 -0.996802330 0.079802439 -0.004085541 21.845283508
-0.021996260 -0.003404249 0.999752283 28.616262436 0.083848715 0.996464729 0.005237869 -0.930189013 -0.996235728 0.083943151 -0.021633148 21.816862106
-0.037373424 -0.003330906 0.999295950 29.777030945 0.087028630 0.996184111 0.006575372 -0.928884983 -0.995504618 0.087213092 -0.036940932 21.768423080
-0.051709056 -0.004012794 0.998654127 30.929372787 0.089271501 0.995970011 0.008624369 -0.931129277 -0.994664133 0.089597315 -0.051142454 21.709753036
-0.064771295 -0.005044008 0.997887433 32.091403961 0.089476369 0.995929956 0.010841882 -0.928835869 -0.993880630 0.089989580 -0.064056277 21.627151489
-0.076942563 -0.004665720 0.997024655 33.265483856 0.089190744 0.995947659 0.011543724 -0.922665894 -0.993038237 0.089813575 -0.076214671 21.540130615
-0.087557912 -0.001738382 0.996158123 34.452812195 0.089442194 0.995945752 0.009599566 -0.915090740 -0.992136121 0.089939065 -0.087047458 21.426605225
-0.097776651 0.001619847 0.995207071 35.658309937 0.089873798 0.995927095 0.007208856 -0.913870692 -0.991141975 0.090147898 -0.097523928 21.312049866
-0.107040524 0.004144897 0.994246066 36.876735687 0.090880401 0.995845914 0.005632608 -0.908519149 -0.990092456 0.090960398 -0.106972575 21.182353973
-0.114274859 0.005272693 0.993435204 38.113597870 0.090537958 0.995879769 0.005128915 -0.903946042 -0.989314973 0.090529703 -0.114281416 21.042335510
-0.120497346 0.005891667 0.992696166 39.379379272 0.090302996 0.995901525 0.005050644 -0.904165745 -0.988597870 0.090252027 -0.120535493 20.901775360
-0.125674129 0.007688703 0.992041767 40.654747009 0.091357701 0.995810688 0.003855494 -0.897672892 -0.987856150 0.091115184 -0.125850081 20.741256714
-0.130239725 0.009263377 0.991439402 41.962909698 0.090277500 0.995913386 0.002554049 -0.893384516 -0.987364113 0.089837290 -0.130543828 20.575580597
-0.134317517 0.010316719 0.990884840 43.292823792 0.090837404 0.995863855 0.001944712 -0.888559937 -0.986766279 0.090270601 -0.134699106 20.398529053
-0.137241125 0.009338467 0.990493596 44.660926819 0.090274349 0.995912075 0.003118715 -0.887873352 -0.986415386 0.089844182 -0.137523174 20.205062866
-0.139588714 0.006956446 0.990185320 46.033927917 0.090734065 0.995858312 0.005794678 -0.888683796 -0.986043930 0.090652391 -0.139641762 20.013484955
-0.141603827 0.005837512 0.989906251 47.422218323 0.090938225 0.995830953 0.007136047 -0.890284359 -0.985737681 0.091030806 -0.141544342 19.815628052
-0.143776178 0.006801335 0.989587069 48.840797424 0.093508817 0.995595634 0.006743157 -0.883264601 -0.985182703 0.093504608 -0.143778920 19.611042023
-0.144837499 0.006253091 0.989435673 50.258880615 0.093091935 0.995630503 0.007334921 -0.877236843 -0.985066473 0.093170859 -0.144786716 19.412128448
-0.144984007 0.007548516 0.989405394 51.714557648 0.095654055 0.995393932 0.006422590 -0.868905783 -0.984799623 0.095571801 -0.145038247 19.187099457
-0.145450711 0.007825562 0.989334643 53.179985046 0.094855942 0.995472491 0.006071483 -0.862432241 -0.984807909 0.094727360 -0.145534515 18.982650757
-0.144956350 0.009734695 0.989390314 54.681407928 0.094734684 0.995494187 0.004084891 -0.850739002 -0.984892488 0.094321698 -0.145225406 18.774181366
-0.143862963 0.008963613 0.989557087 56.194683075 0.095056340 0.995460331 0.004802311 -0.858614802 -0.985021710 0.094754547 -0.144061923 18.551181793
-0.142716169 0.007782400 0.989733160 57.723014832 0.093746133 0.995579898 0.005689495 -0.855230212 -0.985314131 0.093595631 -0.142814994 18.345352173
-0.141005278 0.008668827 0.989971042 59.275955200 0.094885089 0.995476663 0.004797783 -0.851453781 -0.985451519 0.094609983 -0.141190052 18.116462708
-0.140262723 0.009372212 0.990070045 60.858909607 0.094498999 0.995517075 0.003963846 -0.842694402 -0.985594451 0.094116606 -0.140519619 17.901687622
-0.138822079 0.010187181 0.990264893 62.461738586 0.095897652 0.995386064 0.003203726 -0.839177370 -0.985663235 0.095408827 -0.139158487 17.666328430
-0.137032509 0.010121325 0.990514874 64.079956055 0.095505714 0.995424211 0.003041219 -0.834829450 -0.985951722 0.095016569 -0.137372136 17.434310913
-0.135992765 0.008711538 0.990671515 65.715393066 0.097514220 0.995223343 0.004634541 -0.825224996 -0.985899031 0.097234823 -0.136192679 17.212112427
-0.134279609 0.006696301 0.990921021 67.369979858 0.099166572 0.995048225 0.006713845 -0.822565317 -0.985969186 0.099167757 -0.134278774 16.975776672
-0.134961605 0.007800997 0.990820169 69.082557678 0.100247100 0.994945526 0.005821379 -0.818032026 -0.985766709 0.100112505 -0.135061502 16.774841309
-0.133738875 0.009920522 0.990966976 70.767562866 0.102325350 0.994743526 0.003851283 -0.813054562 -0.985719800 0.101916112 -0.134050965 16.541122437
-0.133066416 0.009470877 0.991061866 72.466468811 0.101504482 0.994826555 0.004121803 -0.816046000 -0.985895634 0.101145700 -0.133339405 16.303993225
-0.132507086 0.009527238 0.991136372 74.154495239 0.101767823 0.994799972 0.004043083 -0.812184095 -0.985943913 0.101401523 -0.132787585 16.082862854
-0.132486820 0.008945312 0.991144419 75.899345398 0.102170393 0.994755924 0.004679264 -0.803137779 -0.985904932 0.101885550 -0.132706046 15.852653503
-0.132467151 0.008990424 0.991146684 77.646934509 0.102644235 0.994707048 0.004695721 -0.799526453 -0.985858381 0.102357514 -0.132688880 15.624580383
-0.132121921 0.009072452 0.991192102 79.410835266 0.104104817 0.994554877 0.004773506 -0.792791128 -0.985751629 0.103818543 -0.132346988 15.383186340
-0.132434130 0.009661900 0.991144776 81.182167053 0.104194038 0.994548023 0.004227056 -0.799969196 -0.985700190 0.103831172 -0.132718801 15.150909424
-0.132763028 0.010595924 0.991091192 82.966209412 0.103590377 0.994614780 0.003243005 -0.799728870 -0.985719562 0.103098057 -0.133145690 14.901451111
-0.133938909 0.010782190 0.990931034 84.758895874 0.102651462 0.994712710 0.003051509 -0.815937519 -0.985658765 0.102129221 -0.134337544 14.665344238
-0.135270238 0.011411165 0.990743041 86.552978516 0.101938903 0.994787633 0.002460380 -0.820167780 -0.985550880 0.101328075 -0.135728359 14.429847717
-0.136484742 0.010354030 0.990588129 88.387954712 0.100988120 0.994881392 0.003515394 -0.830337286 -0.985481322 0.100517422 -0.136831760 14.177856445
-0.137527227 0.009834914 0.990449131 90.232490540 0.101031244 0.994874597 0.004149682 -0.839471102 -0.985331893 0.100637004 -0.137816072 13.922622681
-0.137556434 0.008993385 0.990453184 92.107330322 0.098362394 0.995139897 0.004624858 -0.832792997 -0.985597908 0.098059520 -0.137772560 13.657127380
-0.139408469 0.009760082 0.990186930 93.982940674 0.098114356 0.995167077 0.004004355 -0.837273598 -0.985362351 0.097709790 -0.139692307 13.405845642
-0.141956449 0.010459324 0.989817619 95.895523071 0.097364783 0.995242774 0.003447094 -0.842969656 -0.985072792 0.096862718 -0.142299533 13.125320435
-0.145892262 0.011502391 0.989233613 97.827728271 0.097515926 0.995230019 0.002809552 -0.839658022 -0.984482646 0.096875921 -0.146318078 12.844604492
-0.150488853 0.010371719 0.988557279 99.762542725 0.095474750 0.995423436 0.004090438 -0.849291086 -0.983990669 0.094997831 -0.150790334 12.559753418
-0.155065060 0.009610658 0.987857521 101.679420471 0.094125889 0.995547295 0.005089564 -0.856781483 -0.983409941 0.093772180 -0.155279160 12.269905090
-0.159854174 0.010241357 0.987087667 103.635482788 0.092484355 0.995703280 0.004646642 -0.862660885 -0.982798815 0.092032939 -0.160114527 11.967575073
-0.164413691 0.012170325 0.986316442 105.572029114 0.093179367 0.995644033 0.003247072 -0.867459536 -0.981980562 0.092438199 -0.164831519 11.643333435
-0.168700576 0.013910085 0.985569179 107.517532349 0.092946455 0.995669365 0.001857080 -0.878060579 -0.981275201 0.091918454 -0.169262886 11.313468933
-0.173327208 0.014290879 0.984760642 109.466819763 0.091414399 0.995811582 0.001638548 -0.885528803 -0.980612636 0.090305306 -0.173907638 10.973419189
-0.178303361 0.014134990 0.983874023 111.441246033 0.089834429 0.995954752 0.001971771 -0.890286207 -0.979866147 0.088737331 -0.178851962 10.622749329
-0.183897138 0.013341344 0.982855022 113.431304932 0.088001825 0.996115983 0.002944230 -0.901718855 -0.978998303 0.087034464 -0.184356928 10.265228271
-0.189141035 0.012292014 0.981872976 115.417175293 0.087513827 0.996153653 0.004387252 -0.920907021 -0.978042424 0.086757272 -0.189489245 9.893707275
-0.194812179 0.012502899 0.980760932 117.412445068 0.087312818 0.996170104 0.004643930 -0.915380239 -0.976946712 0.086537689 -0.195157766 9.497222900
-0.199729085 0.013921291 0.979752421 119.402465820 0.088058233 0.996108115 0.003797563 -0.923378944 -0.975886405 0.087033741 -0.200177670 9.090698242
-0.205907464 0.015338359 0.978451371 121.420501709 0.087502830 0.996160328 0.002798312 -0.918692827 -0.974651575 0.086193450 -0.206459045 8.693252563
-0.211782575 0.015044899 0.977201045 123.427085876 0.087884761 0.996123731 0.003710465 -0.929322243 -0.973357379 0.086666889 -0.212283850 8.266738892
-0.217133045 0.015293336 0.976022363 125.442810059 0.087609932 0.996147275 0.003881657 -0.932314157 -0.972202718 0.086352080 -0.217636347 7.826065063
-0.222404599 0.015910799 0.974824607 127.462738037 0.086783066 0.996220946 0.003539389 -0.939961672 -0.971084416 0.085385442 -0.222944975 7.378051758
-0.227838397 0.016350161 0.973561764 129.495803833 0.085783973 0.996308148 0.003343471 -0.947488785 -0.969912827 0.084277757 -0.228399873 6.918502808
-0.231907248 0.015846174 0.972608864 131.536163330 0.086898677 0.996207058 0.004489326 -0.946971893 -0.968848646 0.085559532 -0.232404590 6.431640625
-0.236015081 0.015977880 0.971618116 133.595367432 0.089287743 0.995991707 0.005310121 -0.947854996 -0.967638731 0.088006854 -0.236495733 5.937377930
-0.239271760 0.016592355 0.970811069 135.638687134 0.090378821 0.995893598 0.005254224 -0.953797340 -0.966737330 0.088997930 -0.239788771 5.433380127
-0.242782831 0.017124839 0.969929576 137.701522827 0.090595439 0.995874763 0.005093992 -0.959194183 -0.965841174 0.089107923 -0.243332744 4.932723999
-0.246122837 0.017065657 0.969088316 139.775115967 0.089978598 0.995929539 0.005313867 -0.965811253 -0.965052962 0.088505082 -0.246656537 4.412277222
-0.250101686 0.017267767 0.968065679 141.847244263 0.088455439 0.996067166 0.005085386 -0.971936226 -0.964170575 0.086902529 -0.250645399 3.883773804
-0.253905654 0.018183814 0.967058003 143.885360718 0.087658778 0.996141374 0.004284554 -0.978631496 -0.963248551 0.085859001 -0.254519939 3.352600098
-0.259460330 0.017825687 0.965589404 146.009399414 0.086496189 0.996240377 0.004850558 -0.979574203 -0.961872697 0.084778316 -0.260026813 2.819931030
-0.263747573 0.017535930 0.964432538 147.987960815 0.087187752 0.996175408 0.005730495 -0.994093895 -0.960643470 0.085598096 -0.264267683 2.333160400
-0.268071651 0.018542372 0.963220596 150.092269897 0.086703517 0.996221840 0.004952587 -0.993031025 -0.959489584 0.084842257 -0.268666506 1.762573242
-0.272915959 0.018160168 0.961866498 152.192291260 0.085153162 0.996353507 0.005349706 -1.000362873 -0.958261907 0.083365999 -0.273467064 1.181884766
-0.277007937 0.017755592 0.960703611 154.296127319 0.085892804 0.996284127 0.006353029 -1.007191181 -0.957020938 0.084277362 -0.277503729 0.588439941
-0.281289458 0.018035669 0.959453464 156.391403198 0.086692058 0.996212721 0.006689431 -1.010849953 -0.955699086 0.085058659 -0.281787753 -0.020843506
-0.284948945 0.018823650 0.958357930 158.482315063 0.087953098 0.996102870 0.006586099 -1.013121128 -0.954499125 0.086167254 -0.285493970 -0.643722534
-0.288660765 0.020050367 0.957221448 160.575180054 0.088107407 0.996094644 0.005705152 -1.013535500 -0.953368723 0.085985154 -0.289300084 -1.261306763
-0.291488528 0.021969844 0.956321955 162.661666870 0.088499606 0.996067822 0.004091901 -1.013417721 -0.952471614 0.085826859 -0.292286634 -1.914779663
-0.294894457 0.022629643 0.955261886 164.772796631 0.088857517 0.996036947 0.003835203 -1.024914265 -0.951389313 0.086013176 -0.295736551 -2.551742554
-0.297996879 0.023490719 0.954277754 166.888977051 0.088604867 0.996061862 0.003149775 -1.029999733 -0.950445712 0.085492276 -0.298904657 -3.206329346
-0.301918626 0.023165293 0.953052402 169.034606934 0.088801809 0.996041596 0.003921411 -1.044415474 -0.949188948 0.085816711 -0.302780628 -3.870376587
-0.305629849 0.023314135 0.951864958 171.165069580 0.088369966 0.996079803 0.003977199 -1.048102379 -0.948040724 0.085331820 -0.306491971 -4.549530029
-0.309440255 0.024286712 0.950608790 173.280395508 0.090639986 0.995875418 0.004061725 -1.058115959 -0.946589291 0.087420024 -0.310365319 -5.231018066
-0.312495232 0.024534557 0.949602485 175.414886475 0.093081482 0.995646417 0.004907070 -1.066315174 -0.945347905 0.089923844 -0.313418508 -5.934951782
-0.314814568 0.024063744 0.948848307 177.545013428 0.093396135 0.995612502 0.005737777 -1.067053795 -0.944547176 0.090425089 -0.315680861 -6.636337280
-0.317572713 0.023859985 0.947933912 179.711013794 0.093321025 0.995616734 0.006203792 -1.069243908 -0.943630874 0.090432301 -0.318407297 -7.364151001
-0.320214033 0.024290025 0.947033823 181.836486816 0.092340499 0.995711267 0.005683917 -1.072416306 -0.942834198 0.089269646 -0.321083665 -8.077545166
-0.323536396 0.026025180 0.945857942 184.030670166 0.091215320 0.995823920 0.003800743 -1.078187466 -0.941809118 0.087506399 -0.324559212 -8.815429688
-0.326790214 0.028103653 0.944678962 186.234252930 0.090756409 0.995871544 0.001768514 -1.084137917 -0.940729201 0.086313598 -0.327991605 -9.566726685
-0.330000043 0.028757205 0.943542838 188.434082031 0.089431576 0.995992541 0.000922547 -1.093849659 -0.939735055 0.084686965 -0.331249475 -10.328857422
-0.333521962 0.029404158 0.942283869 190.653198242 0.087606475 0.996155143 -0.000076873 -1.108480453 -0.938663185 0.082524516 -0.334815621 -11.101547241
-0.337350488 0.029681388 0.940911055 192.865768433 0.088267840 0.996096730 0.000224958 -1.128087044 -0.937231779 0.083128080 -0.338653564 -11.889770508
-0.340838194 0.028350059 0.939694464 195.078094482 0.087683290 0.996146858 0.001750556 -1.145411968 -0.936024070 0.082992151 -0.342010736 -12.679718018
-0.344513416 0.028215496 0.938357353 197.279403687 0.087949015 0.996122241 0.002337622 -1.155785084 -0.934652686 0.083332948 -0.345658898 -13.488021851
-0.348028660 0.027585259 0.937077999 199.473876953 0.087348782 0.996172905 0.003116278 -1.167809486 -0.933405757 0.082937174 -0.349106312 -14.303894043
-0.351771832 0.027955383 0.935668290 201.687194824 0.086860485 0.996216297 0.002891469 -1.181030750 -0.932047188 0.082289740 -0.352869034 -15.121322632
-0.355702877 0.028232407 0.934172750 203.910217285 0.085697591 0.996317983 0.002520313 -1.198142529 -0.930661976 0.080952831 -0.356812596 -15.956192017
-0.359095573 0.029281335 0.932841420 206.138809204 0.086360738 0.996261954 0.001972328 -1.218550682 -0.929296732 0.081269123 -0.360282063 -16.808059692
-0.361773968 0.029496960 0.931799293 208.323165894 0.086859673 0.996218145 0.002187322 -1.239241600 -0.928210855 0.081727087 -0.362967849 -17.657363892
-0.364480615 0.029476382 0.930744350 210.544540405 0.088335611 0.996086121 0.003046594 -1.256190300 -0.927011728 0.083328292 -0.365657926 -18.528778076
-0.367092252 0.028846296 0.929737091 212.768707275 0.089611851 0.995966673 0.004480700 -1.266466141 -0.925857902 0.084960297 -0.368196607 -19.411926270
-0.369873643 0.029237822 0.928621948 214.974853516 0.090405233 0.995894194 0.004652835 -1.284416676 -0.924673200 0.085673243 -0.370998263 -20.285278320
-0.372460008 0.030397231 0.927550197 217.193389893 0.090879746 0.995854378 0.003857329 -1.296737194 -0.923587680 0.085732229 -0.373678446 -21.184478760
-0.374924541 0.030539097 0.926552117 219.392684937 0.089972466 0.995937824 0.003580854 -1.306757450 -0.922678947 0.084706731 -0.376149297 -22.076965332
-0.377739310 0.031359408 0.925380766 221.602600098 0.089253724 0.996005297 0.002680521 -1.323227406 -0.921600103 0.083606221 -0.379029393 -22.965728760
-0.380261898 0.032704964 0.924300492 223.797958374 0.089481950 0.995987177 0.001571837 -1.337028503 -0.920540035 0.083305918 -0.381662488 -23.869628906
-0.382957458 0.032857094 0.923181474 226.013488770 0.087077700 0.996201277 0.000665931 -1.355938911 -0.919652700 0.080643542 -0.384363890 -24.761291504
-0.385756373 0.033681199 0.921985865 228.229461670 0.087736472 0.996143699 0.000318418 -1.380500793 -0.918419659 0.081014611 -0.387223840 -25.681274414
-0.388417125 0.033021610 0.920891762 230.469345093 0.088871382 0.996041536 0.001768143 -1.402889729 -0.917188108 0.082527705 -0.389814258 -26.620330811
-0.390788913 0.032461554 0.919907808 232.700088501 0.089979112 0.995938897 0.003079778 -1.408439636 -0.916072011 0.083976023 -0.392122746 -27.585174561
-0.394006610 0.032158222 0.918544829 234.932312012 0.088652350 0.996057630 0.003155175 -1.418382645 -0.914822161 0.082674317 -0.395304203 -28.542541504
-0.396941185 0.032698907 0.917261541 237.162719727 0.087400384 0.996170580 0.002310261 -1.431181431 -0.913673401 0.081086040 -0.398279071 -29.501220703
-0.400485992 0.031502612 0.915761173 239.388549805 0.085638992 0.996321142 0.003178229 -1.455574036 -0.912292123 0.079697698 -0.401710510 -30.466735840
-0.403887153 0.030940074 0.914285481 241.598907471 0.084650926 0.996403873 0.003675670 -1.469663143 -0.910883844 0.078879669 -0.405053854 -31.437377930
-0.407583356 0.031447854 0.912626386 243.819091797 0.084292538 0.996435583 0.003309645 -1.483836651 -0.909269333 0.078276552 -0.408781290 -32.416320801
-0.411332130 0.030960415 0.910959601 246.016723633 0.083626539 0.996489584 0.003893201 -1.497658253 -0.907641232 0.077781789 -0.412477255 -33.402343750
-0.415106297 0.030470317 0.909262538 248.210815430 0.082548879 0.996577799 0.004289758 -1.514556408 -0.906020105 0.076839305 -0.416200995 -34.391357422
-0.418849826 0.030496951 0.907543302 250.396118164 0.082028404 0.996620417 0.004367488 -1.525995255 -0.904343009 0.076273650 -0.419935822 -35.387634277
-0.422809720 0.031296406 0.905677915 252.576660156 0.082244612 0.996604323 0.003956917 -1.543064117 -0.902478695 0.076160155 -0.423948050 -36.396667480
-0.426249623 0.031950213 0.904041231 254.734283447 0.083042003 0.996538281 0.003934566 -1.559683800 -0.900785983 0.076750495 -0.427427292 -37.405334473
-0.429583669 0.031789895 0.902467310 256.904602051 0.083041959 0.996536255 0.004425299 -1.578962326 -0.899200678 0.076843686 -0.430735588 -38.446899414
-0.433213472 0.032089598 0.900720119 259.048950195 0.081681535 0.996651292 0.003778517 -1.593885422 -0.897582650 0.075209096 -0.434383988 -39.466003418
-0.436917543 0.031689521 0.898943245 261.209289551 0.081506595 0.996662736 0.004480697 -1.608772278 -0.895801246 0.075227492 -0.438042283 -40.500000000
-0.440456629 0.032149937 0.897198021 263.321289062 0.081847243 0.996634901 0.004467707 -1.627007484 -0.894035220 0.075401023 -0.441605806 -41.524993896
-0.443909168 0.033716869 0.895437241 265.501037598 0.083803341 0.996474206 0.004023820 -1.632580280 -0.892144382 0.076826841 -0.445169568 -42.607208252
-0.446740508 0.036170390 0.893932045 267.654907227 0.086194769 0.996274471 0.002764270 -1.638773918 -0.890501678 0.078287177 -0.448193908 -43.701141357
-0.449498534 0.036892056 0.892518878 269.826049805 0.087358467 0.996172965 0.002819702 -1.649933338 -0.888999164 0.079236537 -0.451001048 -44.795379639
-0.451612711 0.038676325 0.891375542 271.996093750 0.089069240 0.996023595 0.001909706 -1.664435387 -0.887757182 0.080256581 -0.453261852 -45.903320312
-0.454503536 0.040886603 0.889806151 274.200317383 0.089481585 0.995988488 -0.000059449 -1.657727242 -0.886239111 0.079594240 -0.456338882 -47.040252686
-0.456831574 0.042001843 0.888561130 276.391204834 0.091798723 0.995777547 0.000126108 -1.679762840 -0.884803951 0.081626385 -0.458758354 -48.171020508
-0.460445046 0.042703547 0.886660576 278.562133789 0.091579773 0.995797634 -0.000402236 -1.690851212 -0.882951677 0.081014961 -0.462420821 -49.279541016
-0.463524461 0.042555176 0.885061741 280.750061035 0.090705164 0.995877743 -0.000379299 -1.700912476 -0.881429434 0.080103859 -0.465473652 -50.426513672
-0.467091680 0.043868262 0.883119941 282.948547363 0.091564626 0.995798588 -0.001035958 -1.716872692 -0.879455090 0.080378659 -0.469146013 -51.570922852
-0.470373631 0.044223588 0.881358564 285.148071289 0.090525530 0.995892763 -0.001657812 -1.722536564 -0.877811909 0.079005659 -0.472445011 -52.745422363
-0.473300815 0.044666544 0.879767716 287.376586914 0.089415327 0.995991409 -0.002463321 -1.736336708 -0.876351118 0.077498823 -0.475397348 -53.933898926
-0.475876570 0.045293398 0.878345191 289.585113525 0.091143660 0.995835781 -0.001971512 -1.757287025 -0.874776840 0.079117395 -0.478023052 -55.129180908
-0.477679849 0.044834379 0.877389193 291.791503906 0.092678018 0.995696068 -0.000422826 -1.780861378 -0.873631895 0.081112720 -0.479779124 -56.329071045
-0.479938865 0.044838216 0.876155376 294.011993408 0.092811704 0.995683670 -0.000114977 -1.787204266 -0.872378767 0.081262290 -0.482028842 -57.523437500
-0.482036710 0.044290818 0.875030935 296.256591797 0.092581131 0.995704949 0.000602157 -1.801650524 -0.871245980 0.081301615 -0.484066844 -58.749847412
-0.484209180 0.043543734 0.873868167 298.491516113 0.091646649 0.995790899 0.001162287 -1.808461189 -0.870139360 0.080649868 -0.486161709 -59.955780029
-0.486577988 0.044030260 0.872526884 300.722473145 0.093548737 0.995612860 0.001927350 -1.817398548 -0.868614078 0.082561590 -0.488562346 -61.187835693
-0.488766909 0.043379784 0.871335268 302.973937988 0.093309432 0.995633304 0.002772985 -1.827774048 -0.867410123 0.082659140 -0.490680337 -62.438385010
-0.490812898 0.044089194 0.870148778 305.199554443 0.092731968 0.995689392 0.001855885 -1.834652901 -0.866316080 0.081601501 -0.492785573 -63.681549072
-0.493597984 0.045945566 0.868475854 307.400543213 0.091863766 0.995771468 -0.000469246 -1.844951153 -0.864825070 0.079549842 -0.495731473 -64.905364990
-0.497235060 0.044782192 0.866459370 309.633605957 0.089853674 0.995954990 0.000089274 -1.869965553 -0.862950563 0.077898949 -0.499247551 -66.148223877
-0.501840711 0.043114573 0.863885045 311.895324707 0.087921023 0.996126533 0.001359861 -1.877902985 -0.860480189 0.076636076 -0.503687620 -67.446624756
-0.507461429 0.040707115 0.860712409 314.134460449 0.085315756 0.996348917 0.003178726 -1.885162354 -0.857440472 0.075045414 -0.509081602 -68.734771729
-0.511825800 0.040720191 0.858123779 316.368255615 0.085150935 0.996361911 0.003508107 -1.882513523 -0.854858994 0.074865572 -0.513431072 -70.046356201
-0.516590118 0.040724672 0.855263710 318.659973145 0.085224099 0.996353626 0.004033558 -1.889358997 -0.851980865 0.074972779 -0.518177271 -71.432800293
-0.520315766 0.042627893 0.852909446 320.909484863 0.088771693 0.996042371 0.004373407 -1.889174938 -0.849347532 0.077989765 -0.522040725 -72.807495117
-0.524609327 0.044164326 0.850196779 323.220581055 0.089755215 0.995957196 0.003646980 -1.881479740 -0.846598506 0.078222834 -0.526452422 -74.193206787
-0.528509259 0.043541443 0.847810388 325.512878418 0.090092197 0.995920837 0.005013755 -1.892863274 -0.844133675 0.079030909 -0.530276060 -75.586456299
-0.532456517 0.041868050 0.845421314 327.784301758 0.089961439 0.995918214 0.007337641 -1.898827076 -0.841663301 0.079962283 -0.534049630 -76.983978271
-0.536762953 0.039704934 0.842798293 330.086456299 0.088106856 0.996068656 0.009188037 -1.909412861 -0.839120150 0.079188101 -0.538151026 -78.405975342
-0.541134953 0.039597291 0.840003014 332.377227783 0.087574728 0.996113062 0.009459922 -1.917378902 -0.836363375 0.078682132 -0.542499304 -79.835021973
-0.544813991 0.039223503 0.837639093 334.638641357 0.087163702 0.996143341 0.010047015 -1.911719799 -0.834014535 0.078485481 -0.546131730 -81.294372559
-0.548712254 0.039898224 0.835058987 336.918518066 0.088435493 0.996026337 0.010521331 -1.900108814 -0.831320941 0.079622023 -0.550060272 -82.775848389
-0.552854538 0.038862683 0.832370996 339.171142578 0.087936096 0.996055007 0.011901555 -1.886535168 -0.828624785 0.079775281 -0.554090977 -84.230651855
-0.556393504 0.038253773 0.830037951 341.427673340 0.086728819 0.996156931 0.012226658 -1.874103069 -0.826380312 0.078791045 -0.557572961 -85.721954346
-0.559890866 0.037331842 0.827724993 343.683502197 0.086183704 0.996189594 0.013366603 -1.857636452 -0.824072003 0.078820243 -0.560974956 -87.216644287
-0.562703133 0.036867246 0.825836539 345.937591553 0.086673886 0.996129930 0.014587753 -1.846438408 -0.822102726 0.079787038 -0.563720822 -88.737091064
-0.565582991 0.035798300 0.823914051 348.215515137 0.084424607 0.996321976 0.014664751 -1.843419075 -0.820358634 0.077852748 -0.566524982 -90.289215088
-0.568577647 0.035254575 0.821873903 350.486511230 0.081038363 0.996622086 0.013312393 -1.826923847 -0.818628371 0.074172445 -0.569513917 -91.818847656
-0.572029591 0.034308314 0.819515109 352.740661621 0.077511191 0.996914744 0.012368570 -1.816664696 -0.816562355 0.070596784 -0.572924018 -93.367401123
-0.575069904 0.031565361 0.817495167 354.997589111 0.074600220 0.997115552 0.013976865 -1.800906181 -0.814696014 0.069022991 -0.575765967 -94.930145264
-0.578195333 0.030500643 0.815328300 357.216827393 0.074896485 0.997065902 0.015814042 -1.788112640 -0.812453687 0.070208818 -0.578783154 -96.482879639
-0.581555963 0.030381275 0.812938869 359.432495117 0.074015409 0.997133791 0.015683724 -1.777779579 -0.810132325 0.069290966 -0.582137704 -98.046997070
-0.584768772 0.029526768 0.810662508 361.627441406 0.072233975 0.997262836 0.015782431 -1.759724617 -0.807977557 0.067786448 -0.585301042 -99.601593018
-0.588901520 0.025137801 0.807814062 363.843322754 0.068246394 0.997493029 0.018711748 -1.733973503 -0.805318534 0.066149764 -0.589140654 -101.159881592
-0.591747880 0.022976821 0.805795550 365.978179932 0.067307808 0.997511566 0.020984989 -1.730877876 -0.803308249 0.066654161 -0.591821909 -102.716339111
-0.595096231 0.022367638 0.803343356 368.164245605 0.065760486 0.997615755 0.020936875 -1.695203781 -0.800959647 0.065287694 -0.595148325 -104.307434082
-0.597616076 0.022657542 0.801462471 370.329895020 0.065750733 0.997618735 0.020824555 -1.669828415 -0.799082160 0.065141827 -0.597682714 -105.911834717
-0.600318432 0.021949641 0.799459934 372.515045166 0.065139778 0.997644007 0.021522870 -1.644490242 -0.797104001 0.064997211 -0.600333929 -107.532867432
-0.603662014 0.020874655 0.796966970 374.683532715 0.064645693 0.997646987 0.022834847 -1.622524261 -0.794615030 0.065305017 -0.603591084 -109.152130127
-0.606683016 0.019122275 0.794713974 376.852325439 0.061081015 0.997876525 0.022618379 -1.595004082 -0.792593837 0.062264111 -0.606562734 -110.776519775
-0.609304905 0.015565449 0.792783201 378.976257324 0.051106118 0.998499453 0.019673876 -1.574115753 -0.791287303 0.052503459 -0.609186172 -112.402862549
-0.612376571 0.018282952 0.790354848 381.129211426 0.043831974 0.998979986 0.010852555 -1.561601162 -0.789350271 0.041288663 -0.612553358 -114.042510986
-0.615291476 0.028257554 0.787793159 383.292144775 0.053643741 0.998541653 0.006080515 -1.573891640 -0.786472440 0.046001460 -0.615909934 -115.711486816
-0.616437316 0.029032702 0.786868632 385.449523926 0.061052818 0.998073876 0.011003684 -1.579306126 -0.785033584 0.054823626 -0.617022514 -117.382202148
-0.618460536 0.020247951 0.785555124 387.593261719 0.060188234 0.997951925 0.021663100 -1.556201935 -0.783507586 0.060678944 -0.618412614 -119.077301025
-0.621872544 0.009781300 0.783057690 389.760742188 0.054096229 0.998070002 0.030493962 -1.508792877 -0.781248093 0.061323810 -0.621201396 -120.755920410
-0.625611901 0.003289714 0.780127764 391.925537109 0.047931019 0.998264015 0.034227990 -1.457592964 -0.778660893 0.058805741 -0.624683499 -122.444091797
-0.628622890 0.003056637 0.777704477 394.071716309 0.046847120 0.998325229 0.033943027 -1.396861076 -0.776298285 0.057770573 -0.627713203 -124.151458740
-0.630984187 0.008138101 0.775752902 396.167175293 0.052323800 0.998114526 0.032088488 -1.351558685 -0.774029076 0.060837671 -0.630220294 -125.848236084
-0.633325219 0.014784097 0.773744643 398.267883301 0.057008721 0.997992277 0.027593913 -1.305168152 -0.771783233 0.061586112 -0.632896543 -127.556121826
-0.636018157 0.017533749 0.771475196 400.347900391 0.057998627 0.998000264 0.025132995 -1.272191048 -0.769491792 0.060729530 -0.635763168 -129.250915527
-0.638830185 0.017755190 0.769142866 402.452575684 0.058045704 0.997996509 0.025173126 -1.232494354 -0.767154932 0.060726792 -0.638580918 -130.967224121
-0.641637444 0.017474135 0.766809046 404.501922607 0.059367832 0.997872651 0.026937163 -1.193741798 -0.764707088 0.062807679 -0.641309857 -132.678710938
-0.643582225 0.016945004 0.765189588 406.549011230 0.060167521 0.997781098 0.028509717 -1.144027710 -0.763008595 0.064387895 -0.643173695 -134.408813477
-0.645896316 0.017066075 0.763234437 408.622009277 0.060456686 0.997753739 0.028852222 -1.108980179 -0.761027634 0.064778164 -0.645477295 -136.147705078
-0.647628188 0.016930964 0.761768341 410.696441650 0.060185108 0.997766137 0.028991012 -1.058143616 -0.759575784 0.064622506 -0.647200584 -137.896484375
-0.648979783 0.017886752 0.760595381 412.794067383 0.061545514 0.997681379 0.029051598 -1.012520790 -0.758312225 0.065665133 -0.648575902 -139.665527344
-0.650153756 0.017432928 0.759602964 414.858062744 0.063017271 0.997529507 0.031043913 -0.961577415 -0.757185161 0.068051405 -0.649646163 -141.437744141
-0.651699424 0.016808085 0.758291245 416.858978271 0.064819649 0.997331142 0.033601459 -0.914422035 -0.755702674 0.071050219 -0.651049614 -143.173095703
-0.652734399 0.016479712 0.757407606 418.901916504 0.066426679 0.997157812 0.035550348 -0.852977753 -0.754669011 0.073517010 -0.651973844 -144.934692383
-0.654406786 0.016819062 0.755955875 420.944763184 0.065578006 0.997248054 0.034581255 -0.793477058 -0.753293872 0.072204269 -0.653708816 -146.686401367
-0.656670690 0.016872251 0.753988981 422.996887207 0.061691832 0.997601032 0.031405542 -0.736461639 -0.751650274 0.067138046 -0.656136155 -148.443115234
-0.658213735 0.016699806 0.752645731 425.040893555 0.058783233 0.997841656 0.029267652 -0.677774429 -0.750532508 0.063507326 -0.657774806 -150.218933105
-0.660098433 0.015430594 0.751020551 427.102539062 0.058029719 0.997848749 0.030502401 -0.632163048 -0.748934269 0.063716099 -0.659573913 -151.990112305
-0.661380053 0.014273385 0.749915242 429.123352051 0.056022793 0.997966170 0.030414103 -0.579218864 -0.747955918 0.062127620 -0.660834551 -153.755859375
-0.662694693 0.013021042 0.748776674 431.144958496 0.052459229 0.998199880 0.029069876 -0.523209572 -0.747050285 0.058544692 -0.662184834 -155.519042969
-0.663723111 0.012782848 0.747869074 433.154724121 0.052430972 0.998189628 0.029470328 -0.472375870 -0.746138453 0.058771644 -0.663191795 -157.304443359
-0.663648486 0.011604972 0.747954667 435.161132812 0.052755706 0.998116076 0.031322934 -0.421434402 -0.746182084 0.060246289 -0.663010478 -159.086853027
-0.663757086 0.010549447 0.747873962 437.181884766 0.055233173 0.997861803 0.034945086 -0.362334251 -0.745906174 0.064502493 -0.662920475 -160.888000488
-0.663051486 0.009001335 0.748519719 439.211425781 0.059717916 0.997376800 0.040905170 -0.308399200 -0.746188045 0.071822271 -0.661849737 -162.691162109
-0.661385179 0.008445472 0.749998868 441.244354248 0.063743554 0.996951878 0.044985816 -0.217353821 -0.747332871 0.077560544 -0.659907579 -164.523498535
-0.659423828 0.005976318 0.751747727 443.247314453 0.057899974 0.997401953 0.042859893 -0.128040314 -0.749538481 0.071789004 -0.658056617 -166.291625977
-0.658832550 0.005447347 0.752269804 445.268157959 0.050748508 0.998017728 0.037218329 -0.045755386 -0.750575840 0.062697217 -0.657803059 -168.039916992
-0.657518744 0.002778493 0.753433108 447.318359375 0.045711197 0.998298168 0.036210518 0.006994247 -0.752050281 0.058249425 -0.656526804 -169.794189453
-0.655230999 0.002772974 0.755423486 449.359313965 0.043677304 0.998459458 0.034219246 0.081630707 -0.754164875 0.055416372 -0.654342771 -171.555725098
-0.652394176 0.003301556 0.757872880 451.391998291 0.045649681 0.998346031 0.034947138 0.147823334 -0.756503999 0.057395954 -0.651465893 -173.323791504
-0.649217248 0.003470920 0.760595083 453.408660889 0.046315894 0.998314261 0.034977887 0.221885681 -0.759191573 0.057935890 -0.648283601 -175.079040527
-0.647005916 0.004443219 0.762471974 455.438659668 0.044201031 0.998519957 0.031688627 0.283271790 -0.761202693 0.054204781 -0.646244764 -176.797912598
-0.645457625 -0.000343305 0.763796270 457.488769531 0.037592568 0.998773694 0.032217085 0.338411331 -0.762870669 0.049507819 -0.644653082 -178.521423340
-0.644944072 -0.006881277 0.764198840 459.539459229 0.028509837 0.999046743 0.033056799 0.393093109 -0.763697863 0.043106969 -0.644133091 -180.226440430
-0.644361138 -0.010275503 0.764652252 461.590087891 0.021622254 0.999265134 0.031649016 0.447450638 -0.764415562 0.036926903 -0.643665433 -181.938964844
-0.643710375 -0.010469375 0.765197575 463.638427734 0.020032531 0.999333262 0.030524852 0.504743576 -0.765006959 0.034978010 -0.643071532 -183.650695801
-0.642456889 -0.010467823 0.766250372 465.712951660 0.022533130 0.999216318 0.032543126 0.547621727 -0.765990555 0.038173575 -0.641717553 -185.379211426
-0.640373230 -0.011403273 0.767979264 467.780517578 0.024490571 0.999078214 0.035255987 0.611738205 -0.767673314 0.041385237 -0.639503598 -187.134155273
-0.639248252 -0.013303403 0.768885434 469.859527588 0.022997787 0.999072433 0.036406409 0.685043335 -0.768656552 0.040955391 -0.638349295 -188.845947266
-0.638022780 -0.013894368 0.769892156 471.903686523 0.020828985 0.999159932 0.035293333 0.744546890 -0.769735754 0.038554020 -0.637197375 -190.535217285
-0.636904478 -0.012887035 0.770834923 473.921508789 0.019446418 0.999273598 0.032773793 0.808531761 -0.770697355 0.035863757 -0.636191249 -192.217590332
-0.635806441 -0.011396883 0.771764636 476.016387939 0.020546649 0.999286711 0.031683814 0.861894608 -0.771575272 0.036001939 -0.635118723 -193.928100586
-0.634602904 -0.010965257 0.772760630 478.124237061 0.022257859 0.999225259 0.032457225 0.918571472 -0.772517860 0.037797444 -0.633867264 -195.648376465
