1.000000000 0.000000000 0.000000000 0.000000000 0.000000000 1.000000000 0.000000000 0.000000000 0.000000000 0.000000000 1.000000000 0.000000000
0.999991179 -0.002474811 -0.003388979 0.002002196 0.002467505 0.999994636 -0.002158234 -0.002793426 0.003394302 0.002149853 0.999991953 0.689957261
0.999971628 -0.001485426 -0.007387968 -0.007597920 0.001458964 0.999992490 -0.003585880 -0.007637931 0.007393239 0.003575000 0.999966264 1.396304131
0.999930263 -0.001641091 -0.011696925 -0.020570310 0.001584885 0.999987185 -0.004812826 -0.015643528 0.011704673 0.004793952 0.999920011 2.121416330
0.999862611 -0.000744268 -0.016557738 -0.036993135 0.000657215 0.999985933 -0.005262321 -0.019548163 0.016561422 0.005250716 0.999849081 2.858959198
0.999776542 -0.001676800 -0.021071358 -0.051425733 0.001552958 0.999981463 -0.005892269 -0.021616187 0.021080848 0.005858230 0.999760628 3.619250059
0.999679923 0.000469763 -0.025294635 -0.083489940 -0.000647974 0.999975026 -0.007037652 -0.032725908 0.025290698 0.007051789 0.999655247 4.397214413
0.999543190 0.003073688 -0.030066164 -0.113562971 -0.003315355 0.999962568 -0.007991303 -0.035010573 0.030040476 0.008087332 0.999515951 5.182183743
0.999396443 0.003264609 -0.034583956 -0.143783078 -0.003473514 0.999976099 -0.005982177 -0.049884997 0.034563601 0.006098694 0.999383867 5.986996651
0.999235034 0.002185567 -0.039045766 -0.175635889 -0.002315901 0.999991894 -0.003293075 -0.056991428 0.039038252 0.003380982 0.999231994 6.802350998
0.999102473 0.001924389 -0.042315174 -0.216905102 -0.001940272 0.999998033 -0.000334269 -0.070014730 0.042314451 0.000416072 0.999104261 7.629297733
0.998981476 0.003760083 -0.044965696 -0.262962461 -0.003824098 0.999991775 -0.001337709 -0.075727515 0.044960298 0.001508300 0.998987615 8.465506554
0.998858392 0.003071619 -0.047670018 -0.294731826 -0.003142865 0.999994040 -0.001419687 -0.082819447 0.047665372 0.001567887 0.998862147 9.306407928
0.998803079 0.000099816 -0.048912562 -0.337919027 -0.000196091 0.999998033 -0.001963508 -0.089709349 0.048912272 0.001970749 0.998801112 10.142353058
0.998687863 0.000044464 -0.051211230 -0.385056227 -0.000101389 0.999999404 -0.001108989 -0.097842850 0.051211149 0.001112726 0.998687208 11.023241043
0.998622954 -0.001712337 -0.052433543 -0.432532579 0.001624201 0.999997199 -0.001723462 -0.099693812 0.052436348 0.001635926 0.998622954 11.894293785
0.998532832 0.000565629 -0.054146256 -0.487112075 -0.000757156 0.999993503 -0.003516780 -0.116307244 0.054143917 0.003552618 0.998526812 12.759156227
0.998449802 0.000911893 -0.055651903 -0.539526880 -0.001263109 0.999979496 -0.006276094 -0.123613894 0.055645041 0.006336660 0.998430490 13.659024239
0.998346806 0.004353824 -0.057311922 -0.596253693 -0.004807353 0.999958217 -0.007777849 -0.135849223 0.057275660 0.008040509 0.998326004 14.547683716
0.998279631 0.005319296 -0.058391184 -0.656728804 -0.005761534 0.999955952 -0.007407960 -0.147276342 0.058349207 0.007731638 0.998266280 15.451170921
0.998187721 0.004396363 -0.060016003 -0.708716929 -0.004759428 0.999971211 -0.005907859 -0.161453247 0.059988305 0.006182794 0.998179913 16.374929428
0.998118162 0.005074697 -0.061109524 -0.766093373 -0.005339473 0.999977052 -0.004170292 -0.175031707 0.061086960 0.004488736 0.998122334 17.290126801
0.998068631 0.004409353 -0.061964117 -0.826450288 -0.004671419 0.999980748 -0.004085071 -0.187688276 0.061944909 0.004366641 0.998070002 18.208541870
0.997941673 0.004395796 -0.063977480 -0.889699101 -0.004737442 0.999975324 -0.005189388 -0.197699308 0.063953087 0.005481796 0.997937858 19.142757416
0.997887433 0.003092216 -0.064893350 -0.950429738 -0.003465079 0.999978125 -0.005634024 -0.211523190 0.064874507 0.005846982 0.997876287 20.077459335
0.997853220 0.002684334 -0.065435313 -1.009087920 -0.002943966 0.999988198 -0.003871668 -0.222035199 0.065424152 0.004055996 0.997849286 21.006072998
0.997828841 0.004572428 -0.065701202 -1.074158907 -0.004627015 0.999989092 -0.000678692 -0.237679660 0.065697379 0.000981219 0.997839093 21.960140228
0.997906208 0.005551585 -0.064438500 -1.142534614 -0.005365497 0.999980927 0.003060526 -0.245504901 0.064454265 -0.002708373 0.997916996 22.909084320
0.998025656 0.004737343 -0.062628917 -1.209838748 -0.004410143 0.999975920 0.005361620 -0.245077193 0.062652811 -0.005074832 0.998022497 23.865913391
0.998094499 0.004536845 -0.061537191 -1.266015649 -0.004140622 0.999969900 0.006564744 -0.254311264 0.061565123 -0.006297432 0.998083174 24.840408325
0.998190045 0.004587360 -0.059963375 -1.326786041 -0.004368677 0.999983311 0.003777521 -0.259162188 0.059979707 -0.003508724 0.998193443 25.807706833
0.998238266 0.005668413 -0.059060913 -1.385088086 -0.005721697 0.999983370 -0.000733109 -0.268819422 0.059055772 0.001069746 0.998254120 26.772268295
0.998313725 0.004828995 -0.057848349 -1.444667339 -0.005061078 0.999979734 -0.003866085 -0.271638811 0.057828505 0.004152340 0.998317897 27.740766525
0.998385012 0.002361922 -0.056761220 -1.502645969 -0.002527636 0.999992728 -0.002847880 -0.280135989 0.056754082 0.002986752 0.998383701 28.721778870
0.998382390 0.000477326 -0.056853641 -1.559520960 -0.000346162 0.999997258 0.002316871 -0.295397580 0.056854591 -0.002293442 0.998379827 29.713571548
0.998302877 -0.002736930 -0.058170706 -1.608685613 0.003061174 0.999980271 0.005485632 -0.303793579 0.058154546 -0.005654393 0.998291552 30.712614059
0.998187006 -0.010084050 -0.059338517 -1.652807117 0.010374970 0.999935627 0.004596654 -0.310274094 0.059288345 -0.005203955 0.998227358 31.702508926
0.998075128 -0.012329739 -0.060777940 -1.711730242 0.012412067 0.999922514 0.000977209 -0.317952156 0.060761180 -0.001729708 0.998150826 32.701374054
0.997977138 -0.011738750 -0.062480804 -1.770700455 0.011570598 0.999928415 -0.003052423 -0.324875087 0.062512159 0.002323308 0.998041511 33.699096680
0.997858167 -0.011085361 -0.064468816 -1.840968132 0.010865465 0.999933898 -0.003760518 -0.334367752 0.064506240 0.003051980 0.997912645 34.712982178
0.997808576 -0.010723186 -0.065291688 -1.907503128 0.010582715 0.999940872 -0.002496910 -0.342676729 0.065314598 0.001800475 0.997863114 35.727737427
0.997769594 -0.007420362 -0.066338755 -1.983511925 0.007456289 0.999972165 0.000293980 -0.360086650 0.066334732 -0.000787965 0.997797132 36.753009796
0.997709513 -0.006453041 -0.067335568 -2.058681488 0.006574559 0.999977112 0.001583227 -0.376944959 0.067323819 -0.002022303 0.997729123 37.761268616
0.997608721 -0.006318595 -0.068825036 -2.123003006 0.006641729 0.999967992 0.004467185 -0.387482792 0.068794601 -0.004913620 0.997618735 38.802574158
0.997622728 -0.006182254 -0.068634726 -2.196315765 0.006711653 0.999949455 0.007485368 -0.395419389 0.068584979 -0.007928225 0.997613788 39.825908661
0.997607708 -0.000149840 -0.069129467 -2.280857801 0.000810750 0.999954224 0.009532510 -0.396538913 0.069124877 -0.009565752 0.997562170 40.848930359
0.997593284 -0.000349683 -0.069336273 -2.352913141 0.000962276 0.999960780 0.008801894 -0.400898397 0.069330476 -0.008847431 0.997554541 41.861824036
0.997606099 -0.000106760 -0.069152415 -2.421680450 0.000620353 0.999972403 0.007405540 -0.409539223 0.069149710 -0.007430711 0.997578621 42.883380890
0.997609556 0.001739185 -0.069080390 -2.503408432 -0.001398857 0.999986649 0.004974615 -0.409247935 0.069088116 -0.004866090 0.997598708 43.903369904
0.997536540 0.001654955 -0.070129551 -2.577272415 -0.001299659 0.999986112 0.005111597 -0.420088470 0.070137039 -0.005007860 0.997524798 44.919979095
0.997473001 -0.000539651 -0.071044698 -2.649784565 0.000988426 0.999979794 0.006281793 -0.424458802 0.071039878 -0.006336141 0.997453332 45.914520264
0.997403622 -0.000135668 -0.072013676 -2.728258848 0.000670834 0.999972343 0.007407309 -0.435305089 0.072010674 -0.007436386 0.997376144 46.939651489
0.997389317 0.002118876 -0.072180904 -2.801342726 -0.001796551 0.999988139 0.004530145 -0.452992082 0.072189644 -0.004388642 0.997381270 47.935188293
0.997329772 0.002847222 -0.072974242 -2.885521889 -0.002858478 0.999995887 -0.000049807 -0.456598997 0.072973803 0.000258269 0.997333825 48.937713623
0.997257233 0.003673991 -0.073922426 -2.951724052 -0.003783502 0.999991953 -0.001341454 -0.467738271 0.073916897 0.001617461 0.997263074 49.935585022
0.997271180 0.002221196 -0.073792279 -3.026402473 -0.002048448 0.999994993 0.002416601 -0.481796205 0.073797278 -0.002258847 0.997270703 50.928989410
0.997253895 0.000209874 -0.074057996 -3.096564770 0.000198231 0.999984860 0.005503222 -0.493451685 0.074058034 -0.005502790 0.997238755 51.917949677
0.997228324 -0.001649373 -0.074384011 -3.170409918 0.002118793 0.999978364 0.006232297 -0.505232275 0.074372120 -0.006372627 0.997210205 52.902534485
0.997218013 -0.005063571 -0.074367613 -3.239463329 0.005463411 0.999971688 0.005174087 -0.513879657 0.074339308 -0.005565993 0.997217476 53.874668121
0.997146606 -0.008099094 -0.075053580 -3.301669836 0.008404846 0.999957621 0.003758821 -0.523231804 0.075019956 -0.004378909 0.997172415 54.836151123
0.997051835 -0.009079838 -0.076191559 -3.382106304 0.009484638 0.999942780 0.004952739 -0.533022881 0.076142222 -0.005660786 0.997080922 55.838977814
0.996962368 -0.012306713 -0.076906390 -3.458422661 0.013032444 0.999875069 0.008941782 -0.535904765 0.076786742 -0.009916898 0.996998191 56.813129425
0.996867955 -0.012839204 -0.078034855 -3.520117283 0.013974942 0.999803960 0.014025592 -0.540125608 0.077839479 -0.015072196 0.996851981 57.775836945
0.996834695 -0.011511205 -0.078664698 -3.604766369 0.012829481 0.999785244 0.016273359 -0.542751908 0.078460477 -0.017231075 0.996768296 58.755897522
0.996751547 -0.010272054 -0.079880327 -3.686702967 0.011277537 0.999862611 0.012146410 -0.544388354 0.079744585 -0.013007806 0.996730447 59.706237793
0.996677876 -0.008856598 -0.080961272 -3.766561985 0.009263583 0.999946296 0.004652664 -0.548726916 0.080915712 -0.005387199 0.996706367 60.646408081
0.996616364 -0.007391208 -0.081860788 -3.850348949 0.007424748 0.999972403 0.000105314 -0.560455978 0.081857748 -0.000712753 0.996643782 61.585182190
0.996539950 -0.002268214 -0.083083875 -3.935054541 0.002324022 0.999997139 0.000574998 -0.570835531 0.083082333 -0.000766097 0.996542394 62.520095825
0.996469617 0.000571160 -0.083952196 -4.016880989 -0.000320173 0.999995410 0.003003067 -0.584911466 0.083953530 -0.002965586 0.996465266 63.432186127
0.996368825 0.002975647 -0.085090019 -4.093727112 -0.002590399 0.999985874 0.004637587 -0.598106325 0.085102618 -0.004400330 0.996362448 64.321037292
0.996283293 0.003751080 -0.086055480 -4.190762520 -0.003387225 0.999984682 0.004373766 -0.608217478 0.086070575 -0.004066020 0.996280730 65.223625183
0.996137798 0.005249423 -0.087646402 -4.270133495 -0.004820295 0.999975324 0.005107055 -0.616237104 0.087671049 -0.004664849 0.996138573 66.085166931
0.996003091 0.006076439 -0.089111507 -4.348481178 -0.005577943 0.999967396 0.005842032 -0.629604638 0.089144096 -0.005321623 0.996004522 66.943725586
0.995856404 0.006106636 -0.090734072 -4.423923492 -0.005552210 0.999964356 0.006361614 -0.640047908 0.090769686 -0.005831480 0.995854855 67.777679443
0.995756805 0.005360423 -0.091867790 -4.504785061 -0.004703937 0.999961853 0.007361033 -0.644809306 0.091903739 -0.006897658 0.995743990 68.622627258
0.995592296 0.008278229 -0.093421124 -4.584061146 -0.007388047 0.999924004 0.009870551 -0.648826957 0.093495734 -0.009136844 0.995577753 69.440803528
0.995511353 0.010123038 -0.094099142 -4.674681187 -0.008823900 0.999860048 0.014211901 -0.657331169 0.094229847 -0.013317787 0.995461404 70.249389648
0.995300472 0.013424536 -0.095899992 -4.756208420 -0.011944741 0.999800861 0.015988078 -0.660625935 0.096095525 -0.014767440 0.995262563 71.039955139
0.995139360 0.016165610 -0.097140916 -4.837514400 -0.015081784 0.999815643 0.011881243 -0.667335212 0.097315080 -0.010358434 0.995199740 71.799972534
0.994968534 0.016165879 -0.098874912 -4.911383152 -0.015798688 0.999865115 0.004495588 -0.676953197 0.098934248 -0.002910875 0.995089710 72.544868469
0.994877040 0.015038459 -0.099967651 -4.989507675 -0.015221216 0.999883592 -0.001065639 -0.683565259 0.099939987 0.002581809 0.994990110 73.261894226
0.994827628 0.015943844 -0.100318536 -5.069678307 -0.016272359 0.999864578 -0.002457260 -0.687487960 0.100265771 0.004076969 0.994952321 73.974472046
0.994707406 0.018498732 -0.101068877 -5.146343708 -0.018462311 0.999828696 0.001295803 -0.700699687 0.101075538 0.000577020 0.994878590 74.663436890
0.994600296 0.018734328 -0.102075070 -5.226344585 -0.018497221 0.999823570 0.003268998 -0.710965514 0.102118306 -0.001363241 0.994771302 75.338180542
0.994538784 0.015649844 -0.103187658 -5.289478302 -0.015695639 0.999876738 0.000368199 -0.729985416 0.103180707 0.001253408 0.994661808 75.977890015
0.994649351 0.007973678 -0.103000283 -5.350795746 -0.008520397 0.999951839 -0.004869048 -0.741835237 0.102956496 0.005720598 0.994669437 76.616523743
0.994750321 0.004002048 -0.102253616 -5.400990009 -0.004981264 0.999944150 -0.009322801 -0.763059437 0.102210596 0.009783211 0.994714677 77.230049133
0.995058775 0.006051126 -0.099103265 -5.460437298 -0.007036020 0.999929249 -0.009591568 -0.770605505 0.099038213 0.010241467 0.995030940 77.808242798
0.995445371 0.011368732 -0.094653666 -5.529625893 -0.012051706 0.999905288 -0.006646973 -0.782183290 0.094569132 0.007757437 0.995488048 78.389396667
0.995885491 0.009700802 -0.090099774 -5.575922012 -0.010037968 0.999944210 -0.003289752 -0.794730961 0.090062827 0.004180634 0.995927334 78.959022522
0.996414065 0.006059696 -0.084393509 -5.612605095 -0.006027060 0.999981642 0.000641481 -0.800996363 0.084395848 -0.000130536 0.996432304 79.510223389
0.997073233 0.001657815 -0.076434143 -5.637289047 -0.001344061 0.999990463 0.004156152 -0.816019475 0.076440305 -0.004041256 0.997065961 80.057319641
0.997818112 0.004989795 -0.065834358 -5.666184902 -0.004741054 0.999981046 0.003933983 -0.824075043 0.065852739 -0.003613276 0.997822821 80.578033447
0.998665750 0.010362285 -0.050590351 -5.695117950 -0.010210376 0.999942541 0.003260250 -0.824719191 0.050621230 -0.002739353 0.998714149 81.094329834
0.999351680 0.015472335 -0.032508027 -5.708631039 -0.015362446 0.999875426 0.003627411 -0.828163385 0.032560103 -0.003125657 0.999464869 81.594650269
0.999849200 0.014030864 -0.010232774 -5.699993134 -0.013985319 0.999892056 0.004508978 -0.838233590 0.010294934 -0.004365189 0.999937475 82.084045410
0.999822974 0.010143018 0.015846746 -5.668702126 -0.010230413 0.999932826 0.005443622 -0.843973756 -0.015790468 -0.005604777 0.999859631 82.559432983
0.998936594 0.009211211 0.045175888 -5.626261234 -0.009545675 0.999928594 0.007193441 -0.857892513 -0.045106400 -0.007617026 0.998953164 83.006149292
0.996891975 0.008887670 0.078277580 -5.567211628 -0.009593742 0.999916553 0.008648660 -0.863000214 -0.078194186 -0.009372754 0.996894062 83.465263367
0.993215024 0.008849578 0.115955181 -5.492434025 -0.009996810 0.999906659 0.009315930 -0.868774533 -0.115861915 -0.010411903 0.993210733 83.916389465
0.987537622 0.008933156 0.157129481 -5.389878273 -0.010390290 0.999910295 0.008454480 -0.863357961 -0.157039851 -0.009981737 0.987541795 84.350677490
0.979241669 0.008611503 0.202513203 -5.280860901 -0.010596910 0.999905825 0.008721624 -0.871673346 -0.202419028 -0.010686591 0.979240716 84.771179199
0.967774689 0.010691609 0.251590580 -5.159915924 -0.012907203 0.999891102 0.007157743 -0.884295106 -0.251486659 -0.010174413 0.967807293 85.147766113
0.952323079 0.011655864 0.304868728 -5.005149841 -0.013802254 0.999892831 0.004886005 -0.897602916 -0.304779083 -0.008860931 0.952381849 85.536239624
0.932703257 0.011949468 0.360446692 -4.824480057 -0.013708583 0.999903321 0.002324136 -0.900062919 -0.360384077 -0.007108943 0.932776928 85.907188416
0.908438742 0.012926941 0.417818129 -4.627447128 -0.014401870 0.999896228 0.000377239 -0.902619481 -0.417769909 -0.006360060 0.908530593 86.258354187
0.879520655 0.012696187 0.475691348 -4.407541275 -0.013517790 0.999907196 -0.001694026 -0.908905685 -0.475668699 -0.004940365 0.879610658 86.589820862
0.846260905 0.011531608 0.532643914 -4.162507534 -0.011239031 0.999929667 -0.003791734 -0.916711092 -0.532650173 -0.002777605 0.846331000 86.898773193
0.810072958 0.010942026 0.586226940 -3.886051178 -0.010008110 0.999938250 -0.004834392 -0.928796530 -0.586243629 -0.001950813 0.810132444 87.193939209
0.770096302 0.009594920 0.637855470 -3.607509613 -0.009057113 0.999950528 -0.004106881 -0.935166538 -0.637863338 -0.002614436 0.770145118 87.470748901
0.727090836 0.009493804 0.686475694 -3.316820145 -0.010492897 0.999941289 -0.002715255 -0.935269952 -0.686461151 -0.005228880 0.727147758 87.730445862
0.682549894 0.008233299 0.730792642 -3.005302429 -0.009676398 0.999950707 -0.002228086 -0.944521904 -0.730774999 -0.005550659 0.682595909 87.951065063
0.636308312 0.007062136 0.771402478 -2.677160263 -0.006543464 0.999971509 -0.003757149 -0.950633109 -0.771407068 -0.002656939 0.636336446 88.159423828
0.589631855 0.004324912 0.807660580 -2.340385437 -0.000339146 0.999986887 -0.005107200 -0.955500603 -0.807672083 0.002737453 0.589625597 88.345245361
0.543642640 0.006029988 0.839295089 -1.998851776 -0.001902529 0.999980450 -0.005952107 -0.965522528 -0.839314640 0.001639036 0.543643534 88.511901855
0.496812165 0.009307618 0.867808163 -1.656364441 -0.005297140 0.999956369 -0.007692402 -0.966412961 -0.867841899 -0.000775222 0.496839821 88.665306091
0.450445116 0.011615693 0.892728627 -1.305648804 -0.006866629 0.999930859 -0.009545846 -0.980195880 -0.892777741 -0.001830155 0.450493753 88.820846558
0.408208430 0.009829831 0.912835836 -0.942409515 0.000377007 0.999940097 -0.010936403 -0.977948070 -0.912888646 0.004808478 0.408180296 88.934219360
0.368266344 0.002424198 0.929717243 -0.573085785 0.015188555 0.999847472 -0.008623335 -0.982234657 -0.929596364 0.017296745 0.368173301 89.030471802
0.333252430 -0.002087587 0.942835450 -0.197601318 0.019470572 0.999799550 -0.004668311 -0.993598640 -0.942636669 0.019913269 0.333226264 89.122772217
0.299913824 0.002381691 0.953963399 0.170700073 0.016709020 0.999830365 -0.007749306 -0.998524547 -0.953819990 0.018263916 0.299823105 89.223403931
0.269185781 0.010345290 0.963032782 0.548664093 0.007179807 0.999892950 -0.012748150 -1.003790021 -0.963061571 0.010346010 0.269082665 89.326293945
0.240540087 0.014324637 0.970533550 0.925437927 0.000219798 0.999890268 -0.014812405 -1.031015277 -0.970639229 0.003776300 0.240510583 89.412788391
0.215062141 0.016052652 0.976468623 1.321243286 0.001750215 0.999856949 -0.016822625 -1.044502139 -0.976598978 0.005326942 0.215003252 89.476531982
0.190903425 0.017321361 0.981455982 1.731712341 0.008830828 0.999773562 -0.019362330 -1.055634618 -0.981569111 0.012363404 0.190707207 89.538955688
0.171535671 0.023556221 0.984896362 2.146446228 0.015678547 0.999522209 -0.026636714 -1.056319952 -0.985053301 0.020010890 0.171084344 89.575111389
0.152447104 0.030506575 0.987840652 2.582199097 0.019062197 0.999246776 -0.033800568 -1.050736308 -0.988127768 0.023983212 0.151750743 89.628440857
0.134333014 0.031408645 0.990438342 3.029960632 0.016601317 0.999285936 -0.033940855 -1.063870430 -0.990797162 0.021001959 0.133715630 89.690406799
0.118872046 0.026949333 0.992543817 3.490028381 0.014746195 0.999473453 -0.028903563 -1.086335421 -0.992800117 0.018072069 0.118412018 89.739639282
0.104506373 0.023697933 0.994241774 3.970321655 0.014884831 0.999566793 -0.025389424 -1.108144283 -0.994412780 0.017452478 0.104108334 89.783828735
0.091267467 0.021305295 0.995598495 4.458992004 0.017031400 0.999591470 -0.022952028 -1.125939250 -0.995680749 0.019051209 0.090867281 89.817314148
0.079735816 0.020480625 0.996605575 4.961051941 0.020654507 0.999540329 -0.022193449 -1.140196323 -0.996601999 0.022354010 0.079276145 89.844314575
0.069485545 0.021175677 0.997358263 5.487174988 0.024041047 0.999448776 -0.022894997 -1.153968573 -0.997293293 0.025568409 0.068938136 89.873069763
0.062152624 0.021627411 0.997832358 6.034576416 0.026505690 0.999376833 -0.023311866 -1.167700052 -0.997714698 0.027897127 0.061540663 89.895805359
0.056319118 0.021953668 0.998171449 6.588508606 0.028098378 0.999327362 -0.023564467 -1.182730436 -0.998017430 0.029374130 0.055664361 89.922599792
0.050909996 0.023095284 0.998436272 7.158065796 0.029411383 0.999264300 -0.024614124 -1.197481275 -0.998270154 0.030618496 0.050193250 89.945472717
0.045162559 0.023535116 0.998702407 7.772163391 0.030134259 0.999235392 -0.024910387 -1.216491818 -0.998525083 0.031220173 0.044418812 89.970466614
0.040832937 0.023605783 0.998887181 8.378791809 0.032518033 0.999159873 -0.024941519 -1.234064937 -0.998636782 0.033500280 0.040031016 89.987686157
0.037668169 0.023404405 0.999016225 9.012710571 0.033887666 0.999120772 -0.024684601 -1.254264593 -0.998715580 0.034784153 0.036841929 90.011795044
0.034464478 0.022966571 0.999142110 9.654670715 0.034642775 0.999107659 -0.024160756 -1.272070765 -0.998805463 0.035445742 0.033638060 90.036003113
0.032122493 0.022368925 0.999233723 10.319892883 0.036590666 0.999053001 -0.023541173 -1.290464282 -0.998814046 0.037318829 0.031273603 90.053138733
0.031521499 0.021769488 0.999266028 10.999259949 0.041107122 0.998888671 -0.023057980 -1.311842442 -0.998657465 0.041803773 0.030591607 90.066886902
0.032534420 0.021664914 0.999235809 11.714256287 0.044329721 0.998749912 -0.023097724 -1.329403281 -0.998487055 0.045047313 0.031533360 90.084259033
0.034905374 0.021503830 0.999159276 12.430000305 0.046630327 0.998644590 -0.023121772 -1.350445151 -0.998302221 0.047398198 0.033855379 90.106781006
0.038915932 0.021512484 0.999010921 13.174644470 0.048669569 0.998540819 -0.023398263 -1.371616721 -0.998056531 0.049531996 0.037812114 90.132003784
0.043164611 0.021232056 0.998842418 13.941131592 0.048901755 0.998530865 -0.023338711 -1.386951804 -0.997870564 0.049852550 0.042062879 90.165824890
0.047314644 0.019644232 0.998686850 14.711456299 0.050150529 0.998498976 -0.022016514 -1.405553937 -0.997620285 0.051126376 0.046258509 90.196670532
0.051363885 0.017723206 0.998522758 15.492973328 0.050470915 0.998518825 -0.020319356 -1.430128217 -0.997403860 0.051440038 0.050393283 90.237030029
0.055439591 0.015771698 0.998337626 16.297431946 0.047866691 0.998683572 -0.018435303 -1.448225617 -0.997314155 0.048809160 0.054611683 90.287445068
0.059677064 0.014577646 0.998111308 17.127288818 0.046921890 0.998747110 -0.017392393 -1.473409176 -0.997114360 0.047871195 0.058918297 90.339347839
0.063834250 0.015670773 0.997837543 17.945892334 0.044093866 0.998855948 -0.018507570 -1.491784573 -0.996985972 0.045179930 0.063070238 90.391838074
0.066971362 0.019548837 0.997563422 18.775718689 0.042158987 0.998859704 -0.022404587 -1.520183802 -0.996863902 0.043556727 0.066070855 90.455642700
0.068482995 0.024723521 0.997345984 19.615592957 0.036544722 0.998959780 -0.027272886 -1.547729731 -0.996982813 0.038315460 0.067508221 90.522247314
0.068015575 0.027914871 0.997293651 20.447467804 0.032799300 0.999005616 -0.030199707 -1.580024123 -0.997144938 0.034764584 0.067032337 90.590408325
0.068303168 0.027413024 0.997287989 21.279743195 0.030563204 0.999095738 -0.029555960 -1.612528086 -0.997196436 0.032499082 0.067403555 90.646949768
0.067962527 0.025755839 0.997355461 22.118469238 0.027501522 0.999238491 -0.027678501 -1.644213676 -0.997308850 0.029309893 0.067202449 90.715057373
0.067785978 0.024466421 0.997399867 22.960731506 0.028724063 0.999237001 -0.026463652 -1.680130720 -0.997286320 0.030443242 0.067031443 90.775665283
0.068462670 0.023650641 0.997373462 23.794780731 0.026264926 0.999329746 -0.025499940 -1.713934541 -0.997308016 0.027941735 0.067795634 90.834922791
0.068277061 0.023924587 0.997379661 24.631801605 0.024681153 0.999365926 -0.025661826 -1.745827436 -0.997361243 0.026368592 0.067643285 90.905952454
0.068492532 0.024605971 0.997348130 25.476505280 0.021353647 0.999430597 -0.026123805 -1.781970739 -0.997423112 0.023086308 0.067928135 90.963943481
0.067275286 0.026094148 0.997393250 26.303916931 0.018548427 0.999452472 -0.027399139 -1.812225223 -0.997562110 0.020343363 0.066754460 91.027175903
0.064502537 0.025407152 0.997594237 27.124843597 0.015406514 0.999531329 -0.026452651 -1.848244309 -0.997798741 0.017075714 0.064080834 91.083694458
0.060932636 0.024474513 0.997841775 27.954174042 0.013228561 0.999591708 -0.025325231 -1.876120687 -0.998054206 0.014743144 0.060584009 91.134567261
0.056142151 0.022530384 0.998168647 28.778469086 0.011342087 0.999666452 -0.023202132 -1.901632547 -0.998358428 0.012623933 0.055867851 91.181808472
0.050218999 0.019988175 0.998538196 29.602771759 0.009368750 0.999746323 -0.020483537 -1.937038183 -0.998694241 0.010383718 0.050018966 91.225830078
0.042455852 0.020645509 0.998884976 30.434165955 0.009401314 0.999733984 -0.021062642 -1.960325718 -0.999054074 0.010285065 0.042250454 91.268432617
0.034119010 0.021516912 0.999186218 31.245616913 0.009435005 0.999716699 -0.021850515 -1.987537146 -0.999373317 0.010172846 0.033906341 91.289192200
0.024133861 0.021617185 0.999475062 32.062549591 0.009431106 0.999716759 -0.021850144 -2.017699718 -0.999664307 0.009953484 0.023923159 91.313827515
0.013491094 0.020527700 0.999698222 32.867954254 0.011093615 0.999724627 -0.020677952 -2.046165705 -0.999847412 0.011369235 0.013259649 91.323760986
0.002656877 0.019712154 0.999802291 33.676872253 0.009643031 0.999758720 -0.019736923 -2.077708960 -0.999950111 0.009693565 0.002466142 91.325157166
-0.008363366 0.018975547 0.999785006 34.472408295 0.011204625 0.999758959 -0.018881325 -2.101164818 -0.999902248 0.011044306 -0.008573890 91.311279297
-0.019245028 0.019441530 0.999625802 35.261592865 0.011277035 0.999751568 -0.019226870 -2.128121853 -0.999751210 0.010902792 -0.019459486 91.293640137
-0.030297995 0.019831076 0.999344349 36.047241211 0.011521340 0.999743700 -0.019489702 -2.157569885 -0.999474645 0.010923288 -0.030518770 91.265670776
-0.040573597 0.020830223 0.998959541 36.840633392 0.011007601 0.999731302 -0.020399237 -2.187186003 -0.999116063 0.010168480 -0.040791988 91.225120544
-0.050992727 0.021988457 0.998456955 37.619338989 0.011473498 0.999704540 -0.021429962 -2.210116386 -0.998633146 0.010363020 -0.051229954 91.184371948
-0.060046554 0.022589983 0.997939944 38.389781952 0.012233047 0.999685466 -0.021893427 -2.236113787 -0.998120666 0.010893219 -0.060304046 91.122909546
-0.070223808 0.023099676 0.997263730 39.171733856 0.013257511 0.999665141 -0.022221753 -2.264165163 -0.997443140 0.011660742 -0.070506454 91.084495544
-0.079432368 0.023614429 0.996560574 39.925106049 0.013642069 0.999651492 -0.022600312 -2.288845301 -0.996746957 0.011799952 -0.079726815 91.018081665
-0.088183761 0.022658216 0.995846629 40.677108765 0.014706028 0.999661922 -0.021442788 -2.321216822 -0.995995760 0.012754042 -0.088487267 90.951904297
-0.095162988 0.021627083 0.995226800 41.416343689 0.016229730 0.999664783 -0.020171650 -2.348178625 -0.995329440 0.014232668 -0.095481992 90.872383118
-0.100503683 0.020268448 0.994730353 42.183620453 0.019979771 0.999632001 -0.018349648 -2.372670889 -0.994736195 0.018030275 -0.100871682 90.793136597
-0.104267955 0.018535413 0.994376600 42.905143738 0.022984583 0.999604166 -0.016222751 -2.397490501 -0.994283736 0.021163816 -0.104652762 90.707351685
-0.106710315 0.017543336 0.994135499 43.616142273 0.025149455 0.999572039 -0.014939743 -2.418069601 -0.993972123 0.023407741 -0.107105851 90.622085571
-0.108317971 0.016728789 0.993975639 44.309944153 0.025181789 0.999583721 -0.014079005 -2.440132856 -0.993797421 0.023505075 -0.108694196 90.546226501
-0.109117866 0.017453136 0.993875623 44.989032745 0.026319070 0.999546051 -0.014663137 -2.458696127 -0.993680418 0.024557870 -0.109527707 90.468841553
-0.108180523 0.018313698 0.993962586 45.654781342 0.027098544 0.999513090 -0.015466627 -2.480778217 -0.993761897 0.025261752 -0.108624101 90.401458740
-0.105452061 0.020143108 0.994220495 46.303417206 0.028149510 0.999454618 -0.017263478 -2.501462936 -0.994026005 0.026166348 -0.105961561 90.336807251
-0.100368142 0.020419708 0.994740844 46.934020996 0.027738737 0.999458194 -0.017717738 -2.526938200 -0.994563639 0.025814557 -0.100880146 90.279716492
-0.092062116 0.021195311 0.995527685 47.540481567 0.027337380 0.999450386 -0.018750783 -2.547626019 -0.995377958 0.025488881 -0.092590928 90.224746704
-0.081010938 0.021105252 0.996489942 48.132453918 0.026263822 0.999473810 -0.019033307 -2.568869114 -0.996367335 0.024629729 -0.081522584 90.183883667
-0.067438245 0.021453390 0.997492790 48.703502655 0.025089623 0.999489129 -0.019800074 -2.592185259 -0.997407973 0.023691438 -0.067942023 90.157913208
-0.050664425 0.022723112 0.998457253 49.255874634 0.024404366 0.999470770 -0.021507837 -2.613739491 -0.998417556 0.023277035 -0.051192164 90.149246216
-0.028964281 0.025374729 0.999258518 49.805622101 0.022772178 0.999435008 -0.024719153 -2.635748625 -0.999321222 0.022039322 -0.029525757 90.140609741
-0.004378676 0.028353097 0.999588490 50.331573486 0.020591417 0.999388576 -0.028257230 -2.658132076 -0.999778509 0.020459216 -0.004959822 90.155349731
0.023991942 0.030230530 0.999255061 50.852684021 0.019507166 0.999338210 -0.030701414 -2.677417517 -0.999521852 0.020229220 0.023386359 90.186462402
0.056790054 0.029079882 0.997962713 51.387481689 0.016559778 0.999410748 -0.030064436 -2.709544182 -0.998248994 0.018233404 0.056275010 90.244407654
0.095410526 0.026839992 0.995076239 51.903991699 0.015453934 0.999476016 -0.028440438 -2.730733395 -0.995318174 0.018091362 0.094945788 90.304176331
0.138053596 0.023169208 0.990153909 52.410446167 0.013217320 0.999594212 -0.025232958 -2.751472950 -0.990336716 0.016570682 0.137691319 90.391754150
0.182849944 0.018780448 0.982961476 52.912406921 0.010409611 0.999724507 -0.021037113 -2.774373531 -0.983085811 0.014078883 0.182604074 90.516448975
0.231078029 0.015183768 0.972816765 53.402530670 0.005563415 0.999841273 -0.016927073 -2.797588825 -0.972919345 0.009323658 0.230956852 90.666671753
0.283400357 0.013953519 0.958900154 53.877292633 0.002557763 0.999879599 -0.015305774 -2.809545755 -0.958998263 0.006790300 0.283330500 90.824470520
0.337466002 0.013275816 0.941244125 54.334430695 0.001692235 0.999890387 -0.014709715 -2.829595566 -0.941336215 0.006556835 0.337406576 91.026657104
0.396074116 0.013712668 0.918116212 54.779193878 0.003925283 0.999854088 -0.016626842 -2.843883753 -0.918210268 0.010189329 0.395962477 91.238388062
0.455189109 0.016731996 0.890237629 55.191093445 0.004887309 0.999761403 -0.021289434 -2.863199949 -0.890381455 0.014041585 0.454998732 91.494216919
0.512370348 0.020037636 0.858530819 55.540897369 0.005034650 0.999640465 -0.026335733 -2.886176348 -0.858749866 0.017816052 0.512085259 91.777122498
0.571077704 0.024302136 0.820536196 55.913368225 0.000958590 0.999541283 -0.030270960 -2.897778034 -0.820895433 0.018073630 0.570792437 92.068939209
0.627506256 0.026674822 0.778154433 56.265869141 -0.002610469 0.999479413 -0.032156665 -2.918641567 -0.778607130 0.018147161 0.627249241 92.392494202
0.679894686 0.026444281 0.732832849 56.601356506 -0.003435768 0.999453485 -0.032877713 -2.944811344 -0.733301759 0.019835539 0.679613948 92.750305176
0.726819396 0.027847379 0.686263859 56.841629028 -0.005970124 0.999396145 -0.034230802 -2.933125496 -0.686802626 0.020782532 0.726546764 93.105728149
0.772143006 0.025055407 0.634954631 57.111648560 -0.007984634 0.999526024 -0.029731657 -2.937158108 -0.635398626 0.017887214 0.771977127 93.491752625
0.813408434 0.019116744 0.581378818 57.362415314 -0.008520266 0.999744177 -0.020952601 -2.968129873 -0.581630588 0.012089521 0.813363194 93.902549744
0.850358844 0.015598176 0.525972068 57.594413757 -0.009411598 0.999851525 -0.014435414 -2.978213072 -0.526119113 0.007325045 0.850379348 94.330139160
0.880790293 0.011188248 0.473374337 57.766948700 -0.008920922 0.999935448 -0.007034738 -2.994253635 -0.473422498 0.001973194 0.880833268 94.762969971
0.906203747 0.012065432 0.422669232 57.930889130 -0.012521181 0.999920189 -0.001698085 -3.003805876 -0.422655970 -0.003753506 0.906282425 95.211944580
0.926216602 0.014087582 0.376728535 58.078010559 -0.015895333 0.999872208 0.001690179 -3.011432886 -0.376656592 -0.007553697 0.926322162 95.668197632
0.941072345 0.020461211 0.337585747 58.188289642 -0.023204468 0.999722362 0.004092453 -3.015619993 -0.337408274 -0.011684792 0.941285908 96.121856689
0.953028858 0.024161691 0.301914215 58.305072784 -0.026349349 0.999647737 0.003174778 -3.018253088 -0.301731139 -0.010980897 0.953329802 96.585922241
0.962108076 0.025933353 0.271432370 58.413249969 -0.027906235 0.999604702 0.003410466 -3.020350218 -0.271236658 -0.010855894 0.962451458 97.062454224
0.968069434 0.019896507 0.249891475 58.518566132 -0.021582322 0.999759018 0.004007633 -3.028584957 -0.249751523 -0.009272905 0.968265533 97.533477783
0.972022951 0.017086774 0.234263599 58.627925873 -0.018700441 0.999814212 0.004668501 -3.035245657 -0.234140322 -0.008918722 0.972161889 98.022163391
0.974892259 0.021051317 0.221679777 58.723873138 -0.022598395 0.999734759 0.004444550 -3.038570404 -0.221527413 -0.009342563 0.975109398 98.521446228
0.976913750 0.026481817 0.211986303 58.821086884 -0.028162306 0.999591291 0.004911413 -3.036499977 -0.211769596 -0.010768050 0.977260292 99.034629822
0.978013515 0.034349691 0.205693081 58.918472290 -0.035823788 0.999352157 0.003445470 -3.031437397 -0.205441475 -0.010738420 0.978610516 99.555038452
0.978177428 0.041276686 0.203629911 58.999641418 -0.042178635 0.999110103 0.000089551 -3.046196461 -0.203445002 -0.008676428 0.979047954 100.093673706
0.978361130 0.043310616 0.202320844 59.119403839 -0.043916244 0.999034107 -0.001496817 -3.068052292 -0.202190250 -0.007420743 0.979318142 100.643730164
0.977983296 0.039690819 0.204873979 59.235252380 -0.039263472 0.999209940 -0.006152271 -3.050781012 -0.204956308 -0.002027246 0.978769004 101.213722229
0.977262497 0.038348865 0.208536267 59.361156464 -0.036538593 0.999253690 -0.012527542 -3.056779861 -0.208861053 0.004623076 0.977934420 101.768783569
0.976351142 0.038643781 0.212708905 59.490348816 -0.035797462 0.999210715 -0.017217841 -3.062708855 -0.213206381 0.009196222 0.976963878 102.338691711
0.975240052 0.043354064 0.216857672 59.612476349 -0.040723346 0.999032795 -0.016587352 -3.075343370 -0.217367053 0.007345482 0.976062298 102.910514832
0.973763347 0.046229169 0.222817868 59.742561340 -0.044436552 0.998926878 -0.013054943 -3.080272198 -0.223182276 0.002811167 0.974772692 103.550247192
0.972802937 0.043107495 0.227587909 59.891414642 -0.042301703 0.999069393 -0.008419427 -3.092673063 -0.227739051 -0.001436911 0.973721147 104.160766602
0.972044766 0.038737759 0.231578097 60.038623810 -0.039202247 0.999227941 -0.002597453 -3.102647305 -0.231499910 -0.006553540 0.972812831 104.779258728
0.971278191 0.036242586 0.235170588 60.196834564 -0.037725285 0.999286532 0.001807273 -3.110007763 -0.234937295 -0.010627242 0.971952438 105.414878845
0.970743895 0.032073248 0.237965509 60.360382080 -0.033652939 0.999430239 0.002577734 -3.116292715 -0.237747267 -0.010510557 0.971270204 106.063217163
0.970750272 0.028453473 0.238399521 60.524131775 -0.029162811 0.999574542 -0.000551850 -3.125547647 -0.238313794 -0.006416691 0.971167028 106.719482422
0.970854104 0.028027333 0.238026813 60.684692383 -0.026967216 0.999606609 -0.007709526 -3.131814957 -0.238149256 0.001065905 0.971228004 107.375984192
0.971012473 0.030347552 0.237094447 60.844554901 -0.027794693 0.999514163 -0.014103305 -3.142026663 -0.237407267 0.007104519 0.971384227 108.045715332
0.971610546 0.033311874 0.234229162 61.008403778 -0.030007401 0.999393702 -0.017658649 -3.148375034 -0.234675393 0.010128722 0.972021043 108.728179932
0.972154438 0.032151263 0.232125044 61.174396515 -0.029788872 0.999462664 -0.013676264 -3.159838915 -0.232440010 0.006380698 0.972589791 109.450355530
0.972606659 0.028284186 0.230729908 61.345474243 -0.027636871 0.999599814 -0.006037636 -3.174442530 -0.230808333 -0.000504407 0.972999096 110.165313721
0.973181963 0.028225515 0.228298441 61.511672974 -0.028939657 0.999581158 -0.000219628 -3.188153028 -0.228209004 -0.006393141 0.973591149 110.898956299
0.973457932 0.031737231 0.226654783 61.673667908 -0.032413080 0.999474287 -0.000740227 -3.197181225 -0.226559117 -0.006626000 0.973974884 111.636306763
0.973722637 0.037446890 0.224637404 61.829147339 -0.037203286 0.999293566 -0.005318599 -3.204745770 -0.224677876 -0.003178409 0.974427938 112.380409241
0.974601746 0.038137086 0.220673904 61.997249603 -0.036692735 0.999269903 -0.010642115 -3.212157965 -0.220918655 0.002274696 0.975289583 113.134567261
0.975563526 0.036811072 0.216611907 62.164512634 -0.034700476 0.999306023 -0.013540371 -3.223796129 -0.216960028 0.005692957 0.976163864 113.891609192
0.976496935 0.034725148 0.212715596 62.335266113 -0.032909900 0.999385417 -0.012069589 -3.234784126 -0.213003993 0.004785468 0.977039635 114.675407410
0.977355957 0.030927852 0.209329292 62.506660461 -0.029513484 0.999515593 -0.009877694 -3.250133276 -0.209533378 0.003475987 0.977795303 115.468856812
0.977729261 0.030000504 0.207714930 62.673816681 -0.029184008 0.999549568 -0.006994846 -3.266667366 -0.207831219 0.000777113 0.978164375 116.267318726
0.978124082 0.026636424 0.206309974 62.854457855 -0.026208783 0.999644935 -0.004805999 -3.278003454 -0.206364736 -0.000706270 0.978474855 117.081138611
0.978384435 0.021469744 0.205676809 63.032211304 -0.021201126 0.999769092 -0.003510040 -3.286897898 -0.205704659 -0.000926411 0.978613675 117.888076782
0.978436410 0.022824341 0.205283344 63.198307037 -0.022920063 0.999735475 -0.001911888 -3.298344851 -0.205272689 -0.002834446 0.978700697 118.718902588
0.978202581 0.028006047 0.205755502 63.365341187 -0.027799416 0.999605954 -0.003895633 -3.311520338 -0.205783516 -0.001909164 0.978595674 119.560729980
0.977912545 0.033611089 0.206294328 63.530536652 -0.032838378 0.999434948 -0.007169549 -3.322812557 -0.206418738 0.000236822 0.978463709 120.403442383
0.977351367 0.042716365 0.207267031 63.695823669 -0.041798748 0.999087214 -0.008806573 -3.333024979 -0.207454026 -0.000056385 0.978244781 121.246284485
0.976447940 0.048729155 0.210178226 63.864223480 -0.048100982 0.998809636 -0.008102855 -3.348859787 -0.210322872 -0.002197762 0.977629483 122.085891724
0.975653887 0.051092066 0.213281736 64.034790039 -0.050922375 0.998682797 -0.006292864 -3.363650322 -0.213322312 -0.004721154 0.976970494 122.949729919
0.975110829 0.051273324 0.215707824 64.214576721 -0.050925210 0.998676717 -0.007175202 -3.379161119 -0.215790272 -0.003988349 0.976431608 123.804992676
0.974738538 0.049976565 0.217685938 64.403808594 -0.048950579 0.998750091 -0.010106675 -3.389430523 -0.217918947 -0.000804487 0.975966513 124.655891418
0.974742830 0.043191250 0.219113871 64.595184326 -0.042378064 0.999066234 -0.008412085 -3.411032200 -0.219272599 -0.001086001 0.975663006 125.512786865
0.974935472 0.036692481 0.219441354 64.793365479 -0.035367981 0.999324679 -0.009962589 -3.432776213 -0.219658718 0.001951684 0.975574851 126.359024048
0.974673212 0.036278822 0.220671520 64.987594604 -0.034987912 0.999340117 -0.009757044 -3.455073118 -0.220879868 0.001789094 0.975299358 127.200622559
0.974276006 0.038646877 0.222019687 65.177749634 -0.038035035 0.999251664 -0.007032420 -3.467544556 -0.222125322 -0.001593008 0.975016832 128.051193237
0.973946869 0.040659748 0.223101616 65.363861084 -0.041329347 0.999144197 -0.001669038 -3.476968288 -0.222978547 -0.007595089 0.974793792 128.906372070
0.973553181 0.043788746 0.224224687 65.551589966 -0.045551326 0.998958349 0.002691514 -3.496313572 -0.223873273 -0.012834064 0.974533737 129.754592896
0.973350823 0.043429829 0.225171179 65.742073059 -0.043815367 0.999034226 -0.003287119 -3.515975475 -0.225096479 -0.006666438 0.974313676 130.589126587
0.973562241 0.039315164 0.225012988 65.936141968 -0.036182355 0.999182522 -0.018031185 -3.529709816 -0.225537941 0.009412983 0.974188924 131.413650513
