1.000000000 0.000000000 0.000000000 0.000000000 0.000000000 1.000000000 0.000000000 0.000000000 0.000000000 0.000000000 1.000000000 0.000000000
0.999996424 -0.002371176 -0.001219096 -0.005438461 0.002374849 0.999992609 0.003020010 -0.016213970 0.001211926 -0.003022895 0.999994695 1.577625751
0.999992013 -0.003038104 -0.002604563 -0.013074938 0.003048417 0.999987483 0.003964940 -0.036584094 0.002592484 -0.003972848 0.999988735 3.146624804
0.999991596 -0.001902785 -0.003623563 -0.039212469 0.001915976 0.999991536 0.003640240 -0.048132896 0.003616605 -0.003647152 0.999986827 4.700297832
0.999987721 -0.001033785 -0.004847139 -0.059248526 0.001051033 0.999993145 0.003557208 -0.065287143 0.004843428 -0.003562259 0.999981940 6.253660202
0.999979019 -0.001028161 -0.006391366 -0.068643600 0.001052650 0.999992132 0.003829444 -0.081693225 0.006387379 -0.003836092 0.999972224 7.808997154
0.999968290 -0.001427624 -0.007837449 -0.091488108 0.001460657 0.999990046 0.004210733 -0.092808783 0.007831360 -0.004222048 0.999960423 9.338535309
0.999948978 -0.003432855 -0.009499037 -0.109747067 0.003466190 0.999987900 0.003495110 -0.113517925 0.009486924 -0.003527857 0.999948800 10.907798767
0.999927700 -0.004799342 -0.011024073 -0.124810390 0.004842138 0.999980807 0.003858668 -0.125200704 0.011005342 -0.003911769 0.999931812 12.428056717
0.999918401 -0.004527396 -0.011947495 -0.158199504 0.004570919 0.999983013 0.003618087 -0.141495273 0.011930912 -0.003672402 0.999922097 13.983369827
0.999908388 -0.003867862 -0.012972517 -0.184225067 0.003913804 0.999986172 0.003518030 -0.155895934 0.012958730 -0.003568479 0.999909639 15.509986877
0.999904990 -0.002304709 -0.013589205 -0.210605964 0.002360489 0.999988854 0.004090063 -0.170713648 0.013579627 -0.004121752 0.999899268 17.028404236
0.999897957 -0.000843326 -0.014260716 -0.240251079 0.000913590 0.999987483 0.004921325 -0.186992228 0.014256387 -0.004933852 0.999886215 18.523775101
0.999889076 -0.000841222 -0.014872273 -0.266048461 0.000930263 0.999981701 0.005981111 -0.202561617 0.014866970 -0.005994283 0.999871492 20.024652481
0.999883652 -0.000614580 -0.015241292 -0.296640754 0.000703896 0.999982595 0.005855472 -0.214240044 0.015237428 -0.005865519 0.999866724 21.535371780
0.999874592 0.000352873 -0.015832918 -0.321866602 -0.000261488 0.999983311 0.005773519 -0.224594355 0.015834691 -0.005768655 0.999857962 23.020202637
0.999866068 0.000711891 -0.016349012 -0.337927192 -0.000608403 0.999979734 0.006333995 -0.233303532 0.016353190 -0.006323200 0.999846280 24.495485306
0.999875844 0.002283469 -0.015589895 -0.384096414 -0.002163505 0.999967933 0.007707535 -0.251905590 0.015606996 -0.007672850 0.999848783 26.007730484
0.999875069 0.002256967 -0.015645852 -0.409996271 -0.002157264 0.999977291 0.006386444 -0.264083773 0.015659912 -0.006351893 0.999857187 27.477676392
0.999874234 0.003041578 -0.015565420 -0.443030804 -0.002973028 0.999985814 0.004425262 -0.275886565 0.015578658 -0.004378428 0.999869049 28.943542480
0.999879241 0.000887224 -0.015514960 -0.462390900 -0.000820246 0.999990344 0.004322774 -0.290750802 0.015518645 -0.004309526 0.999870300 30.421602249
0.999883950 0.000405677 -0.015227951 -0.494187862 -0.000301542 0.999976575 0.006840087 -0.305374533 0.015230369 -0.006834702 0.999860644 31.837245941
0.999890149 -0.001282066 -0.014766239 -0.522674918 0.001398886 0.999967813 0.007903682 -0.315305203 0.014755630 -0.007923470 0.999859750 33.304767609
0.999886930 -0.002273473 -0.014862819 -0.547609210 0.002387799 0.999967694 0.007678894 -0.331908286 0.014844880 -0.007713516 0.999860048 34.718318939
0.999894559 -0.002294777 -0.014338234 -0.575218558 0.002375542 0.999981403 0.005618297 -0.341271102 0.014325075 -0.005651765 0.999881446 36.140640259
0.999901950 -0.001861047 -0.013881001 -0.601445377 0.001934144 0.999984324 0.005254451 -0.361752123 0.013871005 -0.005280783 0.999889851 37.529895782
0.999914050 -0.000444442 -0.013102385 -0.624851048 0.000497172 0.999991775 0.004021478 -0.373064458 0.013100490 -0.004027646 0.999906063 38.908271790
0.999931157 -0.000167301 -0.011732046 -0.650872886 0.000228871 0.999986231 0.005246924 -0.390912473 0.011731006 -0.005249248 0.999917388 40.279357910
0.999947250 -0.000078538 -0.010272505 -0.669637203 0.000155257 0.999972105 0.007467791 -0.407953739 0.010271631 -0.007468991 0.999919355 41.609394073
0.999963224 -0.000715238 -0.008546515 -0.687741578 0.000787309 0.999964118 0.008432354 -0.423651814 0.008540178 -0.008438773 0.999927938 42.944011688
0.999979913 0.000037572 -0.006341537 -0.698905051 0.000020032 0.999958754 0.009083316 -0.436359733 0.006341617 -0.009083261 0.999938667 44.253147125
0.999994874 -0.000483118 -0.003160537 -0.706319332 0.000509995 0.999963641 0.008508721 -0.447850704 0.003156312 -0.008510290 0.999958813 45.549995422
0.999999046 -0.001330061 0.000442798 -0.706446886 0.001327026 0.999976099 0.006786020 -0.459951162 -0.000451813 -0.006785425 0.999976873 46.822242737
0.999992013 -0.000834025 0.003912305 -0.705892622 0.000813681 0.999986172 0.005198632 -0.474228203 -0.003916587 -0.005195407 0.999978840 48.088058472
0.999967933 -0.001346606 0.007893214 -0.700921357 0.001301474 0.999982774 0.005720170 -0.488282919 -0.007900781 -0.005709713 0.999952495 49.326763153
0.999912918 -0.000961495 0.013159639 -0.691245377 0.000885373 0.999982834 0.005789123 -0.503429234 -0.013164980 -0.005776967 0.999896646 50.550148010
0.999799311 0.000784475 0.020017926 -0.683331668 -0.000881865 0.999987841 0.004856759 -0.515020430 -0.020013873 -0.004873437 0.999787807 51.779460907
0.999630511 0.002082597 0.027102694 -0.647593439 -0.002213957 0.999985933 0.004817662 -0.526081800 -0.027092280 -0.004875886 0.999621034 52.975944519
0.999358892 0.003041649 0.035672802 -0.612945020 -0.003243111 0.999979138 0.005591000 -0.537056863 -0.035655051 -0.005703107 0.999347866 54.171028137
0.998932242 0.005547414 0.045864623 -0.567839086 -0.005852042 0.999961674 0.006510288 -0.552254438 -0.045826752 -0.006771739 0.998926461 55.343284607
0.998253226 0.007574342 0.058592603 -0.506632328 -0.007970505 0.999946892 0.006530579 -0.564540386 -0.058540028 -0.006986185 0.998260617 56.507442474
0.997236550 0.009908278 0.073628232 -0.438189417 -0.010446239 0.999921441 0.006924946 -0.576228261 -0.073553830 -0.007674947 0.997261703 57.640571594
0.995901346 0.011777489 0.089676365 -0.347120285 -0.012561373 0.999887645 0.008181894 -0.585086405 -0.089569926 -0.009274817 0.995937347 58.766693115
0.994134963 0.012619903 0.107407764 -0.235607535 -0.013665476 0.999866068 0.009004136 -0.591678739 -0.107279748 -0.010419103 0.994174302 59.888427734
0.991869748 0.011792661 0.126709476 -0.103150882 -0.012926408 0.999883413 0.008129050 -0.601431251 -0.126598850 -0.009700858 0.991906583 60.987361908
0.989083827 0.011103070 0.146935090 0.052759938 -0.012291835 0.999898612 0.007184871 -0.608330786 -0.146840423 -0.008912541 0.989120066 62.077365875
0.985775471 0.008417826 0.167856634 0.224143282 -0.009753258 0.999926984 0.007132938 -0.620801866 -0.167784333 -0.008668624 0.985785604 63.153347015
0.981875300 0.003254326 0.189500079 0.430919617 -0.005051697 0.999946713 0.009002551 -0.628059685 -0.189460680 -0.009796679 0.981839418 64.205741882
0.977122664 -0.001804622 0.212668732 0.663126111 -0.000452549 0.999944091 0.010564398 -0.636845052 -0.212675899 -0.010418956 0.977067232 65.261001587
0.971683741 -0.007152969 0.236176834 0.920870662 0.004928263 0.999937773 0.010008651 -0.643671393 -0.236233726 -0.008561303 0.971658528 66.277793884
0.965175271 -0.013166214 0.261272669 1.192253113 0.011388857 0.999900579 0.008315689 -0.655661166 -0.261356175 -0.005050500 0.965229213 67.273017883
0.957765520 -0.016714202 0.287064105 1.492878437 0.014789329 0.999851286 0.008872602 -0.659852982 -0.287169725 -0.004252388 0.957870305 68.255554199
0.948990226 -0.019345194 0.314711452 1.808392286 0.016570473 0.999796689 0.011490032 -0.672037244 -0.314869732 -0.005689011 0.949117839 69.224578857
0.939416528 -0.023567742 0.341966569 2.160824776 0.019785769 0.999698460 0.014543980 -0.677795172 -0.342206210 -0.006896784 0.939599574 70.168243408
0.928469598 -0.026799764 0.370440245 2.532620907 0.023232086 0.999630809 0.014090219 -0.679582715 -0.370681077 -0.004476241 0.928749442 71.083053589
0.916319609 -0.025791010 0.399616361 2.921943188 0.023707528 0.999667346 0.010156637 -0.680392742 -0.399745375 0.000167189 0.916626215 71.984817505
0.903363228 -0.027306089 0.428006113 3.353106022 0.027983984 0.999597251 0.004708786 -0.683261991 -0.427962333 0.007723572 0.903763592 72.861999512
0.889230669 -0.029158080 0.456528872 3.805150270 0.031546466 0.999499440 0.002390643 -0.689608932 -0.456370056 0.012276039 0.889705420 73.716682434
0.873650193 -0.029793328 0.485641509 4.276351452 0.030957041 0.999504864 0.005627507 -0.699964046 -0.485568732 0.010117552 0.874139965 74.558372498
0.855905056 -0.028723679 0.516334593 4.764719963 0.026762640 0.999578595 0.011243280 -0.705747008 -0.516439915 0.004195296 0.856313109 75.384300232
0.836337864 -0.028834458 0.547455490 5.294376850 0.024657298 0.999583721 0.014979525 -0.712299943 -0.547659516 0.000970828 0.836700678 76.194030762
0.815358281 -0.022749383 0.578509629 5.837734222 0.020754151 0.999733984 0.010062516 -0.713802755 -0.578584611 0.003801921 0.815613508 76.967903137
0.793436110 -0.015863193 0.608446777 6.409355640 0.017793424 0.999837577 0.002864129 -0.716928482 -0.608393431 0.008553849 0.793589473 77.719650269
0.771078944 -0.013493004 0.636596620 7.009335995 0.016780140 0.999858856 0.000867563 -0.723426819 -0.636518419 0.010013220 0.771196485 78.438575745
0.747830808 -0.015634546 0.663705230 7.630374432 0.017378774 0.999841094 0.003971159 -0.732218504 -0.663661897 0.008564627 0.747983694 79.133857727
0.723403931 -0.015848635 0.690243065 8.281404495 0.017699432 0.999833643 0.004407373 -0.740338266 -0.690198123 0.009028600 0.723564148 79.807998657
0.697902262 -0.014022483 0.716055810 8.939491272 0.018255157 0.999831736 0.001787301 -0.754220724 -0.715960383 0.011824350 0.698040843 80.458053589
0.671804190 -0.011411265 0.740640938 9.615226746 0.017840622 0.999840558 -0.000777653 -0.759738386 -0.740513980 0.013735923 0.671900690 81.065315247
0.645267546 -0.008979239 0.763903916 10.321399689 0.016076785 0.999869108 -0.001827147 -0.766308308 -0.763787508 0.013460116 0.645327449 81.651870728
0.617158890 -0.007724968 0.786800623 11.050874710 0.016243916 0.999863803 -0.002924708 -0.782354355 -0.786670804 0.014585732 0.617200315 82.236656189
0.588669181 -0.001459768 0.808372736 11.791733742 0.014962981 0.999846697 -0.009090736 -0.798290849 -0.808235586 0.017447101 0.588600814 82.769332886
0.558474422 0.008319124 0.829480052 12.553319931 0.013151051 0.999735236 -0.018881040 -0.813013673 -0.829417527 0.021453112 0.558217168 83.290367126
0.527676761 0.016743692 0.849280179 13.330820084 0.011882741 0.999562383 -0.027089542 -0.834058225 -0.849362135 0.024386300 0.527246892 83.778030396
0.496308327 0.021658877 0.867876112 14.153608322 0.009623101 0.999490082 -0.030446578 -0.859520316 -0.868093014 0.023462549 0.495846808 84.240394592
0.463788509 0.021585127 0.885682940 14.990612030 0.007494092 0.999571800 -0.028285017 -0.885720611 -0.885914207 0.019755656 0.463428140 84.683090210
0.430559278 0.020120820 0.902338028 15.832101822 0.002753423 0.999717534 -0.023606064 -0.920120478 -0.902558148 0.012648327 0.430382252 85.093826294
0.396486104 0.021452045 0.917790115 16.710832596 -0.001075165 0.999737144 -0.022902971 -0.949369609 -0.918040156 0.008093935 0.396404922 85.485305786
0.361841142 0.024170605 0.931926429 17.599739075 -0.008097961 0.999707580 -0.022784378 -0.978873253 -0.932204604 0.000697623 0.361931086 85.827072144
0.326163888 0.026220301 0.944949567 18.506244659 -0.012902035 0.999645591 -0.023284663 -1.008282900 -0.945225239 -0.004597155 0.326386571 86.142120361
0.289635837 0.025841461 0.956788003 19.444053650 -0.015856555 0.999627829 -0.022198457 -1.032770514 -0.957005560 -0.008741895 0.289937794 86.455429077
0.253132463 0.025368463 0.967098951 20.375434875 -0.016597740 0.999622881 -0.021877255 -1.061476231 -0.967289209 -0.010513813 0.253458083 86.702323914
0.217449486 0.024598598 0.975761592 21.322174072 -0.015470714 0.999643683 -0.021752993 -1.089920521 -0.975948989 -0.010365550 0.217752516 86.905471802
0.182701826 0.023449622 0.982888758 22.299518585 -0.013692253 0.999679267 -0.021305058 -1.116922379 -0.983073115 -0.009565488 0.182964265 87.071578979
0.148094356 0.022822667 0.988709807 23.286388397 -0.005379751 0.999737501 -0.022271411 -1.144792318 -0.988958538 -0.002020743 0.148178279 87.223556519
0.114883542 0.026299899 0.993030787 24.261505127 -0.003005154 0.999654114 -0.026127649 -1.174744129 -0.993374467 0.000017426 0.114922822 87.316879272
0.082301676 0.031040553 0.996124029 25.246959686 -0.002283688 0.999518096 -0.030957635 -1.208075047 -0.996604919 0.000273032 0.082332850 87.398345947
0.052830219 0.035073843 0.997987390 26.253181458 0.004943701 0.999361575 -0.035383839 -1.244608164 -0.998591304 0.006803088 0.052623093 87.458786011
0.027338982 0.033075597 0.999078870 27.238513947 0.006729344 0.999423683 -0.033271160 -1.284552574 -0.999603570 0.007632746 0.027100623 87.479148865
0.005484581 0.030508339 0.999519527 28.248939514 0.008100781 0.999500334 -0.030552208 -1.316327929 -0.999952197 0.008264457 0.005234659 87.466964722
-0.013645887 0.027840063 0.999519289 29.294311523 0.008256037 0.999581397 -0.027729079 -1.360294580 -0.999872863 0.007873683 -0.013870001 87.466262817
-0.029882669 0.030867785 0.999076724 30.294219971 0.009878863 0.999483347 -0.030584870 -1.399241924 -0.999504626 0.008955784 -0.030172110 87.428451538
-0.044684529 0.035512615 0.998369873 31.297084808 0.012653885 0.999307930 -0.034979630 -1.434505224 -0.998921156 0.011070214 -0.045102954 87.381935120
-0.056360006 0.040639970 0.997583151 32.321887970 0.017006014 0.999065340 -0.039739575 -1.476681232 -0.998265803 0.014725192 -0.056998491 87.319076538
-0.065626264 0.044193845 0.996865153 33.319393158 0.022194175 0.998836279 -0.042820130 -1.524250269 -0.997597456 0.019314472 -0.066530824 87.250717163
-0.070908904 0.049393076 0.996259093 34.343238831 0.025800338 0.998529911 -0.047669310 -1.576111794 -0.997149050 0.022323638 -0.072079062 87.168121338
-0.074632525 0.054192338 0.995737612 35.347667694 0.027769348 0.998247981 -0.052247602 -1.630960941 -0.996824503 0.023751618 -0.076006651 87.091567993
-0.077285767 0.058205321 0.995308518 36.372417450 0.030018760 0.997977674 -0.056030460 -1.691131353 -0.996556997 0.025547573 -0.078876734 87.007606506
-0.079738617 0.060841303 0.994957447 37.385902405 0.030395743 0.997819841 -0.058580350 -1.756298065 -0.996352434 0.025571357 -0.081414104 86.918991089
-0.082007289 0.064682543 0.994530559 38.431114197 0.031492472 0.997561574 -0.062282860 -1.823421478 -0.996134102 0.026212575 -0.083844423 86.822387695
-0.084204316 0.069008857 0.994056046 39.455623627 0.032630328 0.997254968 -0.066466883 -1.884628296 -0.995914102 0.026839573 -0.086225033 86.731033325
-0.085988641 0.069786422 0.993848979 40.493911743 0.035638016 0.997120798 -0.066932738 -1.968568325 -0.995658517 0.029663352 -0.088228106 86.635314941
-0.088405848 0.068519667 0.993725061 41.523586273 0.035712980 0.997207880 -0.065582640 -2.042036772 -0.995444179 0.029690996 -0.090605974 86.545379639
-0.090367198 0.068412185 0.993556023 42.576560974 0.034863859 0.997243643 -0.065495118 -2.115431309 -0.995298088 0.028720591 -0.092503190 86.448623657
-0.092224479 0.069757558 0.993291974 43.620239258 0.034713037 0.997161925 -0.066806346 -2.187605619 -0.995133221 0.028319011 -0.094384193 86.343330383
-0.094866872 0.071967036 0.992885232 44.660308838 0.033807203 0.997041047 -0.069038093 -2.264120102 -0.994915783 0.027017243 -0.097019196 86.250244141
-0.097625732 0.073793679 0.992483735 45.703880310 0.032068238 0.996962667 -0.070972323 -2.345701694 -0.994706571 0.024898490 -0.099695563 86.145980835
-0.100090861 0.077742860 0.991936624 46.756797791 0.029367896 0.996739268 -0.075155929 -2.422043324 -0.994544983 0.021608669 -0.102047682 86.048675537
-0.101877093 0.082118988 0.991401970 47.810817719 0.025865251 0.996468782 -0.079880767 -2.503785849 -0.994460821 0.017504845 -0.103641391 85.935028076
-0.104505301 0.084270366 0.990947723 48.865665436 0.024063798 0.996326149 -0.082189992 -2.598712921 -0.994233310 0.015256678 -0.106149197 85.823143005
-0.107261181 0.082446225 0.990806580 49.927364349 0.022137387 0.996506810 -0.080524035 -2.692473173 -0.993984401 0.013296772 -0.108711600 85.712036133
-0.110026956 0.078467660 0.990826368 50.998779297 0.019881887 0.996853113 -0.076737151 -2.783175468 -0.993729711 0.011256348 -0.111240745 85.590278625
-0.112685442 0.076951787 0.990646601 52.053283691 0.019570109 0.996975124 -0.075217307 -2.867491722 -0.993438065 0.010911179 -0.113850474 85.477172852
-0.114599586 0.077527985 0.990381956 53.111888885 0.018773813 0.996941030 -0.075869069 -2.949725389 -0.993234396 0.009898687 -0.115704536 85.363136292
-0.115825653 0.080275171 0.990020454 54.211437225 0.020068038 0.996714473 -0.078470141 -3.043173552 -0.993066907 0.010778917 -0.117056012 85.234405518
-0.116106033 0.083203651 0.989745855 55.284675598 0.020501727 0.996473551 -0.081364200 -3.129999638 -0.993025362 0.010844646 -0.117402315 85.096908569
-0.116699696 0.083719850 0.989632487 56.363246918 0.019434305 0.996442497 -0.082004227 -3.223722696 -0.992977202 0.009662949 -0.117911577 84.980102539
-0.116613388 0.082485296 0.989746332 57.446403503 0.016106319 0.996571243 -0.081156433 -3.313900709 -0.993046939 0.006477257 -0.117542148 84.859802246
-0.116275787 0.081704251 0.989850700 58.555961609 0.012460464 0.996652305 -0.080801964 -3.415901899 -0.993138850 0.002938695 -0.116904616 84.721466064
-0.116309881 0.083197832 0.989722371 59.645427704 0.008447432 0.996532261 -0.082777567 -3.506151915 -0.993177176 -0.001267221 -0.116609335 84.599884033
-0.116886616 0.083263285 0.989648759 60.740650177 0.004332675 0.996512651 -0.083329044 -3.601364136 -0.993135810 -0.005452218 -0.116839647 84.480476379
-0.117204905 0.082825758 0.989647925 61.838951111 0.000858666 0.996524155 -0.083299555 -3.696179867 -0.993107438 -0.008913334 -0.116868615 84.356964111
-0.117436767 0.077665173 0.990038872 62.953483582 0.001400188 0.996949136 -0.078041181 -3.791878462 -0.993079484 -0.007778658 -0.117187262 84.221786499
-0.117426515 0.068878226 0.990690112 64.096237183 0.005102430 0.997620523 -0.068755277 -3.885493279 -0.993068516 -0.003018765 -0.117498517 84.089462280
-0.116952062 0.063341238 0.991115689 65.213500977 0.010834628 0.997986019 -0.062501825 -3.971673965 -0.993078589 0.003428660 -0.117402792 83.945373535
-0.116200686 0.065638229 0.991054535 66.336563110 0.018881408 0.997779608 -0.063869804 -4.050551414 -0.993046284 0.011290794 -0.117182016 83.802108765
-0.114699841 0.071450680 0.990827262 67.463302612 0.023947472 0.997319043 -0.069146611 -4.125826359 -0.993111491 0.015796702 -0.116103411 83.658546448
-0.113926530 0.077241845 0.990481973 68.585464478 0.027706215 0.996832311 -0.074550271 -4.209308624 -0.993102849 0.018949257 -0.115705729 83.520401001
-0.112839937 0.081712991 0.990247488 69.712799072 0.028308190 0.996472538 -0.079000913 -4.298915863 -0.993209839 0.019117659 -0.114755034 83.379707336
-0.112933874 0.078831881 0.990470469 70.846931458 0.025669593 0.996746421 -0.076404542 -4.391464233 -0.993270993 0.016796319 -0.114590049 83.254966736
-0.112500310 0.074438043 0.990859687 71.998962402 0.024740580 0.997090697 -0.072097160 -4.483046055 -0.993343771 0.016403502 -0.114014626 83.123947144
-0.112028956 0.072194152 0.991079032 73.168205261 0.022432167 0.997286975 -0.070110701 -4.574366093 -0.993451774 0.014377629 -0.113344431 82.982933044
-0.111827493 0.072924919 0.991048276 74.316085815 0.020917043 0.997255445 -0.071021445 -4.660664082 -0.993507564 0.012787651 -0.113045931 82.854324341
-0.111118078 0.077677026 0.990767062 75.465278625 0.021954577 0.996889293 -0.075694747 -4.755242825 -0.993564844 0.013340828 -0.112477779 82.714805603
-0.110649586 0.080813006 0.990568519 76.625679016 0.020536097 0.996661782 -0.079016164 -4.839010239 -0.993647337 0.011599311 -0.111939788 82.590606689
-0.110288143 0.079632297 0.990704536 77.786048889 0.020958615 0.996749818 -0.077785052 -4.933357716 -0.993678749 0.012185032 -0.111598730 82.460670471
-0.109718084 0.073071130 0.991273165 78.964637756 0.022161663 0.997226059 -0.071056999 -5.019239426 -0.993715644 0.014172021 -0.111033082 82.329032898
-0.110097170 0.071430609 0.991350830 80.130844116 0.021253582 0.997355342 -0.069502890 -5.108379841 -0.993693650 0.013417691 -0.111324191 82.202384949
-0.109660745 0.074377365 0.991182387 81.303833008 0.019068683 0.997170329 -0.072716996 -5.200351715 -0.993786156 0.010926340 -0.110768795 82.075210571
-0.109361053 0.077568516 0.990970910 82.472412109 0.018570639 0.996935904 -0.075986020 -5.289787292 -0.993828595 0.010093052 -0.110466480 81.947937012
-0.109697580 0.076935560 0.990983069 83.666213989 0.018017620 0.996990025 -0.075407445 -5.385152340 -0.993801713 0.009583144 -0.110753536 81.818077087
-0.108984470 0.073838539 0.991297245 84.871528625 0.017193651 0.997228205 -0.072390027 -5.470685482 -0.993894696 0.009154629 -0.109951973 81.686721802
-0.107944608 0.072712876 0.991494417 86.068870544 0.018478330 0.997296095 -0.071126617 -5.562930107 -0.993985355 0.010643439 -0.108996272 81.549079895
-0.106776834 0.073055983 0.991595447 87.267845154 0.019350871 0.997260809 -0.071389638 -5.658440113 -0.994094670 0.011565469 -0.107898116 81.421020508
-0.105307460 0.073428497 0.991725147 88.475357056 0.022228826 0.997194827 -0.071473092 -5.747426510 -0.994191349 0.014518244 -0.106644273 81.278198242
-0.104581118 0.073029131 0.991831481 89.682151794 0.021401549 0.997234583 -0.071170337 -5.835781097 -0.994286120 0.013783662 -0.105854750 81.153587341
-0.103276372 0.073769994 0.991913319 90.888084412 0.022555789 0.997163117 -0.071811967 -5.929871559 -0.994396985 0.014956919 -0.104647279 81.030349731
-0.101973653 0.071339533 0.992225826 92.099761963 0.022764016 0.997331440 -0.069367096 -6.028719425 -0.994526625 0.015513427 -0.103325486 80.904655457
-0.101027846 0.071047537 0.992343605 93.330574036 0.021050535 0.997376204 -0.069264762 -6.111224174 -0.994660974 0.013891704 -0.102258325 80.779708862
-0.099444985 0.070129231 0.992568791 94.552452087 0.021370839 0.997433722 -0.068331838 -6.206773758 -0.994813681 0.014416778 -0.100688457 80.650833130
-0.097770333 0.071144089 0.992662907 95.780303955 0.019540222 0.997386515 -0.069558062 -6.296631336 -0.995017231 0.012596146 -0.098904967 80.529838562
-0.095727324 0.073772311 0.992670059 97.037437439 0.019901404 0.997192383 -0.072189219 -6.389801025 -0.995208561 0.012845044 -0.096926808 80.402252197
-0.094780207 0.072356254 0.992865264 98.282073975 0.017722327 0.997319639 -0.070989087 -6.482919216 -0.995340526 0.010867522 -0.095808506 80.287216187
-0.094317794 0.071183428 0.992993951 99.523025513 0.014427847 0.997433424 -0.070131265 -6.580017090 -0.995437562 0.007712140 -0.095102668 80.175857544
-0.094383001 0.072453044 0.992895961 100.770408630 0.011665137 0.997360170 -0.071669936 -6.672595978 -0.995467603 0.004817841 -0.094979048 80.061294556
-0.094846368 0.071655348 0.992909789 102.023391724 0.008896866 0.997427285 -0.071131505 -6.767595291 -0.995452225 0.002087228 -0.095239878 79.947494507
-0.095369816 0.068995208 0.993047953 103.288398743 0.006488992 0.997617006 -0.068689473 -6.866233826 -0.995420754 -0.000107030 -0.095590353 79.826011658
-0.097363591 0.067667156 0.992945910 104.557449341 0.004231505 0.997705102 -0.067576565 -6.959790707 -0.995239973 -0.002377834 -0.097426414 79.717857361
-0.097874403 0.066829085 0.992952347 105.828071594 0.002389811 0.997755706 -0.066916801 -7.050738811 -0.995195866 -0.004176476 -0.097814441 79.588630676
-0.099932909 0.067233287 0.992720187 107.095603943 0.002700859 0.997729063 -0.067300640 -7.140802860 -0.994990647 -0.004044344 -0.099887609 79.471969604
-0.101900697 0.065788761 0.992616832 108.353446960 0.002253304 0.997823536 -0.065902531 -7.235834599 -0.994792044 -0.004478849 -0.101827145 79.338104248
-0.105049610 0.061104223 0.992588043 109.610961914 -0.000555382 0.998106778 -0.061502740 -7.323041439 -0.994466901 -0.007012106 -0.104816794 79.212944031
-0.109223723 0.061078448 0.992138863 110.884338379 -0.000848900 0.998104334 -0.061539143 -7.409505844 -0.994016767 -0.007563761 -0.108964801 79.081756592
-0.115297437 0.067223601 0.991053820 112.132713318 -0.006273187 0.997638226 -0.068400040 -7.492474556 -0.993311286 -0.014103405 -0.114603400 78.951660156
-0.121516228 0.070230074 0.990101933 113.387283325 -0.004886569 0.997439325 -0.071350276 -7.589134693 -0.992577612 -0.013508402 -0.120861888 78.801719666
-0.130631924 0.066163935 0.989220917 114.641105652 -0.003000899 0.997739732 -0.067130007 -7.686589241 -0.991426587 -0.011737865 -0.130138159 78.638168335
-0.141357541 0.063703790 0.987906814 115.886398315 -0.000626189 0.997921467 -0.064439163 -7.785457134 -0.989958405 -0.009727574 -0.141023755 78.467391968
-0.154671311 0.065107822 0.985818386 117.110176086 -0.000217313 0.997823894 -0.065934822 -7.871705532 -0.987966001 -0.010412455 -0.154320598 78.285064697
-0.168287516 0.064997956 0.983592689 118.327415466 0.001400087 0.997838438 -0.065699801 -7.968999386 -0.985736966 -0.009679338 -0.168014765 78.077217102
-0.182781696 0.062323257 0.981176257 119.550308228 0.002227842 0.998012424 -0.062977664 -8.066276550 -0.983151078 -0.009325253 -0.182557225 77.855102539
-0.198341966 0.065136224 0.977966130 120.752639771 0.006124465 0.997852206 -0.065218613 -8.155937195 -0.980113745 -0.006946068 -0.198314905 77.618614197
-0.213133216 0.068592265 0.974612594 121.936866760 0.007095900 0.997614920 -0.068659395 -8.248856544 -0.976997554 -0.007717832 -0.213111639 77.360565186
-0.227939963 0.072359510 0.970982730 123.152168274 0.006118162 0.997321486 -0.072886072 -8.341297150 -0.973655999 -0.010673020 -0.227772117 77.066184998
-0.243680954 0.070447624 0.967293501 124.334800720 0.002621150 0.997402608 -0.071980141 -8.433675766 -0.969851911 -0.015004769 -0.243232727 76.764610291
-0.259942055 0.064848140 0.963444352 125.533302307 -0.002546976 0.997692943 -0.067840561 -8.531285286 -0.965620935 -0.020088481 -0.259177089 76.468292236
-0.275786996 0.060586214 0.959307492 126.719436646 -0.006566134 0.997869551 -0.064909317 -8.626324654 -0.961196363 -0.024200082 -0.274801612 76.148010254
-0.290946484 0.062127076 0.954720140 127.903244019 -0.008617441 0.997678757 -0.067548677 -8.713669777 -0.956700623 -0.027880285 -0.289735794 75.802993774
-0.305447221 0.064313591 0.950034678 129.060928345 -0.008637176 0.997488320 -0.070302971 -8.800786972 -0.952169895 -0.029679457 -0.304124475 75.441513062
-0.319339991 0.066779315 0.945284426 130.213302612 -0.006993982 0.997320712 -0.072818145 -8.892973900 -0.947614491 -0.029865045 -0.318017364 75.059219360
-0.333876729 0.066646479 0.940257788 131.359420776 -0.005083208 0.997355580 -0.072498634 -8.987494469 -0.942603111 -0.028985128 -0.332654953 74.665390015
-0.347603202 0.064505205 0.935420275 132.500457764 -0.005086414 0.997486413 -0.070675306 -9.092823982 -0.937627971 -0.029324895 -0.346401334 74.250396729
-0.362081409 0.063230447 0.929999590 133.628143311 -0.005377799 0.997538388 -0.069916174 -9.188766479 -0.932131112 -0.030316690 -0.360850096 73.815826416
-0.376934171 0.064329855 0.924003601 134.737197876 -0.006896067 0.997362673 -0.072250336 -9.287912369 -0.926214576 -0.033605598 -0.375496387 73.376510620
-0.391791821 0.066870861 0.917620599 135.846145630 -0.005813065 0.997155368 -0.075148873 -9.376483917 -0.920035601 -0.034776896 -0.390288591 72.910949707
-0.406613946 0.068379074 0.911037683 136.937652588 -0.004661605 0.997026861 -0.076913670 -9.477193832 -0.913588345 -0.035521057 -0.405086279 72.435104370
-0.421090126 0.071125969 0.904225707 138.024490356 -0.001566035 0.996862113 -0.079141989 -9.583707809 -0.907017410 -0.034741964 -0.419657469 71.937500000
-0.435665369 0.074400790 0.897028506 139.108917236 -0.001511690 0.996516109 -0.083386615 -9.687824249 -0.900107384 -0.037684690 -0.434035182 71.411575317
-0.450924873 0.076738998 0.889256954 140.194793701 -0.000597213 0.996271014 -0.086276680 -9.792236328 -0.892561734 -0.039435372 -0.449197650 70.871017456
-0.466134906 0.074069612 0.881607831 141.273712158 -0.001648935 0.996414721 -0.084587149 -9.900590897 -0.884712338 -0.040882718 -0.464341521 70.305816650
-0.482313514 0.069668695 0.873223960 142.366806030 -0.004613027 0.996616602 -0.082061321 -10.009057999 -0.875986576 -0.043607488 -0.480360270 69.727828979
-0.497941852 0.069882751 0.864390194 143.434005737 -0.004765687 0.996512294 -0.083309665 -10.114300728 -0.867197335 -0.045602784 -0.495872140 69.111938477
-0.514368773 0.069079429 0.854782462 144.498199463 -0.006177034 0.996426046 -0.084243454 -10.220444679 -0.857546985 -0.048612215 -0.512103796 68.497589111
-0.530406594 0.068161994 0.844998956 145.544891357 -0.006720404 0.996392965 -0.084592633 -10.325566292 -0.847716987 -0.050547205 -0.528035283 67.855346680
-0.545966625 0.067603722 0.835074902 146.585006714 -0.007657329 0.996294856 -0.085661642 -10.439332962 -0.837771833 -0.053162850 -0.543426156 67.192642212
-0.561382890 0.066764519 0.824858606 147.619903564 -0.008118691 0.996248007 -0.086162299 -10.550591469 -0.827516377 -0.055066813 -0.558734536 66.500076294
-0.577105761 0.064346544 0.814130545 148.668899536 -0.008380944 0.996371984 -0.084691323 -10.660673141 -0.816626430 -0.055699032 -0.574472666 65.785491943
-0.592299461 0.060835205 0.803418040 149.682434082 -0.007940500 0.996656299 -0.081321239 -10.772699356 -0.805678844 -0.054546062 -0.589836001 65.051635742
-0.607026339 0.059190758 0.792474508 150.692504883 -0.007115380 0.996777415 -0.079900667 -10.881604195 -0.794650078 -0.054140553 -0.604648948 64.293853760
-0.621833920 0.057426654 0.781040788 151.694335938 -0.008012011 0.996789217 -0.079668574 -10.988791466 -0.783108175 -0.055798329 -0.619377255 63.512008667
-0.636851311 0.058561623 0.768759489 152.668853760 -0.009325113 0.996453106 -0.083631642 -11.095791817 -0.770930350 -0.060429681 -0.634046316 62.720802307
-0.652258873 0.057842959 0.755786061 153.641418457 -0.012036929 0.996167958 -0.086628355 -11.197204590 -0.757900715 -0.065601461 -0.649063230 61.901557922
-0.668166876 0.054598503 0.742005587 154.599105835 -0.013714520 0.996230483 -0.085654721 -11.311489105 -0.743885219 -0.067407891 -0.664899468 61.066131592
-0.684608459 0.046978913 0.727395654 155.556533813 -0.017327879 0.996589959 -0.080673464 -11.422984123 -0.728705168 -0.067833953 -0.681459904 60.199348450
-0.701723456 0.044664860 0.711047888 156.477722168 -0.017885447 0.996613979 -0.080253750 -11.532548904 -0.712224782 -0.069033355 -0.698548555 59.321289062
-0.719151616 0.041832775 0.693593025 157.386871338 -0.019769624 0.996550202 -0.080603197 -11.641339302 -0.694572091 -0.071677983 -0.715843678 58.405326843
-0.737037063 0.037667412 0.674801826 158.292785645 -0.023288369 0.996437311 -0.081057288 -11.752929688 -0.675450921 -0.075457267 -0.733533978 57.469161987
-0.753815174 0.036052525 0.656096697 159.147583008 -0.022579014 0.996482790 -0.080698654 -11.860473633 -0.656698465 -0.075645894 -0.750349879 56.516189575
-0.769761443 0.037978012 0.637200832 159.997955322 -0.020397162 0.996255398 -0.084018640 -11.980876923 -0.638005614 -0.077671401 -0.766104341 55.503738403
-0.785063982 0.037473179 0.618280292 160.812225342 -0.017084563 0.996478617 -0.082088493 -12.093088150 -0.619179189 -0.075007759 -0.781659245 54.499221802
-0.799902201 0.038884006 0.598869324 161.607894897 -0.012641693 0.996585608 -0.081592686 -12.213579178 -0.599997222 -0.072836898 -0.796679497 53.469894409
-0.814444304 0.039622791 0.578887343 162.371475220 -0.011307833 0.996392429 -0.084108688 -12.328935623 -0.580131531 -0.075047798 -0.811058044 52.423362732
-0.828489184 0.041360982 0.558475375 163.111038208 -0.009960558 0.996022642 -0.088542290 -12.447364807 -0.559916317 -0.078919061 -0.824782014 51.361343384
-0.841530681 0.041769728 0.538592517 163.810394287 -0.007208739 0.996049166 -0.088510484 -12.566166878 -0.540161669 -0.078366846 -0.837904811 50.294372559
-0.853525162 0.039724439 0.519535184 164.504425049 -0.005996971 0.996274590 -0.086028852 -12.692174911 -0.521017134 -0.076543428 -0.850107312 49.193618774
-0.864136815 0.041429222 0.501548588 165.159057617 -0.003061288 0.996154606 -0.087559372 -12.817673683 -0.503247440 -0.077198669 -0.860687017 48.084503174
-0.873777390 0.044283297 0.484305948 165.788681030 -0.000212578 0.995810807 -0.091437109 -12.935165405 -0.486326247 -0.079998620 -0.870107532 46.970031738
-0.882958770 0.042080704 0.467560738 166.406036377 -0.001696273 0.995681882 -0.092815183 -13.063953400 -0.469447494 -0.082745083 -0.879074693 45.843177795
-0.891258597 0.039546821 0.451767921 167.002197266 -0.002628502 0.995723248 -0.092349105 -13.187313080 -0.453487933 -0.083494402 -0.887342930 44.696434021
-0.898688912 0.037493549 0.436981231 167.574371338 -0.003467186 0.995700777 -0.092562959 -13.316057205 -0.438573062 -0.084700391 -0.894695282 43.556388855
-0.905409813 0.035644498 0.423040062 168.131561279 -0.003753955 0.995757937 -0.091934942 -13.443250656 -0.424522460 -0.084826849 -0.901435256 42.391296387
-0.911629796 0.033187322 0.409670174 168.674575806 -0.004860248 0.995794654 -0.091484576 -13.566398621 -0.410983503 -0.085391164 -0.907634735 41.210494995
-0.917497873 0.028487576 0.396719366 169.202529907 -0.007157599 0.996087670 -0.088080406 -13.685906410 -0.397676468 -0.083653137 -0.913704395 40.027694702
-0.922873497 0.025059879 0.384287179 169.719406128 -0.008004259 0.996416748 -0.084200062 -13.813205719 -0.385020226 -0.080781929 -0.919366002 38.866661072
-0.927026868 0.024900302 0.374167383 170.220184326 -0.005903521 0.996700227 -0.080955371 -13.938459396 -0.374948531 -0.077256709 -0.923820853 37.633148193
-0.930389047 0.029274948 0.365403056 170.701736450 -0.001032432 0.996592820 -0.082472667 -14.056572914 -0.366572440 -0.077108905 -0.927188754 36.433467865
-0.932387710 0.034166072 0.359841675 171.157119751 0.003863118 0.996407807 -0.084596708 -14.164446831 -0.361439377 -0.077486813 -0.929170370 35.211494446
-0.934569240 0.037524275 0.353796959 171.633575439 0.007231040 0.996220410 -0.086559646 -14.290464401 -0.355707854 -0.078337662 -0.931308270 34.017158508
-0.936505079 0.034483481 0.348955095 172.091781616 0.004753781 0.996309936 -0.085696705 -14.405962944 -0.350622535 -0.078596525 -0.933213234 32.801403046
-0.938442588 0.027384209 0.344348699 172.552963257 -0.000905176 0.996654451 -0.081725448 -14.526911736 -0.345434636 -0.077006325 -0.935278177 31.597396851
-0.940423965 0.020440958 0.339389235 173.015258789 -0.007085034 0.996796310 -0.079667844 -14.645496368 -0.339930415 -0.077326126 -0.937266231 30.399833679
-0.942127109 0.014027333 0.334962487 173.461807251 -0.014124836 0.996576369 -0.081461951 -14.752668381 -0.334958375 -0.081478804 -0.938703418 29.189327240
-0.943668962 0.012229417 0.330665350 173.907943726 -0.016393121 0.996361732 -0.083633207 -14.871454239 -0.330485106 -0.084342681 -0.940035224 27.993396759
-0.944193125 0.011332123 0.329197615 174.337066650 -0.018202940 0.996085763 -0.086497769 -14.980706215 -0.328889251 -0.087662950 -0.940291047 26.776435852
-0.944486976 0.011477533 0.328348964 174.767868042 -0.018563587 0.995928824 -0.088210642 -15.103966713 -0.328024656 -0.089409113 -0.940428734 25.558135986
-0.944182992 0.014517063 0.329101503 175.188796997 -0.016107883 0.995798945 -0.090138949 -15.225585938 -0.329027474 -0.090408795 -0.939982653 24.332542419
-0.943985343 0.015553312 0.329621077 175.628448486 -0.015394053 0.995725513 -0.091069996 -15.358593941 -0.329628557 -0.091042936 -0.939710855 23.148048401
-0.943521976 0.016658319 0.330891401 176.057846069 -0.014967817 0.995572150 -0.092800908 -15.485782623 -0.330972195 -0.092512406 -0.939094901 21.934425354
-0.943188548 0.018040156 0.331768364 176.506057739 -0.013451220 0.995633066 -0.092378952 -15.616611481 -0.331986070 -0.091593437 -0.938827038 20.716720581
-0.942176819 0.016710142 0.334699661 176.951736450 -0.015390280 0.995544672 -0.093026854 -15.741092682 -0.334762961 -0.092798851 -0.937721968 19.505775452
-0.941021323 0.015719749 0.337982178 177.394042969 -0.016757304 0.995528936 -0.092958875 -15.870309830 -0.337932318 -0.093139939 -0.936550498 18.302375793
-0.939024210 0.013993824 0.343566656 177.841812134 -0.018410284 0.995692194 -0.090873905 -16.001199722 -0.343358308 -0.091657944 -0.934721470 17.076766968
-0.937401414 0.011508076 0.348060966 178.314849854 -0.020197019 0.995975077 -0.087325133 -16.131809235 -0.347665012 -0.088888489 -0.933396101 15.882461548
-0.935288310 0.008809636 0.353777528 178.797607422 -0.022818590 0.996108472 -0.085130654 -16.249198914 -0.353150755 -0.087694399 -0.931447625 14.699256897
-0.931493044 0.012657717 0.363539040 179.246932983 -0.019357029 0.996253550 -0.084285952 -16.373466492 -0.363243937 -0.085548811 -0.927758336 13.449920654
-0.928365827 0.012724836 0.371450633 179.731964111 -0.020076474 0.996237695 -0.084305339 -16.491708755 -0.371125877 -0.085723586 -0.924617529 12.266792297
-0.924236536 0.015974667 0.381486326 180.215103149 -0.018371096 0.996106744 -0.086219892 -16.617660522 -0.381378442 -0.086695895 -0.920344710 11.081207275
-0.920434237 0.017254492 0.390516698 180.727539062 -0.017674729 0.996166527 -0.085673094 -16.730834961 -0.390497893 -0.085758716 -0.916600823 9.921783447
-0.915016651 0.018692181 0.402982920 181.237808228 -0.017842496 0.996073306 -0.086715728 -16.857385635 -0.403021455 -0.086536556 -0.911090136 8.748924255
-0.909305453 0.020612277 0.415618777 181.770858765 -0.017351352 0.996025801 -0.087358989 -16.982231140 -0.415767670 -0.086647548 -0.905333996 7.593688965
-0.902839661 0.023158100 0.429353297 182.317703247 -0.015959838 0.996055543 -0.087284595 -17.105350494 -0.429681093 -0.085656404 -0.898908854 6.420974731
-0.896597028 0.022342740 0.442283392 182.893081665 -0.016941298 0.996264875 -0.084671512 -17.225757599 -0.442523211 -0.083409086 -0.892869592 5.265228271
-0.889518619 0.024933249 0.456217885 183.469024658 -0.015531465 0.996282756 -0.084731646 -17.350984573 -0.456634641 -0.082456119 -0.885824800 4.112564087
-0.882875323 0.027351826 0.468810409 184.084243774 -0.013725501 0.996372938 -0.083979636 -17.464813232 -0.469406992 -0.080578193 -0.879297614 2.978591919
-0.874897480 0.028935643 0.483443171 184.690124512 -0.011828860 0.996639132 -0.081059031 -17.588462830 -0.484163851 -0.076636918 -0.871614814 1.850082397
-0.866997600 0.030671198 0.497367531 185.320220947 -0.009551878 0.996897697 -0.078126334 -17.706192017 -0.498220772 -0.072486140 -0.864014983 0.744033813
-0.858627200 0.033801854 0.511484742 185.960937500 -0.005931881 0.997101426 -0.075852014 -17.823234558 -0.512566149 -0.068162672 -0.855937958 -0.345947266
-0.849179387 0.037287783 0.526786387 186.614715576 -0.002327261 0.997230291 -0.074338987 -17.929557800 -0.528099298 -0.064353108 -0.846740603 -1.416702271
-0.839201927 0.039761927 0.542364657 187.298507690 0.000009432 0.997324526 -0.073101431 -18.037002563 -0.543820202 -0.061341733 -0.836956978 -2.456558228
-0.827750206 0.043194480 0.559431851 187.985687256 0.003257223 0.997385561 -0.072189994 -18.135749817 -0.561087489 -0.057933081 -0.825726867 -3.491806030
-0.816274405 0.044583559 0.575941563 188.697219849 0.004653740 0.997492433 -0.070620082 -18.246112823 -0.577645898 -0.054965071 -0.814435124 -4.516983032
-0.804276466 0.046943303 0.592398286 189.440551758 0.006084501 0.997473240 -0.070781887 -18.350013733 -0.594224155 -0.053323757 -0.802529812 -5.514953613
-0.791818023 0.049300347 0.608764112 190.194808960 0.007661749 0.997460186 -0.070813015 -18.445938110 -0.610709071 -0.051406819 -0.790184617 -6.497665405
-0.776854396 0.049990293 0.627692640 190.961364746 0.008551504 0.997589290 -0.068865716 -18.540523529 -0.629622042 -0.048130926 -0.775409102 -7.493499756
-0.761659980 0.051615879 0.645917892 191.752807617 0.010550866 0.997678101 -0.067283876 -18.636360168 -0.647891045 -0.044432439 -0.760436058 -8.434173584
