1.000000000 0.000000000 0.000000000 0.000000000 0.000000000 1.000000000 0.000000000 0.000000000 0.000000000 0.000000000 1.000000000 0.000000000
0.999999702 -0.000297059 0.000711804 0.001812631 0.000297696 0.999999583 -0.000895646 -0.009500014 -0.000711538 0.000895857 0.999999344 0.667041302
0.999998748 -0.000809807 0.001348560 -0.000635547 0.000811144 0.999999166 -0.000990826 -0.026201835 -0.001347757 0.000991919 0.999998629 1.308976054
0.999997675 -0.000854687 0.001982412 -0.002973207 0.000855764 0.999999464 -0.000542121 -0.034574911 -0.001981948 0.000543816 0.999997914 1.916424632
0.999995053 -0.001734311 0.002620185 -0.001354662 0.001735417 0.999998391 -0.000419854 -0.045060944 -0.002619452 0.000424399 0.999996483 2.514395237
0.999994814 -0.001821036 0.002655672 -0.001285155 0.001822038 0.999998271 -0.000375040 -0.056862120 -0.002654984 0.000379877 0.999996424 3.081294298
0.999994099 -0.001528210 0.003072442 -0.001201631 0.001527322 0.999998808 0.000291222 -0.067103647 -0.003072883 -0.000286528 0.999995232 3.624619722
0.999991179 -0.002748953 0.003177393 0.003576242 0.002748634 0.999996245 0.000104739 -0.080258779 -0.003177669 -0.000096005 0.999994934 4.155958652
0.999989688 -0.002743853 0.003623354 -0.012847790 0.002744734 0.999996185 -0.000238334 -0.087655358 -0.003622686 0.000248277 0.999993384 4.633233070
0.999987006 -0.003929363 0.003243050 0.007562346 0.003929320 0.999992251 0.000019573 -0.099460609 -0.003243102 -0.000006830 0.999994755 5.157633305
0.999985576 -0.004139180 0.003431136 0.014086735 0.004138090 0.999991357 0.000324593 -0.110881977 -0.003432450 -0.000310390 0.999994040 5.642386913
0.999981821 -0.004408191 0.004110041 0.017139271 0.004407157 0.999990225 0.000260663 -0.115945488 -0.004111150 -0.000242544 0.999991536 6.095036507
0.999980986 -0.004031911 0.004672129 0.009011015 0.004031927 0.999991894 0.000006033 -0.120669909 -0.004672116 0.000012805 0.999989092 6.507483482
0.999973357 -0.005272572 0.005048513 0.019160409 0.005268857 0.999985814 0.000748922 -0.133196071 -0.005052391 -0.000722302 0.999986947 6.931496143
0.999962091 -0.006706882 0.005551719 0.028572999 0.006702447 0.999977231 0.000817139 -0.139241606 -0.005557073 -0.000779898 0.999984264 7.331045628
0.999951780 -0.007607954 0.006210099 0.035987705 0.007601669 0.999970555 0.001035026 -0.148973167 -0.006217790 -0.000987769 0.999980211 7.698677540
0.999949515 -0.007066385 0.007146103 0.031898778 0.007056093 0.999974012 0.001464402 -0.152364627 -0.007156266 -0.001413904 0.999973416 8.034554482
0.999947608 -0.006777634 0.007673039 0.036213651 0.006767040 0.999976099 0.001405811 -0.159215629 -0.007682384 -0.001353814 0.999969602 8.362065315
0.999942482 -0.007016248 0.008114739 0.041398041 0.007005055 0.999974489 0.001406876 -0.164068237 -0.008124404 -0.001349951 0.999966085 8.660425186
0.999932528 -0.007662004 0.008730878 0.045044154 0.007648081 0.999969423 0.001627006 -0.175262749 -0.008743077 -0.001560122 0.999960542 8.926299095
0.999927521 -0.007899454 0.009082972 0.052920394 0.007884903 0.999967575 0.001636780 -0.179594383 -0.009095607 -0.001565043 0.999957383 9.209165573
0.999919295 -0.008250066 0.009660834 0.056447171 0.008232682 0.999964416 0.001837789 -0.184799582 -0.009675653 -0.001758106 0.999951661 9.440875053
0.999908864 -0.008558794 0.010442625 0.058743306 0.008546663 0.999962747 0.001205846 -0.184478790 -0.010452556 -0.001116487 0.999944746 9.659177780
0.999899745 -0.009040420 0.010897010 0.060221620 0.009029432 0.999958694 0.001057073 -0.189571753 -0.010906115 -0.000958573 0.999940038 9.849951744
0.999895692 -0.009412477 0.010955160 0.066413321 0.009402231 0.999955297 0.000986309 -0.194198489 -0.010963954 -0.000883203 0.999939501 10.019881248
0.999892354 -0.009352723 0.011304901 0.071415983 0.009343217 0.999955952 0.000893466 -0.195673719 -0.011312759 -0.000787745 0.999935687 10.175117493
0.999894381 -0.008993916 0.011415951 0.073304296 0.008987525 0.999959409 0.000611005 -0.195939630 -0.011420983 -0.000508339 0.999934673 10.312915802
0.999891996 -0.008909351 0.011688594 0.073447093 0.008901270 0.999960124 0.000743222 -0.199992880 -0.011694750 -0.000639098 0.999931395 10.420820236
0.999887109 -0.008998607 0.012034815 0.074434392 0.008993546 0.999959469 0.000474651 -0.200375140 -0.012038598 -0.000366362 0.999927461 10.518021584
0.999888718 -0.008539900 0.012230800 0.075466976 0.008541961 0.999963522 -0.000116265 -0.200874850 -0.012229361 0.000220727 0.999925196 10.592397690
0.999888182 -0.008724458 0.012144492 0.079712011 0.008725659 0.999961913 -0.000045997 -0.200844273 -0.012143629 0.000151961 0.999926269 10.650123596
0.999887824 -0.008525270 0.012312852 0.078651652 0.008528622 0.999963582 -0.000219763 -0.202924147 -0.012310530 0.000324750 0.999924183 10.690103531
0.999887347 -0.008600004 0.012299325 0.079610124 0.008607751 0.999962807 -0.000577051 -0.200848937 -0.012293905 0.000682855 0.999924183 10.716780663
0.999883533 -0.008911597 0.012388831 0.080427915 0.008909949 0.999960303 0.000188176 -0.203754842 -0.012390016 -0.000077770 0.999923229 10.719387054
0.999884307 -0.008821466 0.012393602 0.079735048 0.008830453 0.999960780 -0.000670549 -0.202438459 -0.012387201 0.000779913 0.999922991 10.713918686
0.999890029 -0.008434393 0.012199165 0.077706411 0.008477669 0.999957919 -0.003500175 -0.208823770 -0.012169131 0.003603211 0.999919474 10.705542564
0.999886990 -0.008395110 0.012471281 0.078632735 0.008475428 0.999943614 -0.006401308 -0.210813746 -0.012416838 0.006506285 0.999901712 10.705596924
0.999885917 -0.008489227 0.012491077 0.077781923 0.008565644 0.999944866 -0.006077038 -0.211358488 -0.012438799 0.006183339 0.999903500 10.704235077
0.999885559 -0.008783766 0.012318559 0.076915979 0.008847898 0.999947548 -0.005161356 -0.210460156 -0.012272577 0.005269758 0.999910831 10.706498146
0.999884188 -0.008876354 0.012362068 0.078158230 0.008940706 0.999946713 -0.005160076 -0.211168557 -0.012315606 0.005270004 0.999910295 10.710954666
0.999883950 -0.008614835 0.012562568 0.076867163 0.008678794 0.999949634 -0.005045590 -0.209003389 -0.012518468 0.005154032 0.999908328 10.711892128
0.999886632 -0.008763343 0.012246127 0.079078272 0.008824177 0.999948978 -0.004922447 -0.209105417 -0.012202365 0.005029951 0.999912918 10.712140083
0.999883533 -0.008927052 0.012376771 0.077725463 0.008993666 0.999945343 -0.005336976 -0.208610892 -0.012328451 0.005447668 0.999909163 10.711152077
0.999884069 -0.008814139 0.012416552 0.077653855 0.008875821 0.999948502 -0.004921342 -0.208900362 -0.012372536 0.005030978 0.999910772 10.709785461
0.999886632 -0.008496949 0.012432064 0.077335149 0.008558181 0.999951482 -0.004880498 -0.209290698 -0.012389991 0.004986341 0.999910831 10.710488319
0.999883890 -0.008937730 0.012340135 0.079034925 0.009001959 0.999946177 -0.005159204 -0.210078910 -0.012293359 0.005269690 0.999910533 10.710856438
0.999885380 -0.008800142 0.012319265 0.078151926 0.008861006 0.999948740 -0.004894697 -0.209902301 -0.012275560 0.005003297 0.999912143 10.706104279
0.999884427 -0.008826436 0.012379342 0.078898981 0.008886906 0.999948800 -0.004838375 -0.210666180 -0.012336002 0.004947830 0.999911666 10.711939812
0.999885321 -0.008876195 0.012270205 0.078827925 0.008937336 0.999947846 -0.004937013 -0.209788874 -0.012225743 0.005046110 0.999912500 10.713735580
0.999886334 -0.008695204 0.012319273 0.078597859 0.008758027 0.999948859 -0.005054832 -0.208944857 -0.012274691 0.005162150 0.999911368 10.710513115
0.999885261 -0.008823500 0.012311997 0.079326466 0.008885992 0.999947846 -0.005030273 -0.207421944 -0.012266970 0.005139100 0.999911547 10.711304665
0.999886334 -0.008768310 0.012263864 0.080231443 0.008829183 0.999948919 -0.004918307 -0.208870694 -0.012220113 0.005026028 0.999912679 10.709979057
0.999886394 -0.008699055 0.012307899 0.079245046 0.008761870 0.999948800 -0.005058937 -0.208807051 -0.012263261 0.005166202 0.999911487 10.711167336
0.999885142 -0.008856820 0.012297978 0.078964978 0.008918616 0.999947846 -0.004979182 -0.209325880 -0.012253236 0.005088291 0.999911964 10.709568977
0.999885499 -0.008805677 0.012307174 0.079451419 0.008866891 0.999948561 -0.004928136 -0.209448367 -0.012263145 0.005036698 0.999912143 10.707990646
0.999885261 -0.008867155 0.012281564 0.080029733 0.008929094 0.999947667 -0.004997657 -0.209678531 -0.012236605 0.005106747 0.999912083 10.711121559
0.999886274 -0.008621918 0.012374532 0.078320555 0.008685312 0.999949396 -0.005078394 -0.208528817 -0.012330120 0.005185293 0.999910533 10.706398010
0.999886036 -0.008766203 0.012288809 0.080269173 0.008825698 0.999949574 -0.004795519 -0.210884288 -0.012246151 0.004903430 0.999912977 10.709007263
0.999887109 -0.008714580 0.012241566 0.079017200 0.008776856 0.999948740 -0.005042748 -0.208488002 -0.012196993 0.005149621 0.999912381 10.712647438
0.999886096 -0.008776027 0.012278247 0.078459874 0.008837865 0.999948502 -0.004991236 -0.209611133 -0.012233811 0.005099181 0.999912143 10.713118553
0.999885917 -0.008857121 0.012233239 0.079321593 0.008916662 0.999948621 -0.004821235 -0.209672809 -0.012189908 0.004929765 0.999913573 10.712099075
0.999886274 -0.008807844 0.012243475 0.078340374 0.008868185 0.999948740 -0.004882865 -0.210754767 -0.012199840 0.004990887 0.999913096 10.711474419
0.999886930 -0.008773788 0.012210379 0.079847991 0.008834342 0.999948919 -0.004914180 -0.210714832 -0.012166640 0.005021496 0.999913394 10.711089134
0.999886513 -0.008841079 0.012199498 0.080631696 0.008901622 0.999948263 -0.004917404 -0.210695863 -0.012155392 0.005025441 0.999913514 10.708080292
0.999887049 -0.008794115 0.012189178 0.079910502 0.008855258 0.999948442 -0.004971314 -0.209044844 -0.012144831 0.005078691 0.999913335 10.711956978
0.999887943 -0.008499620 0.012325374 0.078359984 0.008561182 0.999951124 -0.004950597 -0.209275380 -0.012282694 0.005055562 0.999911785 10.706487656
0.999885738 -0.008712202 0.012351902 0.079106286 0.008775236 0.999948680 -0.005058212 -0.208115071 -0.012307201 0.005166025 0.999910891 10.712893486
0.999884903 -0.008888389 0.012296459 0.080386132 0.008948494 0.999948263 -0.004841637 -0.209766254 -0.012252788 0.004951114 0.999912679 10.710409164
0.999887049 -0.008592580 0.012330759 0.079322912 0.008654337 0.999950230 -0.004963843 -0.209758341 -0.012287493 0.005069997 0.999911666 10.707520485
0.999885440 -0.008877511 0.012261234 0.080218606 0.008940073 0.999947250 -0.005057039 -0.208736628 -0.012215693 0.005166076 0.999912024 10.709002495
0.999887228 -0.008544181 0.012351724 0.079031222 0.008604548 0.999951243 -0.004842439 -0.209634304 -0.012309748 0.004948174 0.999911964 10.712024689
0.999887288 -0.008629162 0.012285811 0.079119734 0.008692379 0.999949217 -0.005101463 -0.207384363 -0.012241166 0.005207681 0.999911487 10.711084366
0.999885738 -0.008530877 0.012479583 0.076510355 0.008593995 0.999950528 -0.005012929 -0.209198877 -0.012436200 0.005119605 0.999909580 10.712464333
0.999887586 -0.008572759 0.012303796 0.080117531 0.008634888 0.999950171 -0.005005374 -0.208337665 -0.012260273 0.005111053 0.999911785 10.712938309
0.999886453 -0.008641316 0.012345761 0.078620225 0.008703366 0.999949694 -0.004981204 -0.209579304 -0.012302096 0.005088088 0.999911368 10.712738991
0.999887228 -0.008562072 0.012337403 0.079369068 0.008624183 0.999950349 -0.004990000 -0.208848163 -0.012294066 0.005095838 0.999911427 10.709204674
0.999884546 -0.008861778 0.012341752 0.079275534 0.008923546 0.999947906 -0.004958817 -0.209756985 -0.012297165 0.005068377 0.999911547 10.713652611
0.999885738 -0.008751890 0.012327100 0.080090255 0.008814169 0.999948621 -0.005007003 -0.208918422 -0.012282646 0.005115084 0.999911487 10.710754395
0.999885559 -0.008641766 0.012417085 0.078337684 0.008704395 0.999949634 -0.004998618 -0.208668381 -0.012373262 0.005106129 0.999910414 10.712472916
0.999884129 -0.008830404 0.012398266 0.077720687 0.008892733 0.999948025 -0.004981108 -0.210184306 -0.012353637 0.005090785 0.999910712 10.709790230
0.999886870 -0.008649355 0.012306008 0.078812607 0.008710488 0.999949932 -0.004922879 -0.210565925 -0.012262812 0.005029513 0.999912143 10.709232330
0.999886215 -0.008748231 0.012288034 0.080245219 0.008810190 0.999948680 -0.004997205 -0.209576264 -0.012243686 0.005104897 0.999912024 10.708481789
0.999887705 -0.008455995 0.012372314 0.078258932 0.008519632 0.999950707 -0.005099898 -0.208321959 -0.012328580 0.005204733 0.999910474 10.712021828
0.999885201 -0.008796913 0.012334469 0.079175532 0.008857919 0.999948740 -0.004900109 -0.209567785 -0.012290731 0.005008804 0.999911904 10.710970879
0.999887049 -0.008664043 0.012281047 0.079421945 0.008727024 0.999948978 -0.005084098 -0.207908809 -0.012236372 0.005190701 0.999911666 10.712081909
0.999888122 -0.008597047 0.012242740 0.080284461 0.008658689 0.999950051 -0.004990952 -0.208573058 -0.012199221 0.005096399 0.999912620 10.711887360
0.999887466 -0.008536695 0.012336394 0.079287864 0.008599039 0.999950469 -0.005009548 -0.208389983 -0.012293018 0.005115065 0.999911368 10.712724686
0.999886632 -0.008631736 0.012336630 0.079205677 0.008693691 0.999949813 -0.004977266 -0.208718076 -0.012293049 0.005083953 0.999911487 10.710555077
0.999887407 -0.008553376 0.012331541 0.077966660 0.008614569 0.999950826 -0.004917738 -0.208618090 -0.012288871 0.005023416 0.999911845 10.711818695
0.999885976 -0.008588201 0.012422885 0.076806732 0.008651560 0.999949813 -0.005055420 -0.208277807 -0.012378844 0.005162321 0.999910057 10.710026741
0.999885499 -0.008748695 0.012346083 0.078918390 0.008810332 0.999948978 -0.004946840 -0.209317565 -0.012302174 0.005055047 0.999911547 10.712232590
0.999884903 -0.008654781 0.012463299 0.078589380 0.008716868 0.999949813 -0.004935923 -0.209479377 -0.012419954 0.005043996 0.999910176 10.710730553
0.999886274 -0.008582175 0.012401516 0.077773400 0.008645567 0.999949813 -0.005067155 -0.208198681 -0.012357405 0.005173797 0.999910235 10.713198662
0.999886215 -0.008579343 0.012405943 0.077145100 0.008640593 0.999950707 -0.004891999 -0.210135162 -0.012363361 0.004998637 0.999911070 10.709197998
0.999883115 -0.008753584 0.012535696 0.076095887 0.008815904 0.999949038 -0.004924876 -0.209922314 -0.012491946 0.005034814 0.999909282 10.712903976
0.999884903 -0.008761076 0.012386349 0.077403240 0.008822554 0.999948978 -0.004917431 -0.210153550 -0.012342636 0.005026144 0.999911189 10.711064339
0.999884844 -0.008875544 0.012308222 0.078510746 0.008935806 0.999948323 -0.004849778 -0.210619822 -0.012264541 0.004959204 0.999912500 10.709954262
0.999884903 -0.008734168 0.012406672 0.078401215 0.008796519 0.999948919 -0.004979949 -0.209430248 -0.012362543 0.005088512 0.999910653 10.711397171
0.999886036 -0.008800118 0.012266359 0.078818694 0.008860337 0.999948919 -0.004863541 -0.209889159 -0.012222933 0.004971670 0.999912918 10.709974289
0.999886811 -0.008564631 0.012370571 0.077861227 0.008626649 0.999950469 -0.004968720 -0.208774969 -0.012327403 0.005074874 0.999911129 10.709846497
0.999885738 -0.008671942 0.012380420 0.078019537 0.008734113 0.999949455 -0.004976439 -0.208537340 -0.012336639 0.005084002 0.999910951 10.711117744
0.999885619 -0.008852283 0.012264919 0.079422951 0.008914056 0.999947786 -0.004991083 -0.209074453 -0.012220097 0.005099843 0.999912322 10.711905479
0.999885917 -0.008725199 0.012327522 0.077562571 0.008787833 0.999948680 -0.005035850 -0.209972903 -0.012282951 0.005143608 0.999911308 10.707373619
0.999883950 -0.008881997 0.012378212 0.078967154 0.008943856 0.999947727 -0.004950984 -0.209084600 -0.012333591 0.005061119 0.999911129 10.711146355
0.999885857 -0.008734816 0.012325512 0.078158170 0.008796929 0.999948859 -0.004994307 -0.208683640 -0.012281258 0.005102163 0.999911547 10.713928223
0.999884009 -0.008848642 0.012396388 0.078125514 0.008910450 0.999948084 -0.004939632 -0.210050061 -0.012352035 0.005049516 0.999910951 10.713679314
0.999884486 -0.008709209 0.012454881 0.077737801 0.008771178 0.999949396 -0.004929523 -0.209217355 -0.012411319 0.005038198 0.999910295 10.712084770
0.999884605 -0.008828217 0.012361052 0.078032240 0.008889739 0.999948323 -0.004931006 -0.210421473 -0.012316883 0.005040323 0.999911427 10.712326050
0.999884725 -0.008687976 0.012454104 0.077265769 0.008751531 0.999948919 -0.005057774 -0.208189145 -0.012409526 0.005166183 0.999909639 10.712909698
0.999884427 -0.008567315 0.012558527 0.075552449 0.008630447 0.999950349 -0.004981567 -0.208503678 -0.012515225 0.005089377 0.999908745 10.710847855
0.999885142 -0.008658259 0.012438483 0.077385813 0.008722514 0.999948859 -0.005120905 -0.208031699 -0.012393508 0.005228811 0.999909520 10.709735870
0.999884725 -0.008760889 0.012402689 0.078761294 0.008822787 0.999948859 -0.004944776 -0.209356233 -0.012358734 0.005053632 0.999910831 10.712893486
0.999885976 -0.008671808 0.012363151 0.078087211 0.008734196 0.999949336 -0.005001294 -0.209891140 -0.012319154 0.005108706 0.999911070 10.711976051
0.999884009 -0.008854543 0.012391457 0.078895576 0.008917108 0.999947727 -0.005002911 -0.208738580 -0.012346511 0.005112827 0.999910712 10.714021683
0.999884963 -0.008734750 0.012402300 0.077978186 0.008797171 0.999948859 -0.004987383 -0.208374500 -0.012358102 0.005095914 0.999910653 10.713205338
0.999883711 -0.008781096 0.012469668 0.076807193 0.008843555 0.999948561 -0.004962572 -0.209710598 -0.012425450 0.005072271 0.999909937 10.707957268
0.999886692 -0.008535256 0.012399392 0.078715742 0.008598072 0.999950409 -0.005021667 -0.208336696 -0.012355916 0.005127709 0.999910533 10.709952354
0.999884427 -0.008672949 0.012485710 0.076951176 0.008737162 0.999948859 -0.005097598 -0.208712026 -0.012440860 0.005206098 0.999909043 10.711157799
0.999883115 -0.008822896 0.012488508 0.077582397 0.008884721 0.999948502 -0.004903831 -0.209287241 -0.012444599 0.005014215 0.999909997 10.710649490
0.999885738 -0.008680020 0.012376395 0.078374647 0.008742184 0.999949396 -0.004977501 -0.208808631 -0.012332563 0.005085130 0.999911010 10.712042809
0.999884248 -0.008729834 0.012460259 0.077847458 0.008793608 0.999948442 -0.005072648 -0.209421411 -0.012415334 0.005181632 0.999909520 10.713562012
0.999884903 -0.008719096 0.012416936 0.078476369 0.008782042 0.999948800 -0.005023879 -0.208504826 -0.012372497 0.005132347 0.999910295 10.709882736
0.999884903 -0.008736418 0.012404639 0.079062119 0.008799888 0.999948442 -0.005071327 -0.208958581 -0.012359695 0.005179903 0.999910176 10.711544991
0.999885440 -0.008748474 0.012351069 0.078197375 0.008809868 0.999949038 -0.004925128 -0.210836112 -0.012307352 0.005033375 0.999911606 10.713247299
0.999884188 -0.008779781 0.012429670 0.077775508 0.008841838 0.999948680 -0.004946527 -0.208732605 -0.012385603 0.005055855 0.999910533 10.712573051
0.999884188 -0.008712059 0.012477696 0.076896124 0.008776155 0.999948502 -0.005091337 -0.208721831 -0.012432697 0.005200254 0.999909163 10.713698387
0.999886036 -0.008626107 0.012388724 0.079815924 0.008689417 0.999949396 -0.005065584 -0.207313761 -0.012344400 0.005172657 0.999910414 10.711068153
0.999886274 -0.008521882 0.012440886 0.077331908 0.008585380 0.999950349 -0.005059588 -0.207980618 -0.012397151 0.005165823 0.999909818 10.712030411
0.999886632 -0.008540001 0.012399931 0.077734709 0.008603688 0.999950051 -0.005091862 -0.207870975 -0.012355828 0.005197970 0.999910176 10.712159157
0.999885142 -0.008626264 0.012460781 0.077437699 0.008689735 0.999949515 -0.005048592 -0.208138153 -0.012416601 0.005156293 0.999909639 10.712261200
0.999885142 -0.008747553 0.012377205 0.078766815 0.008810151 0.999948621 -0.005012105 -0.209348440 -0.012332726 0.005120574 0.999910831 10.710730553
0.999887288 -0.008565246 0.012330433 0.079724245 0.008627003 0.999950469 -0.004964049 -0.209163234 -0.012287305 0.005069864 0.999911666 10.711939812
0.999884784 -0.008795536 0.012369540 0.078176625 0.008857143 0.999948621 -0.004934607 -0.209822446 -0.012325501 0.005043597 0.999911308 10.710885048
0.999888241 -0.008489801 0.012305723 0.079535775 0.008551644 0.999951005 -0.004981698 -0.208994746 -0.012262827 0.005086375 0.999911845 10.714222908
0.999886632 -0.008666752 0.012312655 0.079784982 0.008728975 0.999949336 -0.005008926 -0.208788961 -0.012268621 0.005115835 0.999911666 10.710999489
0.999884725 -0.008775959 0.012390384 0.078338742 0.008837993 0.999948621 -0.004960777 -0.208957404 -0.012346213 0.005069711 0.999910951 10.711826324
0.999886155 -0.008548845 0.012434616 0.078254662 0.008611100 0.999950588 -0.004961678 -0.209369928 -0.012391585 0.005068189 0.999910355 10.711729050
0.999886990 -0.008568586 0.012353668 0.080408387 0.008630211 0.999950528 -0.004943726 -0.208559155 -0.012310696 0.005049782 0.999911487 10.712600708
0.999884725 -0.008815086 0.012362467 0.078924678 0.008877491 0.999948084 -0.005002223 -0.209170982 -0.012317730 0.005111394 0.999911070 10.713744164
0.999885201 -0.008760568 0.012362611 0.079211459 0.008820667 0.999949515 -0.004815213 -0.210151032 -0.012319803 0.004923707 0.999911964 10.712266922
0.999884367 -0.008758270 0.012431350 0.078574240 0.008820446 0.999948800 -0.004955560 -0.209917456 -0.012387312 0.005064636 0.999910474 10.712435722
0.999884009 -0.008891656 0.012364727 0.079121441 0.008953623 0.999947608 -0.004965265 -0.209307417 -0.012319930 0.005075398 0.999911249 10.712329865
0.999885261 -0.008591370 0.012477316 0.078083605 0.008653459 0.999950409 -0.004930773 -0.209557429 -0.012434335 0.005038179 0.999909997 10.712005615
0.999884605 -0.008909963 0.012301843 0.080595724 0.008971218 0.999947608 -0.004933144 -0.209675223 -0.012257244 0.005042937 0.999912143 10.711071968
0.999884784 -0.008610086 0.012501586 0.077859893 0.008672253 0.999950230 -0.004927109 -0.209699303 -0.012458541 0.005034958 0.999909699 10.709876060
0.999884129 -0.008779319 0.012434999 0.077865668 0.008842096 0.999948382 -0.005002383 -0.210255623 -0.012390439 0.005111754 0.999910176 10.711899757
0.999884605 -0.008841164 0.012353308 0.079484805 0.008902210 0.999948382 -0.004895388 -0.210250229 -0.012309390 0.005004795 0.999911726 10.712947845
0.999884248 -0.008799331 0.012414603 0.078222618 0.008859370 0.999949276 -0.004789459 -0.210297838 -0.012371830 0.004898890 0.999911487 10.709547043
0.999884963 -0.008740903 0.012397749 0.078165986 0.008803047 0.999948919 -0.004966821 -0.210066289 -0.012353702 0.005075388 0.999910831 10.709876060
0.999884188 -0.008732184 0.012466294 0.079079390 0.008793714 0.999949396 -0.004889507 -0.208957672 -0.012422967 0.004998566 0.999910355 10.710687637
0.999884546 -0.008690094 0.012463033 0.078372873 0.008753262 0.999949098 -0.005022869 -0.209449932 -0.012418750 0.005131381 0.999909699 10.709237099
0.999884307 -0.008801815 0.012407279 0.078366615 0.008864581 0.999948144 -0.005012844 -0.209675774 -0.012362513 0.005122249 0.999910474 10.708914757
0.999884605 -0.008662561 0.012477801 0.078077182 0.008724842 0.999949694 -0.004945630 -0.209133506 -0.012434332 0.005053927 0.999909937 10.707302094
0.999884844 -0.008614234 0.012491643 0.076380193 0.008677757 0.999949634 -0.005040049 -0.208679929 -0.012447598 0.005147868 0.999909282 10.712855339
0.999883771 -0.008878598 0.012395383 0.079318188 0.008939673 0.999948144 -0.004880575 -0.209838748 -0.012351408 0.004990819 0.999911249 10.712537766
0.999889076 -0.008221084 0.012421474 0.077161886 0.008284543 0.999952853 -0.005065985 -0.207552284 -0.012379240 0.005168329 0.999909997 10.710905075
0.999887884 -0.008371779 0.012416085 0.077535771 0.008435058 0.999951661 -0.005053040 -0.209153876 -0.012373182 0.005157203 0.999910176 10.709048271
0.999884307 -0.008721334 0.012462675 0.078047730 0.008783111 0.999949396 -0.004910891 -0.208924964 -0.012419214 0.005019784 0.999910295 10.710124969
