1.000000000 0.000000000 0.000000000 0.000000000 0.000000000 1.000000000 0.000000000 0.000000000 0.000000000 0.000000000 1.000000000 0.000000000
0.999999106 0.001306878 0.000227952 -0.001227325 -0.001307150 0.999998450 0.001198330 -0.001597305 -0.000226386 -0.001198627 0.999999285 0.077097863
0.999995708 0.002860565 -0.000637194 -0.005452382 -0.002859598 0.999994755 0.001512713 0.000482314 0.000641517 -0.001510884 0.999998629 0.162166432
0.999996662 0.002301730 -0.001154867 -0.002500476 -0.002298224 0.999992788 0.003027608 -0.001560380 0.001161827 -0.003024943 0.999994755 0.246008232
0.999997318 0.002123195 -0.000907082 -0.007280712 -0.002118464 0.999984324 0.005185075 -0.002684430 0.000918076 -0.005183139 0.999986172 0.331393033
0.999995708 0.001271912 -0.002640042 -0.005910401 -0.001254034 0.999976337 0.006762384 -0.006149309 0.002648581 -0.006759044 0.999973655 0.414425403
0.999988556 0.001363166 -0.004582065 -0.006414483 -0.001328467 0.999970496 0.007567225 -0.006862900 0.004592245 -0.007561051 0.999960899 0.492091507
0.999979377 0.002844134 -0.005759430 -0.009503088 -0.002794647 0.999959290 0.008582165 -0.002316198 0.005783604 -0.008565892 0.999946594 0.561348498
0.999956489 0.004312478 -0.008271484 -0.016913138 -0.004235179 0.999947429 0.009340103 -0.004163792 0.008311328 -0.009304665 0.999922156 0.628464460
0.999918342 0.004825325 -0.011835180 -0.018783744 -0.004713866 0.999944448 0.009427418 -0.004605486 0.011880013 -0.009370858 0.999885499 0.690149307
0.999874353 0.004572273 -0.015176339 -0.019252097 -0.004426057 0.999943614 0.009654144 -0.007531048 0.015219624 -0.009585760 0.999838233 0.748791873
0.999811947 0.005153358 -0.018694155 -0.021882700 -0.004952227 0.999929547 0.010789426 -0.011585679 0.018748440 -0.010694820 0.999767005 0.799391210
0.999749303 0.005509235 -0.021702170 -0.029519290 -0.005239908 0.999908805 0.012447529 -0.007594672 0.021768767 -0.012330691 0.999687016 0.847392201
0.999682665 0.006486312 -0.024342490 -0.032823838 -0.006155997 0.999888301 0.013619942 -0.005910059 0.024428114 -0.013465768 0.999610901 0.885282516
0.999614775 0.005397242 -0.027223615 -0.035608955 -0.005028356 0.999894857 0.013600519 -0.005493783 0.027294157 -0.013458390 0.999536872 0.923847198
0.999519944 0.004227197 -0.030691860 -0.038143352 -0.003837763 0.999911547 0.012736361 -0.006203935 0.030742984 -0.012612458 0.999447763 0.963776767
0.999414444 0.003033776 -0.034081228 -0.038520470 -0.002628789 0.999925494 0.011921517 -0.007584762 0.034114856 -0.011824944 0.999347985 1.012617588
0.999283552 0.003789764 -0.037655819 -0.050926056 -0.003344765 0.999923885 0.011873505 -0.006574129 0.037697952 -0.011739049 0.999220252 1.064568281
0.999051511 0.004572647 -0.043303683 -0.057904985 -0.004021185 0.999909818 0.012813312 -0.004776850 0.043358367 -0.012627027 0.998979807 1.129534841
0.998794258 0.005392901 -0.048794638 -0.067747906 -0.004716540 0.999891341 0.013965919 -0.004110332 0.048864655 -0.013718938 0.998711169 1.198295116
0.998485446 0.006998633 -0.054569095 -0.077700682 -0.006162866 0.999861360 0.015469012 -0.002795790 0.054669794 -0.015109282 0.998390138 1.279037476
0.998117089 0.008927769 -0.060683753 -0.092659131 -0.007921483 0.999827445 0.016802853 -0.000424650 0.060823292 -0.016290510 0.998015583 1.364058256
0.997738540 0.010693788 -0.066358611 -0.107166961 -0.009538571 0.999797821 0.017701179 0.000547834 0.066534489 -0.017028183 0.997638822 1.450493455
0.997322083 0.012127212 -0.072122470 -0.122806117 -0.010901323 0.999789774 0.017366767 0.003060949 0.072317913 -0.016534030 0.997244596 1.547719955
0.996838450 0.014135697 -0.078187391 -0.143098295 -0.012829696 0.999770105 0.017180679 0.003254510 0.078412272 -0.016123241 0.996790648 1.650876403
0.996355295 0.015600598 -0.083861552 -0.159389541 -0.014249825 0.999759316 0.016681729 0.006275084 0.084101617 -0.015425916 0.996337771 1.762220144
0.995887518 0.016686626 -0.089048073 -0.177618355 -0.015293887 0.999750197 0.016299803 0.006777904 0.089297816 -0.014870880 0.995893955 1.884811282
0.995483220 0.016610116 -0.093473285 -0.196496099 -0.015167446 0.999754965 0.016123412 0.006824874 0.093718193 -0.014632836 0.995491207 2.012917995
0.995117068 0.016482363 -0.097315505 -0.214096189 -0.014988828 0.999758720 0.016058559 0.002758758 0.097556710 -0.014521501 0.995124042 2.159339428
0.994658113 0.015944416 -0.101985551 -0.233320192 -0.014314698 0.999758184 0.016691878 0.002030183 0.102227032 -0.015142820 0.994645834 2.320337534
0.994177997 0.014138435 -0.106818698 -0.253450900 -0.012287213 0.999763072 0.017968841 0.000081170 0.107047439 -0.016551722 0.994116127 2.493921041
0.993721664 0.013748521 -0.111032620 -0.287571281 -0.011778619 0.999761701 0.018378170 -0.001381285 0.111258835 -0.016954975 0.993646801 2.689359665
0.993179858 0.013093435 -0.115854613 -0.313646346 -0.011149517 0.999786258 0.017411139 -0.001071078 0.116057821 -0.016000669 0.993113577 2.891359091
0.992622256 0.012818988 -0.120568141 -0.343430072 -0.010999916 0.999815583 0.015741002 -0.000809518 0.120747693 -0.014298630 0.992580235 3.105810881
0.992041647 0.012487819 -0.125289530 -0.375392497 -0.010678783 0.999828935 0.015100114 0.000963541 0.125456661 -0.013642003 0.992005289 3.333791733
0.991303921 0.010064515 -0.131206915 -0.405143261 -0.008287767 0.999866545 0.014080632 0.005662870 0.131331116 -0.012870774 0.991254985 3.576908350
0.990447938 0.007394128 -0.137688965 -0.440862149 -0.005777099 0.999909639 0.012139998 0.007177397 0.137766287 -0.011228593 0.990401089 3.827091694
0.989510357 0.005270576 -0.144365847 -0.479567140 -0.004011571 0.999951363 0.009010634 0.009921353 0.144406304 -0.008336982 0.989483356 4.085293770
0.988653123 0.006264458 -0.150085971 -0.528447926 -0.005711582 0.999975204 0.004114501 0.016244672 0.150108024 -0.003210586 0.988664389 4.353206158
0.987606227 0.008346640 -0.156729832 -0.581369936 -0.008156634 0.999965012 0.001855456 0.016759770 0.156739831 -0.000554072 0.987639785 4.632378578
0.986479223 0.007315926 -0.163723111 -0.630435288 -0.006862915 0.999970913 0.003332400 0.016212709 0.163742721 -0.002163725 0.986500680 4.933742523
0.985381722 0.003531715 -0.170324385 -0.674865782 -0.002495974 0.999977052 0.006294735 0.014964104 0.170342714 -0.005777592 0.985367954 5.240362167
0.984361410 0.000866323 -0.176158607 -0.729817808 0.000490104 0.999970555 0.007656375 0.013742691 0.176160052 -0.007622976 0.984332025 5.562084198
0.983348668 -0.000925137 -0.181726530 -0.779563189 0.002550824 0.999958813 0.008712270 0.012176990 0.181710988 -0.009030752 0.983310521 5.880777359
0.982679605 -0.002829383 -0.185291111 -0.846067667 0.004339405 0.999960601 0.007744427 0.010729596 0.185261890 -0.008414344 0.982653141 6.213315964
0.982291639 -0.004202136 -0.187311143 -0.906292319 0.005514094 0.999963760 0.006483677 0.008930884 0.187277108 -0.007401713 0.982279241 6.540791035
0.982177794 -0.003927630 -0.187913015 -0.979851067 0.005075848 0.999971271 0.005629561 0.007921943 0.187885508 -0.006483048 0.982169569 6.880224228
0.982288539 -0.001922409 -0.187364653 -1.041705966 0.003015577 0.999980032 0.005549584 0.005348659 0.187350258 -0.006016306 0.982274771 7.216559887
0.982898057 -0.000930079 -0.184148133 -1.098691940 0.001857199 0.999986470 0.004862233 0.002594579 0.184141114 -0.005121079 0.982886493 7.559682369
0.983880460 -0.001423870 -0.178821817 -1.148909807 0.001792733 0.999996603 0.001901166 0.006981490 0.178818509 -0.002191100 0.983879626 7.900279045
0.985020161 0.002103644 -0.172426268 -1.216320157 -0.001992259 0.999997675 0.000819035 0.006853818 0.172427595 -0.000463248 0.985022068 8.257810593
0.986140609 0.002970014 -0.165885061 -1.293092370 -0.003091134 0.999995112 -0.000471975 0.008908558 0.165882841 0.000978207 0.986144960 8.629028320
0.987093568 0.002085257 -0.160131127 -1.336730361 -0.002214965 0.999997318 -0.000631524 0.003285813 0.160129398 0.000978058 0.987095535 8.985857964
0.988163114 -0.003292503 -0.153371349 -1.387098193 0.003303098 0.999994516 -0.000185726 -0.002581323 0.153371111 -0.000323073 0.988168597 9.353771210
0.989132345 -0.006759130 -0.146872327 -1.426290751 0.006855736 0.999976516 0.000151551 -0.010720166 0.146867856 -0.001156822 0.989155471 9.717841148
0.990160763 -0.007509118 -0.139732674 -1.472378731 0.007544151 0.999971509 -0.000278975 -0.009621780 0.139730781 -0.000777934 0.990189254 10.075851440
0.991110682 -0.004592256 -0.132960811 -1.516198516 0.004567742 0.999989450 -0.000489384 -0.016815033 0.132961646 -0.000122297 0.991121173 10.434996605
0.991902173 -0.000852922 -0.127001509 -1.566502571 0.000812631 0.999999583 -0.000369060 -0.029799918 0.127001777 0.000262866 0.991902471 10.792881966
0.992608547 -0.000344934 -0.121359698 -1.602856398 0.000294021 0.999999881 -0.000437433 -0.029453065 0.121359833 0.000398517 0.992608488 11.160799026
0.993223548 -0.000978214 -0.116215497 -1.638579130 0.001005539 0.999999464 0.000176496 -0.035600729 0.116215266 -0.000292160 0.993224025 11.523943901
0.993754327 -0.002814973 -0.111554556 -1.673013330 0.002901180 0.999995589 0.000610461 -0.040047672 0.111552343 -0.000930288 0.993758142 11.888250351
0.994110703 -0.005794519 -0.108214527 -1.697435856 0.005909089 0.999982297 0.000738094 -0.046182066 0.108208328 -0.001373196 0.994127274 12.245984077
0.994463861 -0.009773446 -0.104623385 -1.732357979 0.009882707 0.999951005 0.000525958 -0.047909215 0.104613118 -0.001557008 0.994511783 12.620207787
0.994778574 -0.011649447 -0.101389952 -1.765861988 0.011868225 0.999928355 0.001554828 -0.056815132 0.101364575 -0.002750028 0.994845569 12.984668732
0.994989038 -0.011945180 -0.099267706 -1.795053720 0.012103573 0.999926269 0.000993524 -0.058242194 0.099248514 -0.002190039 0.995060265 13.348903656
0.995357633 -0.010117728 -0.095712170 -1.826339602 0.010217688 0.999947667 0.000554318 -0.065322526 0.095701545 -0.001529701 0.995408893 13.698945045
0.995743752 -0.006919016 -0.091905080 -1.860541105 0.006873065 0.999976039 -0.000816484 -0.073510557 0.091908522 0.000181339 0.995767415 14.028430939
0.996092796 -0.006019774 -0.088107340 -1.886841774 0.005883720 0.999981046 -0.001803814 -0.075844385 0.088116527 0.001278367 0.996109366 14.341137886
0.996546090 -0.006740402 -0.082767427 -1.906620860 0.006551476 0.999975264 -0.002553998 -0.083361015 0.082782596 0.002002928 0.996565640 14.635119438
0.996972322 -0.009142554 -0.077218100 -1.919106245 0.008884467 0.999953747 -0.003685202 -0.088578045 0.077248223 0.002988002 0.997007430 14.914608002
0.997298539 -0.011084195 -0.072613761 -1.933063269 0.010764829 0.999930620 -0.004788039 -0.089279592 0.072661795 0.003993430 0.997348666 15.180132866
0.997502267 -0.013960118 -0.069241412 -1.930895805 0.013529936 0.999886155 -0.006677906 -0.088736400 0.069326751 0.005724395 0.997577608 15.426991463
0.997815073 -0.014031309 -0.064561889 -1.950480938 0.013549261 0.999877036 -0.007898275 -0.093961298 0.064664766 0.007006252 0.997882426 15.658149719
0.998092651 -0.012070445 -0.060542263 -1.963253140 0.011556319 0.999894202 -0.008834998 -0.097665399 0.060642499 0.008118501 0.998126507 15.865180969
0.998269916 -0.010641781 -0.057826698 -1.973178983 0.010123294 0.999905944 -0.009251789 -0.103426062 0.057919715 0.008650386 0.998283744 16.049127579
0.998442769 -0.011532346 -0.054580402 -1.978293896 0.011018591 0.999892175 -0.009704394 -0.106953092 0.054686431 0.009087884 0.998462200 16.213003159
0.998577118 -0.011762263 -0.052013204 -1.977715015 0.011266404 0.999888361 -0.009816288 -0.111970320 0.052122861 0.009216319 0.998598158 16.354511261
0.998702049 -0.010668447 -0.049803946 -1.984114408 0.010216398 0.999904335 -0.009322344 -0.116239071 0.049898639 0.008801428 0.998715520 16.473108292
0.998801768 -0.008278224 -0.048233502 -1.991437197 0.007824190 0.999923348 -0.009594460 -0.120911613 0.048309229 0.009205575 0.998790026 16.574853897
0.998864591 -0.007679810 -0.047016475 -1.994579673 0.007138730 0.999906480 -0.011665436 -0.125743091 0.047101665 0.011316553 0.998825967 16.659662247
0.998915195 -0.008873854 -0.045712702 -1.995032668 0.008220959 0.999861777 -0.014450836 -0.126529828 0.045834620 0.014059358 0.998850107 16.743001938
0.998944700 -0.010017369 -0.044823345 -1.999743462 0.009273638 0.999816358 -0.016769789 -0.131088004 0.044983100 0.016336417 0.998854160 16.823198318
0.998946071 -0.010701708 -0.044634037 -2.001283407 0.009926313 0.999796569 -0.017557885 -0.134782746 0.044812854 0.017096329 0.998849094 16.909517288
0.998929441 -0.010796041 -0.044982057 -2.003026485 0.010015942 0.999796152 -0.017531881 -0.135898992 0.045162160 0.017062575 0.998833954 17.001007080
0.998863637 -0.010476554 -0.046494022 -2.007752895 0.009657430 0.999794781 -0.017807629 -0.136954069 0.046671044 0.017338380 0.998759806 17.091716766
0.998773813 -0.009785900 -0.048529539 -2.020088434 0.008916007 0.999796271 -0.018109202 -0.138606608 0.048696868 0.017654307 0.998657584 17.189184189
0.998589277 -0.009521335 -0.052237794 -2.028546572 0.008598567 0.999803483 -0.017861150 -0.142849594 0.052397594 0.017386783 0.998474956 17.279150009
0.998330057 -0.009718018 -0.056943845 -2.035770416 0.008690835 0.999795556 -0.018258490 -0.143125206 0.057109635 0.017733110 0.998210430 17.383081436
0.998034000 -0.010336852 -0.061816502 -2.050441504 0.009202011 0.999784410 -0.018614821 -0.142583951 0.061995592 0.018009389 0.997913957 17.476877213
0.997694135 -0.011188587 -0.066941939 -2.063142776 0.009981454 0.999781966 -0.018339915 -0.151349485 0.067132540 0.017629446 0.997588277 17.573699951
0.997321308 -0.010757350 -0.072349392 -2.076162815 0.009438467 0.999783456 -0.018546619 -0.150957808 0.072533242 0.017814072 0.997206867 17.681818008
0.996897459 -0.009924605 -0.078083232 -2.093209982 0.008482328 0.999787629 -0.018781075 -0.156278670 0.078253046 0.018060477 0.996769905 17.790195465
0.996376574 -0.010234676 -0.084432952 -2.107325554 0.008586848 0.999765992 -0.019856548 -0.157727346 0.084616423 0.019059585 0.996231318 17.910097122
0.995801508 -0.010149585 -0.090974666 -2.129866600 0.008289278 0.999749243 -0.020803204 -0.159806013 0.091163002 0.019961746 0.995635867 18.033933640
0.995105684 -0.010711085 -0.098234214 -2.144140005 0.008662187 0.999736428 -0.021260113 -0.161288992 0.098436043 0.020305136 0.994936228 18.169824600
0.994343400 -0.010619869 -0.105680808 -2.167759657 0.008420739 0.999739051 -0.021233674 -0.167570218 0.105878733 0.020223653 0.994173348 18.314023972
0.993463814 -0.009562614 -0.113746390 -2.198545933 0.007160790 0.999743104 -0.021505494 -0.173151270 0.113922812 0.020550415 0.993277013 18.468971252
0.992479920 -0.009279319 -0.122055538 -2.229740381 0.006661857 0.999739408 -0.021835485 -0.178074896 0.122226343 0.020858165 0.992283046 18.636230469
0.991397738 -0.009579223 -0.130532607 -2.257330894 0.006811350 0.999742746 -0.021634450 -0.185484886 0.130706266 0.020559242 0.991207957 18.807714462
0.990283608 -0.009285299 -0.138751999 -2.292577028 0.006368645 0.999749660 -0.021449847 -0.184023112 0.138916433 0.020357771 0.990094841 18.997587204
0.989085853 -0.008979697 -0.147066504 -2.325725555 0.006061439 0.999776006 -0.020279270 -0.190699652 0.147215664 0.019166503 0.988918722 19.198326111
0.987953484 -0.008334454 -0.154526412 -2.368645430 0.005442682 0.999802232 -0.019127412 -0.195708856 0.154655263 0.018055955 0.987803459 19.414461136
0.986866891 -0.009151869 -0.161276147 -2.411046743 0.006243673 0.999808788 -0.018529985 -0.200812683 0.161414906 0.017279673 0.986735344 19.632024765
0.985788763 -0.009189685 -0.167738110 -2.456218719 0.006266317 0.999819279 -0.017949166 -0.211797848 0.167872742 0.016642986 0.985668182 19.872079849
0.984770536 -0.008476888 -0.173652425 -2.507551908 0.005482326 0.999828041 -0.017716980 -0.218651280 0.173772737 0.016495140 0.984647632 20.111501694
0.983936131 -0.006973259 -0.178384483 -2.560201168 0.003871740 0.999835312 -0.017728928 -0.224298596 0.178478733 0.016753476 0.983801126 20.364713669
0.983374238 -0.007518328 -0.181434736 -2.608338356 0.004264544 0.999823153 -0.018317081 -0.229705140 0.181540355 0.017238811 0.983232379 20.646574020
0.983235061 -0.006290572 -0.182234004 -2.667288542 0.003014819 0.999828994 -0.018246980 -0.235818043 0.182317615 0.017391667 0.983085871 20.929533005
0.983356833 -0.005574843 -0.181599036 -2.719646931 0.002343499 0.999835193 -0.018003557 -0.246839389 0.181669474 0.017278343 0.983207822 21.227788925
0.983702362 -0.005442967 -0.179721966 -2.778680086 0.002044073 0.999815643 -0.019091733 -0.255481124 0.179792747 0.018413218 0.983532190 21.541261673
0.983913600 -0.007314145 -0.178495303 -2.829308748 0.003731705 0.999785006 -0.020397721 -0.264194697 0.178606108 0.019403502 0.983729303 21.866216660
0.984077811 -0.008596980 -0.177530244 -2.883835316 0.004962056 0.999769092 -0.020908806 -0.271471262 0.177669004 0.019694977 0.983893216 22.212858200
0.984281123 -0.008166848 -0.176419795 -2.948746204 0.004734668 0.999791443 -0.019866819 -0.278880447 0.176545247 0.018719247 0.984114528 22.560709000
0.984525621 -0.006576874 -0.175117299 -3.016075373 0.003679482 0.999850988 -0.016864983 -0.288009375 0.175202131 0.015959667 0.984403133 22.941425323
0.984683573 -0.005737362 -0.174256474 -3.084370136 0.003514970 0.999908566 -0.013059508 -0.299983621 0.174315467 0.012246977 0.984613717 23.319477081
0.984878719 -0.005663328 -0.173152536 -3.155082703 0.004052743 0.999945164 -0.009653668 -0.304619551 0.173197716 0.008805949 0.984847724 23.734085083
0.985087335 -0.004927519 -0.171984538 -3.219819546 0.004011533 0.999975860 -0.005673124 -0.311988980 0.172008336 0.004898601 0.985083342 24.128913879
0.985325456 -0.005201344 -0.170606688 -3.288865089 0.004861217 0.999985278 -0.002411315 -0.325944096 0.170616716 0.001546574 0.985336244 24.524856567
0.985486090 -0.005357630 -0.169671580 -3.353028536 0.005247215 0.999985635 -0.001099152 -0.335215837 0.169675037 0.000192896 0.985500038 24.921089172
0.985670865 -0.005844739 -0.168578580 -3.419448614 0.005624384 0.999982595 -0.001784601 -0.338094443 0.168586075 0.000810879 0.985686600 25.318069458
0.985847950 -0.004136568 -0.167590767 -3.486897707 0.003763227 0.999989688 -0.002545219 -0.346449971 0.167599574 0.001878517 0.985853374 25.718574524
0.985963702 -0.005559155 -0.166867122 -3.547835588 0.004985951 0.999980152 -0.003853830 -0.350117803 0.166885227 0.002967745 0.985971868 26.128570557
0.986157000 -0.006231184 -0.165697023 -3.610176325 0.005477992 0.999972463 -0.005002211 -0.354453087 0.165723637 0.004025278 0.986164033 26.533164978
0.986439705 -0.006325836 -0.164002135 -3.678406715 0.005493822 0.999969661 -0.005526270 -0.360469788 0.164032102 0.004550334 0.986444533 26.941015244
0.986682475 -0.006448491 -0.162530258 -3.740238190 0.005578167 0.999967575 -0.005810626 -0.368778735 0.162562445 0.004826622 0.986686468 27.356107712
0.987165093 -0.006478546 -0.159571812 -3.805041790 0.005698148 0.999969482 -0.005347657 -0.378691465 0.159601584 0.004369756 0.987171829 27.766525269
0.987661123 -0.006969396 -0.156451076 -3.865687370 0.006441348 0.999971747 -0.003881915 -0.385706902 0.156473711 0.002826261 0.987678111 28.180692673
0.988139391 -0.007273985 -0.153387070 -3.924524069 0.006820277 0.999970675 -0.003483908 -0.391929984 0.153407916 0.002396444 0.988160014 28.591962814
0.988597274 -0.007489539 -0.150397167 -3.982108116 0.007041809 0.999969065 -0.003509333 -0.397235453 0.150418803 0.002410249 0.988619447 29.019481659
0.989156485 -0.007028353 -0.146697134 -4.043625355 0.006438375 0.999969184 -0.004496179 -0.403070092 0.146724209 0.003502934 0.989171207 29.424211502
0.989605486 -0.005647636 -0.143698066 -4.096574783 0.004921652 0.999973297 -0.005407108 -0.409659088 0.143724769 0.004643672 0.989606798 29.832424164
0.990087926 -0.005919210 -0.140324116 -4.150665283 0.005141031 0.999969363 -0.005907432 -0.418763280 0.140354782 0.005127467 0.990087986 30.236555099
0.990534842 -0.005727694 -0.137141928 -4.200286865 0.004952599 0.999969780 -0.005992329 -0.425869584 0.137172103 0.005256401 0.990533292 30.646606445
0.991028309 -0.005506705 -0.133538455 -4.250197411 0.004723341 0.999969721 -0.006182288 -0.436224461 0.133568466 0.005496074 0.991024375 31.051803589
0.991554260 -0.006123568 -0.129547983 -4.296778679 0.005143251 0.999955535 -0.007900425 -0.445951194 0.129590616 0.007167403 0.991541684 31.451572418
0.992117822 -0.006054683 -0.125162154 -4.344328403 0.004887258 0.999941647 -0.009632252 -0.454074860 0.125213176 0.008944630 0.992089570 31.840528488
0.992636025 -0.006340667 -0.120969042 -4.390515804 0.005162606 0.999936163 -0.010049461 -0.463662833 0.121025041 0.009350942 0.992605388 32.247467041
0.993119717 -0.006627056 -0.116915844 -4.439050674 0.005387207 0.999925911 -0.010917448 -0.467005908 0.116979532 0.010212483 0.993081808 32.661731720
0.993603885 -0.006594765 -0.112728752 -4.476804256 0.005292584 0.999915838 -0.011846828 -0.476836771 0.112797387 0.011174429 0.993555188 33.046993256
0.994030535 -0.004446293 -0.109011725 -4.514091015 0.003083422 0.999915004 -0.012667445 -0.485518277 0.109058782 0.012255698 0.993959725 33.431610107
0.994335234 -0.003755189 -0.106223069 -4.550852776 0.002408351 0.999915123 -0.012804775 -0.493484527 0.106262140 0.012476415 0.994259894 33.817722321
0.994600534 -0.005427727 -0.103635505 -4.584564209 0.004258363 0.999924779 -0.011501350 -0.504033267 0.103690140 0.010997931 0.994548857 34.197456360
0.994886577 -0.005698493 -0.100837342 -4.622645855 0.004624259 0.999930084 -0.010883682 -0.514136374 0.100892313 0.010361732 0.994843364 34.592597961
0.995054901 -0.006923554 -0.099084608 -4.656324387 0.005815862 0.999917388 -0.011463738 -0.517898798 0.099155791 0.010830786 0.995012999 34.992637634
0.995216429 -0.007123761 -0.097434625 -4.690891266 0.006014398 0.999913752 -0.011674684 -0.527627110 0.097509392 0.011032827 0.995173454 35.383308411
0.995407283 -0.004025114 -0.095646031 -4.725272179 0.002909802 0.999926150 -0.011797445 -0.539751887 0.095686451 0.011464952 0.995345473 35.776782990
0.995651960 -0.000476245 -0.093150206 -4.775221825 -0.000698841 0.999920607 -0.012581938 -0.548774004 0.093148805 0.012592328 0.995572567 36.182796478
0.995806634 0.002372881 -0.091452353 -4.811274052 -0.003722138 0.999886692 -0.014585923 -0.558386505 0.091407381 0.014865158 0.995702624 36.575679779
0.995977044 0.002386498 -0.089577094 -4.844151497 -0.003854891 0.999860942 -0.016223082 -0.570708275 0.089525923 0.016503127 0.995847762 36.962703705
0.996031702 0.002931816 -0.088950999 -4.873909950 -0.004622416 0.999812484 -0.018805936 -0.580439448 0.088879183 0.019142477 0.995858431 37.368289948
0.996121287 -0.000686060 -0.087988384 -4.916712761 -0.000982367 0.999820590 -0.018917199 -0.591825962 0.087985575 0.018930262 0.995941877 37.773914337
0.996113181 -0.001954618 -0.088060774 -4.944471836 0.000596689 0.999880552 -0.015444050 -0.599854827 0.088080436 0.015331476 0.995995402 38.178882599
0.996217847 -0.002851213 -0.086843923 -4.980591297 0.002029205 0.999952316 -0.009552161 -0.606001854 0.086867020 0.009339809 0.996176124 38.587123871
0.996287644 -0.002080645 -0.086061642 -5.014471531 0.001830011 0.999993861 -0.002991056 -0.615106583 0.086067334 0.002822458 0.996285319 38.998474121
0.996317923 -0.000675422 -0.085733213 -5.047207355 0.000790449 0.999998808 0.001307744 -0.626852632 0.085732229 -0.001370697 0.996317267 39.409183502
0.996341467 0.001471098 -0.085449003 -5.080038548 -0.001185467 0.999993563 0.003393353 -0.634918332 0.085453443 -0.003279641 0.996336758 39.810852051
0.996449828 0.003184448 -0.084128633 -5.124098301 -0.002636314 0.999974549 0.006625709 -0.650723457 0.084147595 -0.006380397 0.996432900 40.218673706
0.996514618 0.000258047 -0.083417661 -5.152070045 0.000350874 0.999973416 0.007284930 -0.651277065 0.083417326 -0.007288809 0.996488035 40.597232819
0.996592045 -0.002915625 -0.082436271 -5.176406860 0.003517477 0.999968231 0.007156530 -0.655029833 0.082412787 -0.007422109 0.996570647 40.991500854
0.996671617 -0.006357287 -0.081272505 -5.200560093 0.006791405 0.999964118 0.005066195 -0.654705465 0.081237376 -0.005601287 0.996679068 41.383384705
0.996759176 -0.008776067 -0.079963550 -5.224583626 0.009007649 0.999956191 0.002535819 -0.655231237 0.079937793 -0.003247885 0.996794581 41.769309998
0.996973515 -0.010110032 -0.077081755 -5.247515678 0.010306326 0.999944568 0.002149179 -0.658635914 0.077055760 -0.002937104 0.997022450 42.160999298
0.997199297 -0.007767995 -0.074385472 -5.275082588 0.008055812 0.999961197 0.003570008 -0.664970696 0.074354850 -0.004159244 0.997223198 42.548526764
0.997412443 -0.006713833 -0.071577720 -5.300379753 0.006994803 0.999968767 0.003675451 -0.671955824 0.071550809 -0.004166613 0.997428238 42.933952332
0.997600555 -0.007212596 -0.068856068 -5.321038723 0.007386518 0.999970138 0.002271605 -0.676553369 0.068837628 -0.002774761 0.997624040 43.316829681
0.997752488 -0.009887933 -0.066273972 -5.332237720 0.009964069 0.999950051 0.000818360 -0.676946104 0.066262566 -0.001476879 0.997801125 43.703651428
0.998013973 -0.010488251 -0.062113263 -5.364591122 0.010552642 0.999944091 0.000708703 -0.685144603 0.062102355 -0.001362754 0.998068869 44.086555481
0.998184144 -0.009906344 -0.059416275 -5.379529476 0.009976488 0.999949872 0.000884009 -0.693400085 0.059404537 -0.001475169 0.998232901 44.462825775
0.998357296 -0.009737973 -0.056461599 -5.400942326 0.009735306 0.999952555 -0.000322294 -0.689935148 0.056462061 -0.000227907 0.998404741 44.835796356
0.998534143 -0.011038544 -0.052988280 -5.417179585 0.011002681 0.999939024 -0.000968467 -0.698704123 0.052995738 0.000384034 0.998594642 45.212364197
0.998692632 -0.011055679 -0.049907342 -5.432207584 0.010975039 0.999938011 -0.001889563 -0.705099702 0.049925137 0.001339358 0.998752058 45.581665039
0.998815238 -0.011077786 -0.047385909 -5.440796852 0.010945026 0.999935448 -0.003060240 -0.712312281 0.047416747 0.002537975 0.998871982 45.951896667
0.998928845 -0.010418798 -0.045084544 -5.458270550 0.010254211 0.999939919 -0.003880363 -0.724336743 0.045122262 0.003413900 0.998975635 46.318084717
0.999004066 -0.009961849 -0.043493152 -5.477486610 0.009712240 0.999935150 -0.005946596 -0.723082244 0.043549571 0.005518258 0.999036014 46.684738159
0.999007106 -0.009667213 -0.043488991 -5.494456291 0.009355701 0.999929130 -0.007360864 -0.733125687 0.043557070 0.006946686 0.999026775 47.051155090
0.999029279 -0.010208036 -0.042852521 -5.508513927 0.009817489 0.999908447 -0.009314334 -0.735725641 0.042943675 0.008884588 0.999037981 47.408027649
0.999036312 -0.011271045 -0.042420074 -5.518384933 0.010856152 0.999891102 -0.009998280 -0.745341182 0.042528145 0.009528126 0.999049842 47.765419006
0.999042988 -0.013238931 -0.041687787 -5.531830788 0.012854473 0.999872446 -0.009476935 -0.752641857 0.041807935 0.008931991 0.999085724 48.118350983
0.999052048 -0.013558450 -0.041366212 -5.542723179 0.013212276 0.999875486 -0.008630502 -0.759925425 0.041478079 0.008075779 0.999106765 48.466030121
0.999059260 -0.013247818 -0.041293073 -5.556909084 0.012905418 0.999880195 -0.008547525 -0.767743289 0.041401364 0.008006579 0.999110520 48.813121796
0.999063909 -0.011744474 -0.041634500 -5.571209431 0.011411333 0.999900997 -0.008230216 -0.775674522 0.041727040 0.007747407 0.999099016 49.152938843
0.999040246 -0.010934909 -0.042414807 -5.587371349 0.010603191 0.999911487 -0.008037901 -0.784761488 0.042498946 0.007580454 0.999067783 49.479244232
0.999027491 -0.010053795 -0.042930204 -5.604401588 0.009704086 0.999918103 -0.008346629 -0.793440104 0.043010604 0.007921914 0.999043226 49.806606293
0.998972893 -0.010866917 -0.043989222 -5.613686085 0.010505868 0.999909282 -0.008430548 -0.806440532 0.044076845 0.007959744 0.998996437 50.120494843
0.998933792 -0.011111809 -0.044808939 -5.629011631 0.010693029 0.999897003 -0.009574822 -0.811951220 0.044910714 0.009085470 0.998949707 50.435317993
0.998864830 -0.012160673 -0.046055675 -5.642990112 0.011657413 0.999869525 -0.011180074 -0.819084525 0.046185624 0.010630493 0.998876333 50.744850159
0.998772025 -0.012286603 -0.047993977 -5.656111717 0.011649996 0.999840736 -0.013521588 -0.824200213 0.048152469 0.012945855 0.998756111 51.053401947
0.998635054 -0.013535600 -0.050446704 -5.669281006 0.012824345 0.999814153 -0.014396262 -0.831240475 0.050632190 0.013729666 0.998623013 51.360706329
0.998539329 -0.013315977 -0.052363273 -5.686169624 0.012567789 0.999814570 -0.014591814 -0.840297341 0.052547868 0.013912410 0.998521507 51.658416748
0.998451889 -0.012346530 -0.054234847 -5.705432892 0.011561904 0.999824286 -0.014757218 -0.846279502 0.054407518 0.014107314 0.998419166 51.954639435
0.998365760 -0.011620792 -0.055953447 -5.723305225 0.010816678 0.999834120 -0.014652595 -0.858255029 0.056114439 0.014023419 0.998325884 52.251560211
0.998278320 -0.011586234 -0.057499666 -5.741172314 0.010749627 0.999832153 -0.014837830 -0.865202367 0.057661925 0.014194184 0.998235285 52.537139893
0.998236597 -0.010833193 -0.058363792 -5.767473221 0.009992469 0.999842346 -0.014677534 -0.873160660 0.058513597 0.014068453 0.998187482 52.821243286
0.998155177 -0.009952642 -0.059893344 -5.779519081 0.009157090 0.999866366 -0.013542669 -0.882493675 0.060020123 0.012969237 0.998112917 53.097549438
0.998064220 -0.010135482 -0.061360624 -5.794617653 0.009439910 0.999888003 -0.011615119 -0.892881870 0.061471477 0.011013396 0.998048067 53.375576019
0.997969329 -0.010876335 -0.062760457 -5.813939095 0.010276781 0.999898493 -0.009867965 -0.897294164 0.062861413 0.009202952 0.997979820 53.648674011
0.997807682 -0.011994125 -0.065084636 -5.831558704 0.011494954 0.999901593 -0.008038638 -0.906108499 0.065174647 0.007272870 0.997847378 53.915927887
0.997546434 -0.013388244 -0.068715900 -5.847352505 0.012949772 0.999892890 -0.006822463 -0.914729476 0.068799883 0.005915869 0.997612953 54.188159943
0.997286201 -0.013550550 -0.072364159 -5.868938446 0.013142570 0.999894977 -0.006111071 -0.920960307 0.072439365 0.005143436 0.997359574 54.453781128
0.997003973 -0.012404623 -0.076348893 -5.895792007 0.012046454 0.999914169 -0.005149981 -0.926264167 0.076406226 0.004214818 0.997067869 54.719615936
0.996669769 -0.010851620 -0.080818482 -5.922862053 0.010566033 0.999936342 -0.003960516 -0.933253706 0.080856316 0.003093396 0.996720970 54.984886169
0.996326685 -0.010175983 -0.085026927 -5.952566147 0.009998805 0.999946833 -0.002509402 -0.938844800 0.085047945 0.001650017 0.996375501 55.248157501
0.995968163 -0.010009389 -0.089147344 -5.977795601 0.009945503 0.999949872 -0.001160803 -0.943197906 0.089154497 0.000269508 0.996017754 55.509738922
0.995585322 -0.010415204 -0.093280964 -6.003785133 0.010400602 0.999945700 -0.000642700 -0.949405253 0.093282595 -0.000330315 0.995639622 55.768955231
0.995203495 -0.010459838 -0.097265683 -6.034436703 0.010411548 0.999945283 -0.001004017 -0.952088773 0.097270869 -0.000013485 0.995257974 56.028514862
0.994812787 -0.010377093 -0.101191953 -6.064056396 0.010244930 0.999945879 -0.001825680 -0.954181910 0.101205423 0.000779505 0.994865239 56.284320831
0.994445622 -0.010121606 -0.104763813 -6.091411591 0.009948374 0.999948144 -0.002175987 -0.961093962 0.104780406 0.001121671 0.994494736 56.533313751
0.994102538 -0.009542810 -0.108023718 -6.121839046 0.009363887 0.999953806 -0.002163461 -0.965059638 0.108039372 0.001139181 0.994145989 56.791721344
0.993795812 -0.009804783 -0.110786758 -6.152739048 0.009649632 0.999951541 -0.001936547 -0.969622076 0.110800378 0.000855481 0.993842304 57.051387787
0.993571997 -0.010338357 -0.112728789 -6.180818558 0.010238836 0.999946535 -0.001461768 -0.972542405 0.112737872 0.000298160 0.993624747 57.306541443
0.993463516 -0.009990383 -0.113712095 -6.208187103 0.009901161 0.999950051 -0.001349384 -0.975097954 0.113719903 0.000214682 0.993512809 57.557590485
0.993451953 -0.010070877 -0.113806114 -6.238821507 0.010014345 0.999949276 -0.001068449 -0.977407396 0.113811105 -0.000078241 0.993502378 57.811634064
0.993412137 -0.011367612 -0.114031181 -6.266001225 0.011290808 0.999935389 -0.001319387 -0.976351798 0.114038810 0.000023191 0.993476272 58.073539734
0.993372202 -0.012294424 -0.114282459 -6.294121265 0.012263734 0.999924302 -0.000971635 -0.979718268 0.114285760 -0.000436335 0.993447840 58.318740845
0.993192971 -0.013706858 -0.115671486 -6.322058678 0.013778387 0.999905050 -0.000181206 -0.985124707 0.115662985 -0.001413794 0.993287504 58.575481415
0.992979109 -0.013608553 -0.117504433 -6.353343010 0.013742756 0.999905527 0.000331924 -0.988877118 0.117488809 -0.001944429 0.993072331 58.830039978
0.992691755 -0.013438308 -0.119927138 -6.383244991 0.013615252 0.999907076 0.000656138 -0.995257795 0.119907178 -0.002284181 0.992782474 59.080142975
0.992363930 -0.012716163 -0.122687124 -6.416325092 0.012824354 0.999917746 0.000092181 -0.997679830 0.122675866 -0.001664860 0.992445409 59.331287384
0.992072880 -0.011950242 -0.125094503 -6.450765610 0.012071108 0.999927104 0.000208215 -1.003582597 0.125082895 -0.001716594 0.992144823 59.578598022
0.991809666 -0.011456841 -0.127209827 -6.488742352 0.011557657 0.999933183 0.000054407 -1.008157372 0.127200708 -0.001524209 0.991875827 59.824184418
0.991469920 -0.011022870 -0.129868805 -6.519254208 0.011103629 0.999938369 -0.000102231 -1.011786222 0.129861921 -0.001340656 0.991531193 60.066864014
0.991163611 -0.011012086 -0.132186994 -6.552601814 0.011114956 0.999938250 0.000040358 -1.012673616 0.132178396 -0.001509254 0.991224825 60.316226959
0.990886629 -0.011414067 -0.134214148 -6.585696697 0.011541915 0.999933362 0.000174513 -1.016878963 0.134203210 -0.001722011 0.990952313 60.562541962
0.990678012 -0.012464928 -0.135652825 -6.621315002 0.012462988 0.999921978 -0.000863577 -1.017717123 0.135653004 -0.000835113 0.990756035 60.810661316
0.990535617 -0.012712615 -0.136666000 -6.654626846 0.012602188 0.999919176 -0.001673216 -1.023687124 0.136676237 -0.000064911 0.990615785 61.052658081
0.990409017 -0.013486058 -0.137506753 -6.685841560 0.013296020 0.999908984 -0.002300482 -1.022867680 0.137525260 0.000450125 0.990498185 61.299835205
0.990258276 -0.013303456 -0.138605669 -6.717436790 0.013048861 0.999911070 -0.002745412 -1.025460124 0.138629869 0.000910021 0.990343869 61.546916962
0.990290523 -0.012744843 -0.138427824 -6.750304699 0.012521665 0.999918520 -0.002483017 -1.028814793 0.138448194 0.000725561 0.990369439 61.793666840
0.990433455 -0.012695349 -0.137405962 -6.783475399 0.012549391 0.999919415 -0.001928514 -1.031738997 0.137419373 0.000185703 0.990512967 62.040298462
0.990633011 -0.013036992 -0.135927528 -6.815185547 0.013003625 0.999914825 -0.001133414 -1.040096521 0.135930717 -0.000644754 0.990718126 62.288757324
0.990832388 -0.012859352 -0.134483650 -6.843143463 0.012909018 0.999916553 -0.000502703 -1.044276476 0.134478897 -0.001237958 0.990915656 62.535060883
0.991132736 -0.011910573 -0.132340491 -6.874467373 0.011889876 0.999928892 -0.000946649 -1.045431256 0.132342353 -0.000635257 0.991203845 62.783519745
0.991496205 -0.011387598 -0.129636630 -6.903564930 0.011197329 0.999934912 -0.002196506 -1.049762607 0.129653201 0.000726244 0.991559148 63.029232025
0.991953254 -0.011879095 -0.126046300 -6.935957909 0.011510667 0.999927104 -0.003650916 -1.053303003 0.126080483 0.002170661 0.992017627 63.281929016
0.992456794 -0.011865253 -0.122019164 -6.957853317 0.011389550 0.999924600 -0.004595355 -1.057328820 0.122064486 0.003170948 0.992517114 63.534191132
0.992952585 -0.011900596 -0.117913425 -6.981868267 0.011337950 0.999920905 -0.005441360 -1.064340949 0.117968857 0.004066116 0.993008971 63.776950836
0.993452728 -0.011949985 -0.113617130 -7.010843277 0.011247873 0.999913514 -0.006818703 -1.070983171 0.113688782 0.005496108 0.993501186 64.020729065
0.993870258 -0.011170065 -0.109986961 -7.032574177 0.010333008 0.999913156 -0.008177565 -1.074579597 0.110068753 0.006990943 0.993899405 64.271667480
0.994218588 -0.011697177 -0.106735930 -7.053699493 0.010730210 0.999896049 -0.009629246 -1.077898264 0.106837474 0.008428277 0.994240761 64.519004822
0.994471192 -0.012668232 -0.104242645 -7.074537277 0.011595868 0.999873519 -0.010886841 -1.086616278 0.104367375 0.009617865 0.994492292 64.762229919
0.994639218 -0.013943849 -0.102461673 -7.096053123 0.012696965 0.999837339 -0.012811442 -1.088670850 0.102623649 0.011441810 0.994654477 65.013023376
0.994704545 -0.014069693 -0.101808123 -7.121907234 0.012691520 0.999819040 -0.014172094 -1.094450474 0.101989090 0.012804946 0.994703114 65.269218445
0.994672239 -0.013407713 -0.102212213 -7.149074554 0.011937927 0.999816537 -0.014977937 -1.100899577 0.102394283 0.013677936 0.994649827 65.520469666
0.994552016 -0.012899387 -0.103440396 -7.174306870 0.011297803 0.999807298 -0.016054159 -1.105464816 0.103627555 0.014798047 0.994506061 65.766868591
0.994420886 -0.012217584 -0.104775339 -7.209223270 0.010553295 0.999809444 -0.016424095 -1.113068700 0.104956031 0.015226738 0.994360268 66.013931274
0.994156182 -0.011868781 -0.107296713 -7.235606670 0.010277705 0.999829054 -0.015369607 -1.121245623 0.107460789 0.014177026 0.994108260 66.268707275
0.993773460 -0.014479208 -0.110474877 -7.261425495 0.013050212 0.999821723 -0.013647201 -1.127625346 0.110652782 0.012120507 0.993785203 66.522636414
0.993193150 -0.016058791 -0.115366526 -7.287231445 0.014529335 0.999795198 -0.014086112 -1.134829879 0.115569107 0.012314033 0.993223131 66.778091431
0.992537618 -0.016249817 -0.120851129 -7.323065758 0.014561230 0.999783814 -0.014842516 -1.145728707 0.121066190 0.012972015 0.992559671 67.030548096
0.991923630 -0.013320341 -0.126134947 -7.363351345 0.011512435 0.999820471 -0.015051280 -1.152826428 0.126312792 0.013477600 0.991898894 67.275070190
0.991306841 -0.011323635 -0.131082147 -7.402341843 0.009305829 0.999828756 -0.015995802 -1.157222986 0.131240830 0.014636919 0.991242468 67.522254944
0.990722179 -0.008713192 -0.135622978 -7.443074226 0.006507396 0.999839365 -0.016699024 -1.160358310 0.135746703 0.015661541 0.990619779 67.766357422
0.990244925 -0.004893621 -0.139251649 -7.488864899 0.002552245 0.999852419 -0.016987601 -1.172123313 0.139314234 0.016466482 0.990111291 68.009689331
0.989872217 -0.001425562 -0.141954169 -7.531620026 -0.001001031 0.999854624 -0.017021321 -1.177396774 0.141957790 0.016991032 0.989726901 68.260070801
0.989571810 -0.000158974 -0.144040167 -7.567088127 -0.002120700 0.999874949 -0.015672984 -1.186761856 0.144024640 0.015815010 0.989447713 68.507606506
0.989466369 -0.002971416 -0.144732401 -7.600063801 0.000686080 0.999874353 -0.015837431 -1.192436934 0.144761279 0.015571307 0.989344060 68.764900208
0.989381373 -0.006320742 -0.145205081 -7.622229576 0.003962323 0.999855578 -0.016525464 -1.199797153 0.145288557 0.015774637 0.989263535 69.013984680
0.989392102 -0.009494398 -0.144958898 -7.652658939 0.007169126 0.999837279 -0.016554873 -1.205169916 0.145092487 0.015340032 0.989299178 69.267089844
0.989544153 -0.008098136 -0.144002661 -7.692748070 0.005947466 0.999864340 -0.015359140 -1.207012653 0.144107506 0.014342096 0.989458084 69.519134521
0.989699543 -0.005641232 -0.143048823 -7.741646290 0.003785895 0.999905169 -0.013238827 -1.216567278 0.143109947 0.012560893 0.989627063 69.772018433
0.989767373 -0.005208198 -0.142595455 -7.776211739 0.003312296 0.999902964 -0.013529812 -1.226218939 0.142652094 0.012919048 0.989688575 70.024597168
0.989778757 -0.006797162 -0.142449394 -7.799376488 0.004817198 0.999886990 -0.014239679 -1.234256744 0.142530084 0.013407925 0.989699662 70.280548096
0.990001440 -0.007780224 -0.140842527 -7.838455200 0.005863259 0.999884546 -0.014020554 -1.239941835 0.140935346 0.013054572 0.989932716 70.536674500
0.990220547 -0.004876213 -0.139425740 -7.881946564 0.003222819 0.999921799 -0.012081914 -1.248278260 0.139473751 0.011514415 0.990158796 70.789649963
0.990228057 -0.001225046 -0.139452040 -7.921111584 -0.000295777 0.999940693 -0.010884465 -1.255455256 0.139457107 0.010819349 0.990168989 71.057319641
0.990257859 -0.000416621 -0.139245227 -7.958749294 -0.000948316 0.999952137 -0.009735908 -1.255861163 0.139242619 0.009773108 0.990210056 71.315139771
0.990338385 0.000869821 -0.138669163 -7.999198914 -0.002171828 0.999954939 -0.009238269 -1.268889308 0.138654888 0.009450178 0.990295649 71.581153870
