1.000000000 0.000000000 0.000000000 0.000000000 0.000000000 1.000000000 0.000000000 0.000000000 0.000000000 0.000000000 1.000000000 0.000000000
0.999998927 0.000459177 0.001392669 0.001914199 -0.000458471 0.999999762 -0.000506734 -0.019142983 -0.001392901 0.000506095 0.999998927 1.624606371
0.999995112 0.000646367 0.003061938 0.003617143 -0.000645463 0.999999762 -0.000296198 -0.038409412 -0.003062129 0.000294220 0.999995291 3.240778208
0.999988437 0.001273494 0.004641631 0.014749145 -0.001275757 0.999999046 0.000484714 -0.056857839 -0.004641009 -0.000490630 0.999989092 4.868747711
0.999977529 0.001709417 0.006478040 0.035363331 -0.001714610 0.999998212 0.000796195 -0.071974501 -0.006476668 -0.000807285 0.999978721 6.492489815
0.999954939 0.002130149 0.009251753 0.050611109 -0.002137783 0.999997377 0.000815283 -0.092864268 -0.009249992 -0.000835024 0.999956846 8.102377892
0.999919057 0.002933443 0.012380050 0.066498086 -0.002953393 0.999994397 0.001593489 -0.109195635 -0.012375306 -0.001629923 0.999922097 9.714945793
0.999888420 0.001822223 0.014825257 0.092203729 -0.001861758 0.999994755 0.002653406 -0.121807992 -0.014820344 -0.002680711 0.999886572 11.322687149
0.999863863 0.000768239 0.016483095 0.112734661 -0.000822724 0.999994218 0.003298947 -0.139856756 -0.016480464 -0.003312059 0.999858677 12.964330673
0.999830961 -0.000827532 0.018369079 0.147290602 0.000759568 0.999992847 0.003706577 -0.156157166 -0.018372014 -0.003691997 0.999824405 14.570745468
0.999802947 -0.000450750 0.019845325 0.184717089 0.000370109 0.999991655 0.004066923 -0.179288045 -0.019846993 -0.004058776 0.999794781 16.186397552
0.999765158 -0.001668563 0.021607334 0.223454118 0.001583420 0.999990940 0.003956941 -0.193530738 -0.021613739 -0.003921799 0.999758720 17.789976120
0.999724805 -0.002062249 0.023368126 0.265843034 0.002017764 0.999996126 0.001927060 -0.206503436 -0.023372009 -0.001879378 0.999725044 19.381023407
0.999684930 -0.001038633 0.025078479 0.316823632 0.000993349 0.999997854 0.001818091 -0.222872585 -0.025080314 -0.001792606 0.999683857 21.005813599
0.999650657 -0.000583810 0.026425030 0.368346453 0.000502577 0.999995112 0.003080646 -0.237696618 -0.026426699 -0.003066289 0.999646068 22.601217270
0.999606490 -0.000199900 0.028051049 0.398596019 0.000105193 0.999994278 0.003377687 -0.264022112 -0.028051563 -0.003373408 0.999600768 24.209308624
0.999578774 -0.000533161 0.029017756 0.454088330 0.000489912 0.999998748 0.001497532 -0.279932797 -0.029018518 -0.001482685 0.999577761 25.812604904
0.999559343 -0.001059894 0.029665498 0.513234794 0.001073694 0.999999344 -0.000449262 -0.296546012 -0.029665001 0.000480916 0.999559760 27.404258728
0.999527633 -0.001100482 0.030713333 0.562496185 0.001120698 0.999999166 -0.000641005 -0.320326746 -0.030712603 0.000675122 0.999528050 29.003471375
0.999510586 -0.001288900 0.031255439 0.626861811 0.001258946 0.999998748 0.000978017 -0.336821795 -0.031256661 -0.000938189 0.999510944 30.606229782
0.999483585 -0.001065166 0.032116096 0.685824454 0.000953509 0.999993443 0.003491781 -0.356658846 -0.032119606 -0.003459355 0.999478042 32.200717926
0.999448478 -0.001434292 0.033177037 0.741304934 0.001278071 0.999988019 0.004729413 -0.371361852 -0.033183422 -0.004684402 0.999438286 33.784244537
0.999418437 -0.001950110 0.034043454 0.802068949 0.001804822 0.999989152 0.004297939 -0.386135399 -0.034051467 -0.004233997 0.999411106 35.359916687
0.999392211 -0.002685132 0.034756232 0.860033572 0.002573818 0.999991417 0.003247062 -0.403024882 -0.034764655 -0.003155632 0.999390543 36.939735413
0.999364972 -0.002088771 0.035570186 0.925617397 0.002023511 0.999996185 0.001870599 -0.423806101 -0.035573956 -0.001797435 0.999365449 38.501636505
0.999325991 -0.001875404 0.036661331 0.986790597 0.001858257 0.999998152 0.000501780 -0.442426831 -0.036662206 -0.000433316 0.999327600 40.058830261
0.999247789 -0.000265144 0.038779233 1.045172691 0.000280543 0.999999881 -0.000391645 -0.464960635 -0.038779125 0.000402229 0.999247730 41.616809845
0.999138534 0.000986991 0.041487247 1.109665275 -0.000962719 0.999999344 -0.000605014 -0.485268533 -0.041487817 0.000564553 0.999138832 43.179100037
0.999054015 0.001393652 0.043463916 1.180008054 -0.001375960 0.999998987 -0.000436952 -0.506909192 -0.043464482 0.000376734 0.999054909 44.730781555
0.998974204 0.001455995 0.045259699 1.247005939 -0.001470693 0.999998868 0.000291461 -0.523729384 -0.045259222 -0.000357725 0.998975217 46.278923035
0.998879433 0.002012327 0.047284100 1.315923691 -0.002100071 0.999996185 0.001806082 -0.539186597 -0.047280286 -0.001903358 0.998879850 47.804534912
0.998767138 0.002046008 0.049597986 1.402166247 -0.002191413 0.999993443 0.002877468 -0.562577128 -0.049591776 -0.002982610 0.998765111 49.358486176
0.998669267 0.002113182 0.051529355 1.495380282 -0.002304832 0.999990642 0.003660091 -0.577175319 -0.051521137 -0.003773987 0.998664796 50.879714966
0.998495221 0.002317541 0.054789618 1.575105667 -0.002501412 0.999991477 0.003287616 -0.597236574 -0.054781534 -0.003419720 0.998492479 52.376804352
0.998367965 0.003021256 0.057028905 1.662018299 -0.003165499 0.999992013 0.002439137 -0.610587418 -0.057021078 -0.002615681 0.998369575 53.893142700
0.998267770 0.001481578 0.058815114 1.760941267 -0.001588408 0.999997199 0.001769673 -0.627656817 -0.058812328 -0.001860030 0.998267353 55.398262024
0.998173535 0.001122856 0.060401581 1.859210730 -0.001204805 0.999998391 0.001320337 -0.647184730 -0.060400002 -0.001390697 0.998173296 56.910686493
0.998081088 0.002222939 0.061881002 1.956079006 -0.002258389 0.999997318 0.000502940 -0.658695102 -0.061879721 -0.000641726 0.998083413 58.421989441
0.997965693 0.002263204 0.063712716 2.053766251 -0.002259647 0.999997437 -0.000127886 -0.680258572 -0.063712835 -0.000016342 0.997968256 59.922050476
0.997863829 0.003584470 0.065230064 2.158889055 -0.003526153 0.999993265 -0.001009139 -0.695568442 -0.065233245 0.000776972 0.997869730 61.420413971
0.997739017 0.003880930 0.067095064 2.255939245 -0.003892760 0.999992430 0.000045578 -0.723079205 -0.067094378 -0.000306660 0.997746587 62.939281464
0.997652352 0.003094780 0.068412326 2.371615410 -0.003223808 0.999993205 0.001775707 -0.732231796 -0.068406366 -0.001992087 0.997655571 64.418579102
0.997524321 0.001424130 0.070307545 2.476480722 -0.001641051 0.999994099 0.003027662 -0.752711356 -0.070302814 -0.003135545 0.997520745 65.929565430
0.997440457 0.001534457 0.071485862 2.601356506 -0.001688448 0.999996364 0.002093774 -0.762580276 -0.071482390 -0.002209115 0.997439444 67.409896851
0.997276545 0.002640211 0.073705606 2.713656187 -0.002699315 0.999996126 0.000702278 -0.775238276 -0.073703468 -0.000899320 0.997279823 68.888938904
0.997037172 0.003174988 0.076855876 2.836119652 -0.003245902 0.999994397 0.000797788 -0.793828309 -0.076852910 -0.001044891 0.997041881 70.408279419
0.996805012 0.003610290 0.079791851 2.964292526 -0.003615465 0.999993443 -0.000079613 -0.807788491 -0.079791620 -0.000209126 0.996811569 71.904197693
0.996547520 0.004502288 0.082902387 3.085472822 -0.004440632 0.999989688 -0.000928087 -0.832107902 -0.082905710 0.000556744 0.996557236 73.379264832
0.996349990 0.004512724 0.085242964 3.213749409 -0.004370255 0.999988735 -0.001857854 -0.852042139 -0.085250385 0.001478539 0.996358454 74.852409363
0.996183753 0.004139023 0.087182537 3.352787018 -0.003978170 0.999990046 -0.002018683 -0.865351319 -0.087190025 0.001664153 0.996190310 76.337646484
0.996039152 0.003455001 0.088848352 3.495061159 -0.003427930 0.999994040 -0.000457268 -0.890663028 -0.088849403 0.000150891 0.996045053 77.819992065
0.995860398 0.001768593 0.090878956 3.629236460 -0.001834107 0.999998093 0.000637382 -0.912227690 -0.090877660 -0.000801425 0.995861769 79.293861389
0.995694518 0.001255348 0.092687137 3.768955946 -0.001291104 0.999999106 0.000325814 -0.932982266 -0.092686646 -0.000444080 0.995695233 80.765235901
0.995585978 0.000618387 0.093852185 3.921546221 -0.000530106 0.999999404 -0.000965567 -0.951803386 -0.093852729 0.000911553 0.995585680 82.252304077
0.995449960 0.000571686 0.095283993 4.056910038 -0.000512211 0.999999642 -0.000648651 -0.968191087 -0.095284335 0.000596894 0.995449901 83.717605591
0.995302618 0.000622062 0.096810922 4.203378201 -0.000781047 0.999998391 0.001604335 -0.996364057 -0.096809775 -0.001672413 0.995301485 85.212501526
0.995172441 -0.000371748 0.098141097 4.344169617 -0.000078715 0.999989510 0.004586036 -1.014325619 -0.098141775 -0.004571622 0.995161951 86.685775757
0.995089233 -0.001164057 0.098975167 4.504976273 0.000589882 0.999982834 0.005830266 -1.032827973 -0.098980248 -0.005743251 0.995072842 88.158630371
0.995008886 -0.001960535 0.099767305 4.662889004 0.001412970 0.999983549 0.005558792 -1.042393923 -0.099776559 -0.005390079 0.994995296 89.628776550
0.994853258 -0.002637362 0.101292081 4.799398422 0.002274727 0.999990582 0.003695428 -1.054531813 -0.101300873 -0.003445997 0.994849861 91.077499390
0.994752705 -0.001668473 0.102295212 4.950410366 0.001461953 0.999996722 0.002093796 -1.067412496 -0.102298371 -0.001933258 0.994751871 92.534118652
0.994620323 -0.001554020 0.103576250 5.102478027 0.001536326 0.999998808 0.000250610 -1.081170440 -0.103576511 -0.000090135 0.994621456 93.999549866
0.994548917 -0.001089810 0.104265079 5.261393547 0.001273267 0.999997735 -0.001692979 -1.101995945 -0.104263000 0.001816508 0.994548082 95.450294495
0.994443476 -0.001543184 0.105260484 5.420623302 0.001894647 0.999992967 -0.003239073 -1.122149229 -0.105254747 0.003420506 0.994439423 96.896156311
0.994366109 -0.001996128 0.105981581 5.576398849 0.002399302 0.999990344 -0.003676828 -1.148908973 -0.105973221 0.003910395 0.994361281 98.339256287
0.994263053 -0.002436011 0.106935009 5.738390923 0.002738532 0.999992669 -0.002682261 -1.168651581 -0.106927685 0.002959718 0.994262397 99.790985107
0.994060695 -0.000724366 0.108824849 5.887269974 0.000879471 0.999998689 -0.001377283 -1.186789632 -0.108823709 0.001464812 0.994059980 101.239028931
0.993735552 -0.001281263 0.111749932 6.054001331 0.001333741 0.999999046 -0.000394842 -1.204837918 -0.111749314 0.000541414 0.993736267 102.669219971
0.993473768 -0.000760056 0.114058107 6.210895538 0.000820677 0.999999523 -0.000484540 -1.225724101 -0.114057690 0.000574982 0.993473947 104.071350098
0.993270695 -0.002316957 0.115792900 6.370038033 0.002370533 0.999997139 -0.000324986 -1.242706299 -0.115791820 0.000597290 0.993273318 105.478591919
0.993201017 -0.004088199 0.116340384 6.540789604 0.004106779 0.999991536 0.000080004 -1.265937805 -0.116339728 0.000398324 0.993209422 106.862503052
0.993107557 -0.004872395 0.117105372 6.708256721 0.004884018 0.999988079 0.000187708 -1.287030101 -0.117104888 0.000385530 0.993119478 108.241935730
0.992948651 -0.003992337 0.118478075 6.866627693 0.003964908 0.999992013 0.000467222 -1.306036830 -0.118478999 0.000005828 0.992956579 109.601562500
0.992827058 -0.003363613 0.119511850 7.025588989 0.003343331 0.999994338 0.000370215 -1.333429456 -0.119512416 0.000032009 0.992832720 110.938446045
0.992644966 -0.002774994 0.121029906 7.186135292 0.002791937 0.999996126 0.000029585 -1.354424834 -0.121029511 0.000308541 0.992648840 112.272216797
0.992381692 -0.001392554 0.123193629 7.350442410 0.001302208 0.999998808 0.000813884 -1.380476356 -0.123194613 -0.000647260 0.992382348 113.593696594
0.992127240 -0.001246472 0.125227690 7.518856525 0.000974506 0.999997020 0.002233005 -1.398338437 -0.125230089 -0.002093390 0.992125511 114.894165039
0.991924047 -0.003466810 0.126785755 7.687224865 0.002830110 0.999982476 0.005201647 -1.419778824 -0.126801565 -0.004800821 0.991916478 116.169929504
0.991729379 -0.005292839 0.128237307 7.855147839 0.004593783 0.999972939 0.005746428 -1.441060305 -0.128264248 -0.005109807 0.991726875 117.448440552
0.991502762 -0.006069981 0.129943818 8.015063286 0.005602891 0.999976456 0.003959834 -1.456814647 -0.129964799 -0.003198125 0.991513431 118.679672241
0.991339684 -0.006481269 0.131162405 8.176025391 0.006196780 0.999977469 0.002577027 -1.483276844 -0.131176159 -0.001741924 0.991357565 119.893737793
0.991104245 -0.006292431 0.132939100 8.336008072 0.006154695 0.999980032 0.001446987 -1.502501249 -0.132945552 -0.000615915 0.991123140 121.092018127
0.990892529 -0.005613855 0.134538203 8.498023033 0.005498244 0.999984145 0.001230856 -1.526159763 -0.134542987 -0.000479922 0.990907669 122.270469666
0.990674853 -0.005230799 0.136146680 8.662416458 0.005232393 0.999986231 0.000346146 -1.542817593 -0.136146620 0.000369455 0.990688622 123.435920715
0.990469277 -0.005756270 0.137613341 8.827830315 0.005773860 0.999983311 0.000271362 -1.564699292 -0.137612596 0.000525784 0.990485966 124.586036682
0.990289688 -0.005338266 0.138916671 8.990052223 0.005342083 0.999985695 0.000345392 -1.586242437 -0.138916522 0.000400066 0.990303993 125.717475891
0.990123451 -0.006619324 0.140041918 9.159207344 0.006701997 0.999977529 -0.000118738 -1.602095604 -0.140037984 0.001056125 0.990145564 126.848182678
0.989923179 -0.006410999 0.141460195 9.311574936 0.006465584 0.999979079 0.000073761 -1.619688034 -0.141457707 0.000841605 0.989943922 127.968666077
0.989747107 -0.006300522 0.142691761 9.468939781 0.006312730 0.999980032 0.000367154 -1.636529565 -0.142691225 0.000537385 0.989767134 129.085845947
0.989607334 -0.006925012 0.143629402 9.630856514 0.006747448 0.999975741 0.001723327 -1.652905822 -0.143637851 -0.000736285 0.989630044 130.179382324
0.989385545 -0.006358057 0.145175040 9.784641266 0.006029280 0.999978185 0.002704566 -1.669781804 -0.145189062 -0.001800557 0.989402294 131.255310059
0.989236712 -0.005211919 0.146231353 9.944667816 0.004866162 0.999984443 0.002722068 -1.679997325 -0.146243259 -0.001981184 0.989246666 132.327346802
0.989106119 -0.004986812 0.147119716 10.106831551 0.004689630 0.999986231 0.002366791 -1.695631385 -0.147129491 -0.001651070 0.989115834 133.379440308
0.988929927 -0.005889231 0.148266330 10.265673637 0.005762168 0.999982595 0.001286522 -1.710233927 -0.148271322 -0.000417944 0.988946617 134.442779541
0.988742590 -0.005747765 0.149515986 10.428967476 0.005771121 0.999983311 0.000277667 -1.723468423 -0.149515092 0.000588333 0.988759279 135.497558594
0.988573611 -0.006778479 0.150586456 10.589625359 0.006889242 0.999976218 -0.000213865 -1.739180565 -0.150581419 0.001248848 0.988596797 136.540267944
0.988447309 -0.006910705 0.151407316 10.758969307 0.006976457 0.999975681 0.000096938 -1.756283402 -0.151404306 0.000960469 0.988471448 137.589263916
0.988329649 -0.007727934 0.152134150 10.926280975 0.007852765 0.999969125 -0.000219708 -1.767632365 -0.152127758 0.001411818 0.988359809 138.627151489
0.988178432 -0.007978243 0.153100401 11.091129303 0.008154063 0.999966621 -0.000520526 -1.781991720 -0.153091148 0.001762763 0.988210499 139.662704468
0.988044739 -0.008129648 0.153952986 11.255832672 0.008471144 0.999962926 -0.001562320 -1.795402050 -0.153934568 0.002847800 0.988076925 140.693008423
0.987905264 -0.007857375 0.154859602 11.421188354 0.008266172 0.999963820 -0.001996029 -1.813070297 -0.154838324 0.003251984 0.987934470 141.720596313
0.987818301 -0.007992408 0.155406177 11.587377548 0.008384513 0.999963105 -0.001867767 -1.828853250 -0.155385509 0.003148019 0.987848878 142.741546631
0.987726450 -0.007963795 0.155990481 11.748196602 0.008436034 0.999961615 -0.002365560 -1.846338511 -0.155965656 0.003652467 0.987755716 143.798553467
0.987691879 -0.007335224 0.156239972 11.917996407 0.007905511 0.999964178 -0.003028983 -1.864051223 -0.156212151 0.004226859 0.987714469 144.809738159
0.987494111 -0.006679318 0.157514200 12.062379837 0.007325677 0.999966979 -0.003523271 -1.882613063 -0.157485470 0.004633108 0.987510443 145.806213379
0.987398565 -0.006558609 0.158117056 12.219051361 0.006971318 0.999973595 -0.002055654 -1.900165081 -0.158099398 0.003132034 0.987418234 146.805252075
0.987235308 -0.006266355 0.159145072 12.375329018 0.006355402 0.999979794 -0.000050572 -1.913712859 -0.159141541 0.001061358 0.987255216 147.792480469
0.987077832 -0.006513209 0.160109296 12.539198875 0.006392037 0.999978781 0.001271833 -1.929167390 -0.160114169 -0.000231974 0.987098455 148.755447388
0.986896813 -0.007837895 0.161162093 12.699043274 0.007562861 0.999968708 0.002319938 -1.941988349 -0.161175236 -0.001070693 0.986925244 149.719863892
0.986672342 -0.008911761 0.162475318 12.857645035 0.008512136 0.999958813 0.003155592 -1.956904173 -0.162496746 -0.001730523 0.986707568 150.649734497
0.986451089 -0.010198384 0.163738295 13.013453484 0.009726826 0.999945939 0.003681446 -1.968644261 -0.163766980 -0.002038912 0.986496925 151.570877075
0.986231565 -0.010639700 0.165027440 13.166656494 0.010259498 0.999942362 0.003156119 -1.978789330 -0.165051520 -0.001419565 0.986283898 152.477661133
0.986034930 -0.011712996 0.166126296 13.321295738 0.011332707 0.999930561 0.003236920 -1.989509463 -0.166152671 -0.001309055 0.986099184 153.387496948
0.985851705 -0.012749503 0.167134419 13.473768234 0.012367265 0.999917984 0.003327675 -1.996209741 -0.167163134 -0.001213598 0.985928476 154.262649536
0.985697210 -0.013153106 0.168011844 13.620615959 0.012627998 0.999911487 0.004193505 -2.016270876 -0.168052122 -0.002011873 0.985776067 155.116973877
0.985556602 -0.012954495 0.168850303 13.765990257 0.012415279 0.999913871 0.004248851 -2.028495073 -0.168890804 -0.002091159 0.985632539 155.956588745
0.985458076 -0.012607192 0.169450343 13.904735565 0.012090043 0.999918580 0.004083405 -2.039720774 -0.169488013 -0.001975362 0.985530257 156.767623901
0.985324383 -0.012649532 0.170222938 14.045432091 0.012242226 0.999919116 0.003442228 -2.044310093 -0.170252725 -0.001307804 0.985399544 157.567077637
0.985193253 -0.011851476 0.171037391 14.183148384 0.011472824 0.999929070 0.003202141 -2.054076672 -0.171063215 -0.001192446 0.985259354 158.348724365
0.985094845 -0.011523430 0.171625763 14.319488525 0.011131829 0.999932766 0.003243970 -2.065830946 -0.171651602 -0.001285109 0.985156894 159.107284546
0.984917462 -0.010732536 0.172691494 14.450506210 0.010352563 0.999941587 0.003100842 -2.077051640 -0.172714695 -0.001266274 0.984971106 159.852569580
0.984784245 -0.010824838 0.173443809 14.582798004 0.010507465 0.999940991 0.002747939 -2.086344242 -0.173463330 -0.000883672 0.984839916 160.565795898
0.984612763 -0.010677200 0.174423978 14.702510834 0.010292659 0.999942183 0.003109088 -2.095363617 -0.174447089 -0.001265961 0.984665751 161.261535645
0.984434187 -0.010862823 0.175417423 14.819530487 0.010424819 0.999939799 0.003418248 -2.105096102 -0.175444007 -0.001536345 0.984488189 161.937622070
0.984263837 -0.010246876 0.176407918 14.938214302 0.009779162 0.999945998 0.003520515 -2.112396955 -0.176434457 -0.001739994 0.984310865 162.588302612
0.983982086 -0.010827924 0.177938357 15.056427956 0.010228966 0.999938488 0.004283162 -2.123734474 -0.177973792 -0.002394429 0.984032333 163.223861694
0.983683467 -0.010826649 0.179581895 15.166196823 0.010222891 0.999938548 0.004287152 -2.132531166 -0.179617286 -0.002381354 0.983733654 163.832931519
0.983420193 -0.010402345 0.181042895 15.273770332 0.009846902 0.999943674 0.003966559 -2.142358303 -0.181073964 -0.002118083 0.983467221 164.424484253
0.983236134 -0.009062327 0.182111368 15.385386467 0.008655357 0.999957979 0.003029385 -2.148531914 -0.182131171 -0.001402362 0.983273268 165.007720947
0.982996404 -0.009288878 0.183389664 15.495099068 0.009097673 0.999956846 0.001883951 -2.157179594 -0.183399245 -0.000183498 0.983038485 165.590133667
0.982787073 -0.009665919 0.184488744 15.604579926 0.009786442 0.999952078 0.000257296 -2.164501190 -0.184482381 0.001552621 0.982834578 166.161026001
0.982554972 -0.009667396 0.185720980 15.710408211 0.009912034 0.999950826 -0.000388753 -2.177591324 -0.185708076 0.002222843 0.982602417 166.726501465
0.982310057 -0.009788306 0.187005669 15.826031685 0.010064914 0.999949217 -0.000529699 -2.183799982 -0.186990976 0.002402525 0.982358694 167.288452148
0.982059121 -0.009055203 0.188355625 15.930946350 0.009425518 0.999954998 -0.001070426 -2.193348408 -0.188337460 0.002826571 0.982100308 167.843185425
0.981860816 -0.008415310 0.189416230 16.041494370 0.008878795 0.999959290 -0.001598458 -2.200633764 -0.189395070 0.003251251 0.981895566 168.407028198
0.981701612 -0.008508737 0.190235376 16.155799866 0.008910296 0.999959528 -0.001255598 -2.208166838 -0.190216988 0.002927676 0.981737733 168.957962036
0.981449246 -0.008340619 0.191540480 16.264234543 0.008794568 0.999960184 -0.001519968 -2.214054108 -0.191520169 0.003176287 0.981483519 169.521057129
0.981299877 -0.008241215 0.192308784 16.383407593 0.008805119 0.999959052 -0.002077825 -2.221665621 -0.192283794 0.003732271 0.981332242 170.078628540
0.981110573 -0.007425265 0.193305328 16.489604950 0.008005551 0.999965489 -0.002220949 -2.226989269 -0.193282157 0.003726512 0.981136143 170.629959106
0.980873227 -0.007342061 0.194509268 16.592811584 0.007995454 0.999964714 -0.002574295 -2.236147642 -0.194483504 0.004080247 0.980897307 171.177993774
0.980712175 -0.008036911 0.195292279 16.713478088 0.008773933 0.999957263 -0.002909148 -2.246717691 -0.195260555 0.004566518 0.980740786 171.726638794
0.980542600 -0.008158462 0.196136937 16.824636459 0.009093062 0.999951184 -0.003865009 -2.248885155 -0.196095839 0.005573292 0.980568886 172.264266968
0.980391502 -0.007908201 0.196900949 16.935174942 0.008832414 0.999953687 -0.003816074 -2.257951021 -0.196861655 0.005480357 0.980415940 172.809036255
0.980225027 -0.007413602 0.197747037 17.044847488 0.008330303 0.999958038 -0.003804256 -2.268192291 -0.197710544 0.005376319 0.980245709 173.343353271
0.980058372 -0.007261501 0.198577002 17.153434753 0.008121367 0.999960840 -0.003516005 -2.275406361 -0.198543683 0.005058606 0.980078995 173.877868652
0.979943216 -0.007900267 0.199120179 17.263645172 0.008735023 0.999956369 -0.003314101 -2.280478239 -0.199085295 0.004986950 0.979969501 174.399307251
0.979829550 -0.008983959 0.199633092 17.382316589 0.009892417 0.999944746 -0.003553614 -2.292442083 -0.199590147 0.005456789 0.979864299 174.936080933
0.979734421 -0.009431011 0.200078845 17.487974167 0.010384376 0.999939203 -0.003716004 -2.300451040 -0.200031623 0.005718391 0.979772747 175.452499390
0.979617119 -0.009221092 0.200662196 17.594190598 0.010164053 0.999941587 -0.003669486 -2.313404560 -0.200616643 0.005634232 0.979653597 175.979461670
0.979510069 -0.008966723 0.201195344 17.698390961 0.009946797 0.999943078 -0.003860802 -2.317723274 -0.201149270 0.005782944 0.979543507 176.492294312
0.979455471 -0.008947126 0.201462016 17.800638199 0.009955285 0.999942482 -0.003991559 -2.325241089 -0.201414719 0.005915166 0.979488194 176.996078491
0.979341924 -0.010065500 0.201960459 17.907728195 0.011035742 0.999932349 -0.003678672 -2.333764315 -0.201909766 0.005831461 0.979386747 177.505187988
0.979304671 -0.010528070 0.202117637 18.013513565 0.011316919 0.999932170 -0.002747683 -2.347614288 -0.202075005 0.004978168 0.979357421 178.007888794
0.979272008 -0.010672938 0.202268213 18.130798340 0.011541032 0.999928534 -0.003112871 -2.352802753 -0.202220544 0.005382732 0.979325235 178.523254395
0.979121387 -0.010498144 0.203005105 18.222026825 0.011439795 0.999928534 -0.003465700 -2.363632441 -0.202954218 0.005715678 0.979171574 179.022232056
0.979144871 -0.010978210 0.202866375 18.331033707 0.011904298 0.999923527 -0.003345366 -2.375329018 -0.202814132 0.005690579 0.979200721 179.514007568
0.979156077 -0.010487597 0.202838406 18.439077377 0.011549249 0.999925077 -0.004051036 -2.378515244 -0.202780724 0.006309228 0.979203820 180.020263672
0.979290426 -0.010579846 0.202183902 18.535997391 0.011760600 0.999920070 -0.004639552 -2.390509844 -0.202118650 0.006921272 0.979336560 180.502655029
0.979367018 -0.010967690 0.201791763 18.653644562 0.012396365 0.999906242 -0.005817532 -2.393375874 -0.201709032 0.008198983 0.979411185 181.033096313
0.979486465 -0.010542270 0.201234028 18.758314133 0.011965536 0.999911249 -0.005857589 -2.398674011 -0.201154411 0.008145302 0.979525685 181.532470703
0.979541183 -0.009823280 0.201003894 18.856571198 0.011302432 0.999916852 -0.006212489 -2.413489342 -0.200926140 0.008357221 0.979570746 182.030029297
0.979565978 -0.009087197 0.200917795 18.958606720 0.010688111 0.999919176 -0.006884648 -2.421528101 -0.200838998 0.008891398 0.979583919 182.535415649
0.979504228 -0.008921929 0.201225922 19.063362122 0.010736877 0.999910891 -0.007929807 -2.429165125 -0.201137245 0.009927817 0.979512751 183.027450562
0.979526103 -0.009198258 0.201106951 19.171281815 0.011126437 0.999902308 -0.008459562 -2.439992905 -0.201009497 0.010523967 0.979532778 183.532226562
0.979491055 -0.009654170 0.201256290 19.274965286 0.011560871 0.999898732 -0.008300750 -2.448475599 -0.201155767 0.010457208 0.979503453 184.034881592
0.979471505 -0.009222507 0.201371491 19.385158539 0.011138208 0.999902844 -0.008382254 -2.456716537 -0.201274619 0.010453097 0.979479074 184.543746948
0.979372680 -0.008944926 0.201864183 19.484546661 0.011005896 0.999898136 -0.009089571 -2.466809988 -0.201762304 0.011123775 0.979371369 185.048080444
0.979315758 -0.009066868 0.202134743 19.595636368 0.011214347 0.999892175 -0.009481281 -2.476585150 -0.202026978 0.011551977 0.979311824 185.574279785
0.979456067 -0.009265196 0.201444626 19.711618423 0.011312033 0.999895394 -0.009011971 -2.488980532 -0.201340064 0.011105577 0.979458451 186.078750610
0.979532003 -0.009843862 0.201047689 19.820930481 0.011855531 0.999890983 -0.008804292 -2.501470804 -0.200939104 0.011007613 0.979541898 186.591918945
0.979501069 -0.009654360 0.201207459 19.935121536 0.011672839 0.999892712 -0.008847750 -2.514505863 -0.201100454 0.011015043 0.979508698 187.118087769
0.979346812 -0.007955478 0.202030897 20.033662796 0.009900370 0.999913871 -0.008618004 -2.518637657 -0.201944932 0.010440195 0.979341209 187.636245728
0.979337335 -0.008729586 0.202045053 20.146455765 0.010483881 0.999916077 -0.007614151 -2.525774956 -0.201961637 0.009575038 0.979346633 188.157180786
0.979338765 -0.008835412 0.202033505 20.256870270 0.010486274 0.999919772 -0.007102346 -2.538654566 -0.201954558 0.009074181 0.979352832 188.675720215
0.979249060 -0.008828827 0.202468216 20.360195160 0.010361208 0.999925137 -0.006509841 -2.548765421 -0.202395588 0.008472571 0.979267180 189.189895630
0.979266405 -0.009573292 0.202350423 20.472557068 0.011065754 0.999919295 -0.006245610 -2.564327717 -0.202274293 0.008355276 0.979293287 189.710586548
0.979307890 -0.007793881 0.202225968 20.584249496 0.009268994 0.999936879 -0.006348399 -2.569089174 -0.202163726 0.008091469 0.979318321 190.218719482
0.979161322 -0.008103140 0.202922255 20.691623688 0.009417095 0.999940455 -0.005510472 -2.585370779 -0.202865526 0.007306580 0.979179323 190.743743896
0.978917420 -0.006901983 0.204139858 20.792892456 0.008298901 0.999947608 -0.005987647 -2.586318254 -0.204087839 0.007555548 0.978923440 191.260574341
0.978581071 -0.006154548 0.205769941 20.898363113 0.007701091 0.999947786 -0.006715822 -2.592715979 -0.205717862 0.008156629 0.978577375 191.778640747
0.978433073 -0.006800636 0.206452101 21.011903763 0.008362085 0.999942660 -0.006691593 -2.614726305 -0.206394762 0.008273645 0.978433847 192.277221680
0.978172958 -0.007583305 0.207654014 21.122474670 0.009260985 0.999931872 -0.007108250 -2.629947186 -0.207585961 0.008876178 0.978176534 192.784927368
0.977983415 -0.006427973 0.208583608 21.244087219 0.008466361 0.999924719 -0.008881194 -2.636456490 -0.208510816 0.010451604 0.977964222 193.297912598
0.977598965 -0.004371332 0.210430995 21.339775085 0.006904589 0.999912262 -0.011305229 -2.638608217 -0.210363105 0.012504919 0.977543354 193.812759399
0.977512896 -0.003750630 0.210842222 21.454986572 0.006433930 0.999906778 -0.012042036 -2.651839733 -0.210777402 0.013127790 0.977445960 194.299560547
0.977294981 -0.003534361 0.211853728 21.562492371 0.006116416 0.999914765 -0.011533822 -2.664298296 -0.211794913 0.012567732 0.977233350 194.786102295
0.976982832 -0.004760056 0.213264793 21.675292969 0.007128914 0.999921143 -0.010339944 -2.675747633 -0.213198751 0.011622294 0.976939738 195.291076660
0.976711929 -0.006259452 0.214463711 21.785722733 0.008286445 0.999929070 -0.008553719 -2.686608553 -0.214394972 0.010131661 0.976694524 195.783813477
0.976466179 -0.007861929 0.215527356 21.898708344 0.009420911 0.999936342 -0.006206973 -2.700539112 -0.215464830 0.008091363 0.976478100 196.266525269
0.976181984 -0.008453878 0.216788575 22.005565643 0.009606612 0.999944746 -0.004264023 -2.710556269 -0.216740549 0.006245066 0.976209283 196.743652344
0.975978553 -0.008313540 0.217707887 22.123781204 0.009254913 0.999951720 -0.003304695 -2.721172571 -0.217669904 0.005240178 0.976008356 197.235412598
0.975835502 -0.007826984 0.218366265 22.234886169 0.008804964 0.999955118 -0.003505871 -2.727056265 -0.218329012 0.005343860 0.975860596 197.714324951
0.975601017 -0.008247381 0.219396159 22.338411331 0.009290571 0.999949932 -0.003723507 -2.736351967 -0.219354451 0.005670973 0.975628734 198.172821045
0.975384355 -0.009505651 0.220306635 22.447683334 0.010555505 0.999937832 -0.003588698 -2.742764473 -0.220258832 0.005825808 0.975424051 198.632934570
0.975225151 -0.010770554 0.220952347 22.558631897 0.011745689 0.999926209 -0.003099907 -2.749410391 -0.220902666 0.005618345 0.975279689 199.090270996
0.975019574 -0.011379864 0.221827373 22.657829285 0.012299300 0.999920547 -0.002763851 -2.759374857 -0.221778303 0.005423131 0.975082040 199.531463623
0.974807382 -0.011863038 0.222732589 22.766855240 0.012645563 0.999917865 -0.002087367 -2.761829853 -0.222689539 0.004851360 0.974877357 199.974472046
0.974610984 -0.011645713 0.223601833 22.860227585 0.012238165 0.999924302 -0.001263941 -2.769503832 -0.223570183 0.003968327 0.974679768 200.389022827
0.974430740 -0.011237504 0.224406898 22.956014633 0.011766776 0.999930263 -0.001021305 -2.781341553 -0.224379763 0.003635736 0.974494994 200.805313110
0.974286139 -0.011073811 0.225042060 23.046003342 0.011725318 0.999930024 -0.001558722 -2.786189556 -0.225009054 0.004157330 0.974347830 201.200439453
0.974113822 -0.011571996 0.225761771 23.140197754 0.012323914 0.999922216 -0.001921490 -2.793680191 -0.225721970 0.004654018 0.974180639 201.589279175
0.973938406 -0.011007437 0.226545334 23.229948044 0.011881876 0.999926269 -0.002496588 -2.795321465 -0.226501152 0.005123307 0.973997414 201.980041504
0.973827064 -0.011794306 0.226983935 23.330999374 0.012853722 0.999912322 -0.003189788 -2.805882692 -0.226926401 0.006023890 0.973893285 202.372070312
0.973673880 -0.012725051 0.227590144 23.424873352 0.013913807 0.999896646 -0.003619551 -2.813078642 -0.227520555 0.006690908 0.973750293 202.751098633
0.973462701 -0.012785934 0.228488222 23.516208649 0.013964998 0.999896228 -0.003544157 -2.818492413 -0.228419200 0.006640942 0.973540246 203.130935669
0.973256588 -0.012855907 0.229360744 23.607372284 0.014005015 0.999896228 -0.003382883 -2.822965384 -0.229293451 0.006504613 0.973335624 203.507141113
0.973072886 -0.013686856 0.230090857 23.696907043 0.014830019 0.999884784 -0.003239638 -2.825680017 -0.230020016 0.006564656 0.973163784 203.874588013
0.972900093 -0.013899485 0.230807766 23.786392212 0.014920150 0.999885082 -0.002677239 -2.833929539 -0.230744034 0.006048372 0.972995698 204.245956421
0.972644687 -0.013388765 0.231911778 23.867181778 0.014338304 0.999894321 -0.002409212 -2.840678930 -0.231855020 0.005668529 0.972733855 204.601867676
0.972418845 -0.012783960 0.232890949 23.955610275 0.013716265 0.999903083 -0.002384087 -2.844958544 -0.232837901 0.005512725 0.972499907 204.969833374
0.972213566 -0.013341186 0.233715206 24.042966843 0.014294698 0.999894977 -0.002386302 -2.847732544 -0.233658820 0.005660883 0.972302198 205.327148438
0.971950352 -0.014115290 0.234762117 24.131917953 0.015127698 0.999882400 -0.002512083 -2.855352402 -0.234699056 0.005993030 0.972049594 205.683578491
0.971782327 -0.013823853 0.235473961 24.226163864 0.015368718 0.999870718 -0.004726565 -2.858362198 -0.235378191 0.008212125 0.971869171 206.049957275
0.971573949 -0.012904915 0.236384422 24.320343018 0.014923936 0.999865830 -0.006753928 -2.859967470 -0.236265540 0.010089726 0.971636176 206.423309326
0.971284568 -0.013110741 0.237559304 24.411258698 0.015358085 0.999853075 -0.007611807 -2.872222900 -0.237424597 0.011041686 0.971343219 206.796279907
0.971049845 -0.012509845 0.238549083 24.508222580 0.014809823 0.999859512 -0.007851587 -2.876761913 -0.238417342 0.011157152 0.971098721 207.193313599
0.970792413 -0.013099642 0.239563242 24.620124817 0.015375905 0.999852657 -0.007635141 -2.880058765 -0.239427909 0.011095638 0.970850766 207.622253418
0.970558047 -0.013634223 0.240481183 24.730134964 0.015952444 0.999843121 -0.007695775 -2.888272285 -0.240338534 0.011305459 0.970623314 208.041900635
0.970304132 -0.014047915 0.241479874 24.844381332 0.016511092 0.999830246 -0.008179775 -2.894086838 -0.241323963 0.011923966 0.970371366 208.488510132
0.970169127 -0.012781805 0.242091849 24.962760925 0.015351189 0.999844074 -0.008729903 -2.895167351 -0.241942510 0.012185881 0.970214069 208.944396973
0.969970345 -0.011981228 0.242927909 25.080158234 0.014772098 0.999844134 -0.009670097 -2.901625156 -0.242774174 0.012968263 0.969996154 209.406112671
0.969707847 -0.011750459 0.243984997 25.203939438 0.014693863 0.999839544 -0.010247270 -2.903566122 -0.243825436 0.013521940 0.969724894 209.889434814
0.969491065 -0.013158339 0.244773149 25.333339691 0.016030408 0.999823987 -0.009745001 -2.917872667 -0.244601846 0.013371505 0.969531417 210.371536255
0.969240606 -0.014125087 0.245709538 25.460693359 0.017021032 0.999808431 -0.009666270 -2.922824383 -0.245525926 0.013551171 0.969295323 210.867477417
0.969022930 -0.015149566 0.246505648 25.588907242 0.018106870 0.999788642 -0.009734495 -2.927321911 -0.246306077 0.013896395 0.969092488 211.373764038
0.968917072 -0.014703249 0.246948510 25.723529816 0.017600203 0.999799728 -0.009527629 -2.937011480 -0.246758968 0.013577826 0.968981743 211.887069702
0.968792200 -0.014640042 0.247441679 25.856964111 0.017367160 0.999810100 -0.008842112 -2.948688030 -0.247265235 0.012863527 0.968862474 212.413131714
0.968729317 -0.013819173 0.247734755 25.996284485 0.016464336 0.999827385 -0.008608793 -2.957444191 -0.247573033 0.012418377 0.968789637 212.946960449
0.968609273 -0.014288312 0.248177186 26.135751724 0.016902979 0.999821782 -0.008407777 -2.962688208 -0.248012826 0.012338785 0.968678176 213.485671997
0.968548000 -0.016125351 0.248303682 26.281543732 0.018767683 0.999789596 -0.008277949 -2.975145102 -0.248117968 0.012677676 0.968646884 214.029739380
0.968447626 -0.015508443 0.248734191 26.426757812 0.018227488 0.999796629 -0.008632020 -2.979306221 -0.248549730 0.012893459 0.968533337 214.579467773
0.968245864 -0.015100311 0.249543518 26.565240860 0.017753709 0.999807239 -0.008385527 -2.986677647 -0.249368787 0.012549574 0.968327284 215.124038696
0.968109429 -0.014420861 0.250112355 26.703628540 0.016933829 0.999825418 -0.007898270 -2.998313665 -0.249954790 0.011881749 0.968184590 215.679351807
0.968009651 -0.015034818 0.250462145 26.844348907 0.017499806 0.999817848 -0.007617530 -3.006212234 -0.250301987 0.011756881 0.968096435 216.230331421
0.968032837 -0.015034913 0.250372380 26.995769501 0.017545084 0.999815702 -0.007796687 -3.019097090 -0.250209004 0.011940253 0.968118191 216.781311035
0.967977762 -0.015353334 0.250565946 27.152956009 0.017932134 0.999807119 -0.008011998 -3.029435635 -0.250394613 0.012248618 0.968066394 217.360519409
0.967859864 -0.014376193 0.251078874 27.300039291 0.017090149 0.999816716 -0.008631992 -3.029312134 -0.250908732 0.012645534 0.967928171 217.946426392
0.967848420 -0.014363127 0.251123786 27.459831238 0.017137805 0.999813855 -0.008865522 -3.040971518 -0.250949711 0.012884192 0.967914402 218.534057617
0.967797458 -0.014449500 0.251315206 27.629547119 0.017483382 0.999798715 -0.009843336 -3.050534487 -0.251122385 0.013920195 0.967855215 219.140457153
0.967516541 -0.014691688 0.252380550 27.789253235 0.017959123 0.999782026 -0.010647665 -3.059734821 -0.252169102 0.014834325 0.967569470 219.753082275
0.967303634 -0.013836077 0.253243506 27.951387405 0.017168013 0.999792635 -0.010951805 -3.074566364 -0.253039479 0.014941408 0.967340589 220.371841431
0.967091024 -0.013685037 0.254062235 28.127523422 0.017165141 0.999786675 -0.011485907 -3.082398415 -0.253850877 0.015468933 0.967119694 221.019393921
0.966935098 -0.013700732 0.254654288 28.310823441 0.017373953 0.999774873 -0.012180579 -3.089516163 -0.254430085 0.016202180 0.966955423 221.664428711
0.966723263 -0.013841653 0.255449802 28.499893188 0.017558001 0.999770522 -0.012273453 -3.098199844 -0.255221277 0.016350219 0.966744423 222.348449707
0.966459513 -0.013592144 0.256459177 28.677560806 0.017019639 0.999792993 -0.011149774 -3.109941721 -0.256254524 0.015140648 0.966490746 223.031784058
0.966299415 -0.013725106 0.257054657 28.872333527 0.016787976 0.999811769 -0.009724349 -3.122707129 -0.256872803 0.013712059 0.966347933 223.724899292
0.966046154 -0.014139163 0.257982314 29.070856094 0.016674284 0.999831796 -0.007641393 -3.136300325 -0.257830888 0.011683609 0.966119409 224.433425903
0.965654135 -0.015622554 0.259360880 29.248115540 0.017647130 0.999829292 -0.005479380 -3.152992725 -0.259230971 0.009868161 0.965764940 225.115280151
0.965407431 -0.016577957 0.260218441 29.441295624 0.018276002 0.999824524 -0.004107086 -3.164452791 -0.260104716 0.008720764 0.965541005 225.799194336
0.965148151 -0.016546352 0.261180490 29.630270004 0.018059028 0.999831140 -0.003392595 -3.180385113 -0.261080235 0.007991021 0.965284050 226.489089966
0.964913845 -0.016341493 0.262057602 29.818786621 0.017864985 0.999834538 -0.003432008 -3.187769175 -0.261958152 0.007993247 0.965046108 227.170806885
0.964679062 -0.016675804 0.262899578 30.008773804 0.018322565 0.999824882 -0.003813288 -3.198638201 -0.262789935 0.008495593 0.964815676 227.848144531
0.964428127 -0.015920172 0.263865352 30.194395065 0.017506856 0.999840021 -0.003662774 -3.209842920 -0.263764828 0.008151934 0.964552581 228.506286621
0.964171529 -0.015226148 0.264842272 30.380199432 0.016819470 0.999851525 -0.003749274 -3.221521378 -0.264745861 0.008069450 0.964284480 229.196090698
0.963910878 -0.014699467 0.265818924 30.561868668 0.016273614 0.999860644 -0.003720189 -3.232137203 -0.265727192 0.007911765 0.964015782 229.848571777
0.963648796 -0.015364707 0.266729981 30.748678207 0.016918136 0.999850631 -0.003526896 -3.241437912 -0.266635954 0.007911264 0.963764846 230.511962891
0.963424504 -0.015768664 0.267515630 30.937021255 0.017182685 0.999848008 -0.002945447 -3.253147840 -0.267428547 0.007434354 0.963549018 231.168701172
0.963075399 -0.016682856 0.268714428 31.115348816 0.017787460 0.999840379 -0.001676399 -3.267704964 -0.268643588 0.006394246 0.963218451 231.821716309
0.962919712 -0.015399438 0.269348174 31.307477951 0.016480876 0.999862671 -0.001754002 -3.275761366 -0.269284159 0.006128057 0.963041246 232.478378296
0.962771237 -0.016396739 0.269819736 31.499467850 0.017352708 0.999848783 -0.001157917 -3.285745621 -0.269759923 0.005796912 0.962910175 233.130142212
0.962555885 -0.018247720 0.270468473 31.683742523 0.018957369 0.999820292 -0.000011409 -3.292985439 -0.270419657 0.005138352 0.962728858 233.775512695
0.962444603 -0.020025019 0.270738691 31.872175217 0.020791305 0.999783814 0.000037719 -3.301413298 -0.270680904 0.005592708 0.962652862 234.440124512
0.962318778 -0.019761449 0.271204799 32.060417175 0.020699844 0.999785542 -0.000599686 -3.312191486 -0.271134794 0.006190985 0.962521493 235.090103149
0.962201953 -0.019429279 0.271642923 32.235462189 0.020526392 0.999788582 -0.001197761 -3.324535131 -0.271562248 0.006728337 0.962397337 235.710449219
0.962126732 -0.018411692 0.271980137 32.419666290 0.019972777 0.999796093 -0.002972293 -3.332140684 -0.271869957 0.008291921 0.962298274 236.361022949
0.962155938 -0.019125547 0.271827519 32.603305817 0.021085287 0.999768496 -0.004290272 -3.347828388 -0.271682531 0.009859472 0.962336421 236.967056274
